2.000000 9.985000 61.045248 60.953680 2.794495 
2.000000 9.975000 61.045248 60.892634 2.794495 
2.000000 9.965000 61.045248 60.831589 2.794495 
2.000000 9.955000 61.045248 60.770544 2.794495 
2.000000 9.945000 61.045248 60.709499 2.794495 
2.000000 9.935000 61.045248 60.648453 2.794495 
2.000000 9.925000 61.045248 60.587408 2.794495 
2.000000 9.915000 61.045248 60.526363 2.794495 
2.000000 9.905000 61.045248 60.465318 2.794495 
2.000000 9.895000 61.045248 60.404272 2.794495 
2.000000 9.885000 61.045248 60.343227 2.794495 
2.000000 9.875000 61.045248 60.282182 2.794495 
2.000000 9.865000 61.045248 60.221137 2.794495 
2.000000 9.855000 61.045248 60.160091 2.794495 
2.000000 9.845000 61.045248 60.099046 2.794495 
2.000000 9.835000 61.045248 60.038001 2.794495 
2.000000 9.825000 61.045248 59.976956 2.794495 
2.000000 9.815000 61.045248 59.915910 2.794495 
2.000000 9.805000 61.045248 59.854865 2.794495 
2.000000 9.795000 61.045248 59.793820 2.794495 
2.000000 9.785000 61.045248 59.732775 2.794495 
2.000000 9.775000 61.045248 59.671729 2.794495 
2.000000 9.765000 61.045248 59.610684 2.794495 
2.000000 9.755000 61.045248 59.549639 2.794495 
2.000000 9.745000 61.045248 59.488594 2.794495 
2.000000 9.735000 61.045248 59.427548 2.794495 
2.000000 9.725000 61.045248 59.366503 2.794495 
2.000000 9.715000 61.045248 59.305458 2.794495 
2.000000 9.705000 61.045248 59.244413 2.794495 
2.000000 9.695000 61.045248 59.183368 2.794495 
2.000000 9.685000 61.045248 59.122322 2.794495 
2.000000 9.675000 61.045248 59.061277 2.794495 
2.000000 9.665000 61.045248 59.000232 2.794495 
2.000000 9.655000 61.045248 58.939187 2.794495 
2.000000 9.645000 61.045248 58.878141 2.794495 
2.000000 9.635000 61.045248 58.817096 2.794495 
2.000000 9.625000 61.045248 58.756051 2.794495 
2.000000 9.615000 61.045248 58.695006 2.794495 
2.000000 9.605000 61.045248 58.633960 2.794495 
2.000000 9.595000 61.045248 58.572915 2.794495 
2.000000 9.585000 61.045248 58.511870 2.794495 
2.000000 9.575000 61.045248 58.450825 2.794495 
2.000000 9.565000 61.045248 58.389779 2.794495 
2.000000 9.555000 61.045248 58.328734 2.794495 
2.000000 9.545000 61.045248 58.267689 2.794495 
2.000000 9.535000 61.045248 58.206644 2.794495 
2.000000 9.525000 61.045248 58.145598 2.794495 
2.000000 9.515000 61.045248 58.084553 2.794495 
2.000000 9.505000 61.045248 58.023508 2.794495 
2.000000 9.495000 61.045248 57.962463 2.794495 
2.000000 9.485000 61.045248 57.901417 2.794495 
2.000000 9.475000 61.045248 57.840372 2.794495 
2.000000 9.465000 61.045248 57.779327 2.794495 
2.000000 9.455000 61.045248 57.718282 2.794495 
2.000000 9.445000 61.045248 57.657236 2.794495 
2.000000 9.435000 61.045248 57.596191 2.794495 
2.000000 9.425000 61.045248 57.535146 2.794495 
2.000000 9.415000 61.045248 57.474101 2.794495 
2.000000 9.405000 61.045248 57.413055 2.794495 
2.000000 9.395000 61.045248 57.352010 2.794495 
2.000000 9.385000 61.045248 57.290965 2.794495 
2.000000 9.375000 61.045248 57.229920 2.794495 
2.000000 9.365000 61.045248 57.168874 2.794495 
2.000000 9.355000 61.045248 57.107829 2.794495 
2.000000 9.345000 61.045248 57.046784 2.794495 
2.000000 9.335000 61.045248 56.985739 2.794495 
2.000000 9.325000 61.045248 56.924693 2.794495 
2.000000 9.315000 61.045248 56.863648 2.794495 
2.000000 9.305000 61.045248 56.802603 2.794495 
2.000000 9.295000 61.045248 56.741558 2.794495 
2.000000 9.285000 61.045248 56.680512 2.794495 
2.000000 9.275000 61.045248 56.619467 2.794495 
2.000000 9.265000 61.045248 56.558422 2.794495 
2.000000 9.255000 61.045248 56.497377 2.794495 
2.000000 9.245000 61.045248 56.436331 2.794495 
2.000000 9.235000 61.045248 56.375286 2.794495 
2.000000 9.225000 61.045248 56.314241 2.794495 
2.000000 9.215000 61.045248 56.253196 2.794495 
2.000000 9.205000 61.045248 56.192150 2.794495 
2.000000 9.195000 61.045248 56.131105 2.794495 
2.000000 9.185000 61.045248 56.070060 2.794495 
2.000000 9.175000 61.045248 56.009015 2.794495 
2.000000 9.165000 61.045248 55.947969 2.794495 
2.000000 9.155000 61.045248 55.886924 2.794495 
2.000000 9.145000 61.045248 55.825879 2.794495 
2.000000 9.135000 61.045248 55.764834 2.794495 
2.000000 9.125000 61.045248 55.703788 2.794495 
2.000000 9.115000 61.045248 55.642743 2.794495 
2.000000 9.105000 61.045248 55.581698 2.794495 
2.000000 9.095000 61.045248 55.520653 2.794495 
2.000000 9.085000 61.045248 55.459607 2.794495 
2.000000 9.075000 61.045248 55.398562 2.794495 
2.000000 9.065000 61.045248 55.337517 2.794495 
2.000000 9.055000 61.045248 55.276472 2.794495 
2.000000 9.045000 61.045248 55.215426 2.794495 
2.000000 9.035000 61.045248 55.154381 2.794495 
2.000000 9.025000 61.045248 55.093336 2.794495 
2.000000 9.015000 61.045248 55.032291 2.794495 
2.000000 9.005000 61.045248 54.971245 2.794495 
2.000000 8.995000 61.045248 54.910200 2.794495 
2.000000 8.985000 61.045248 54.849155 2.794495 
2.000000 8.975000 61.045248 54.788110 2.794495 
2.000000 8.965000 61.045248 54.727064 2.794495 
2.000000 8.955000 61.045248 54.666019 2.794495 
2.000000 8.945000 61.045248 54.604974 2.794495 
2.000000 8.935000 61.045248 54.543929 2.794495 
2.000000 8.925000 61.045248 54.482883 2.794495 
2.000000 8.915000 61.045248 54.421838 2.794495 
2.000000 8.905000 61.045248 54.360793 2.794495 
2.000000 8.895000 61.045248 54.299748 2.794495 
2.000000 8.885000 61.045248 54.238702 2.794495 
2.000000 8.875000 61.045248 54.177657 2.794495 
2.000000 8.865000 61.045248 54.116612 2.794495 
2.000000 8.855000 61.045248 54.055567 2.794495 
2.000000 8.845000 61.045248 53.994521 2.794495 
2.000000 8.835000 61.045248 53.933476 2.794495 
2.000000 8.825000 61.045248 53.872431 2.794495 
2.000000 8.815000 61.045248 53.811386 2.794495 
2.000000 8.805000 61.045248 53.750340 2.794495 
2.000000 8.795000 61.045248 53.689295 2.794495 
2.000000 8.785000 61.045248 53.628250 2.794495 
2.000000 8.775000 61.045248 53.567205 2.794495 
2.000000 8.765000 61.045248 53.506159 2.794495 
2.000000 8.755000 61.045248 53.445114 2.794495 
2.000000 8.745000 61.045248 53.384069 2.794495 
2.000000 8.735000 61.045248 53.323024 2.794495 
2.000000 8.725000 61.045248 53.261978 2.794495 
2.000000 8.715000 61.045248 53.200933 2.794495 
2.000000 8.705000 61.045248 53.139888 2.794495 
2.000000 8.695000 61.045248 53.078843 2.794495 
2.000000 8.685000 61.045248 53.017797 2.794495 
2.000000 8.675000 61.045248 52.956752 2.794495 
2.000000 8.665000 61.045248 52.895707 2.794495 
2.000000 8.655000 61.045248 52.834662 2.794495 
2.000000 8.645000 61.045248 52.773617 2.794495 
2.000000 8.635000 61.045248 52.712571 2.794495 
2.000000 8.625000 61.045248 52.651526 2.794495 
2.000000 8.615000 61.045248 52.590481 2.794495 
2.000000 8.605000 61.045248 52.529436 2.794495 
2.000000 8.595000 61.045248 52.468390 2.794495 
2.000000 8.585000 61.045248 52.407345 2.794495 
2.000000 8.575000 61.045248 52.346300 2.794495 
2.000000 8.565000 61.045248 52.285255 2.794495 
2.000000 8.555000 61.045248 52.224209 2.794495 
2.000000 8.545000 61.045248 52.163164 2.794495 
2.000000 8.535000 61.045248 52.102119 2.794495 
2.000000 8.525000 61.045248 52.041074 2.794495 
2.000000 8.515000 61.045248 51.980028 2.794495 
2.000000 8.505000 61.045248 51.918983 2.794495 
2.000000 8.495000 61.045248 51.857938 2.794495 
2.000000 8.485000 61.045248 51.796893 2.794495 
2.000000 8.475000 61.045248 51.735847 2.794495 
2.000000 8.465000 61.045248 51.674802 2.794495 
2.000000 8.455000 61.045248 51.613757 2.794495 
2.000000 8.445000 61.045248 51.552712 2.794495 
2.000000 8.435000 61.045248 51.491666 2.794495 
2.000000 8.425000 61.045248 51.430621 2.794495 
2.000000 8.415000 61.045248 51.369576 2.794495 
2.000000 8.405000 61.045248 51.308531 2.794495 
2.000000 8.395000 61.045248 51.247485 2.794495 
2.000000 8.385000 61.045248 51.186440 2.794495 
2.000000 8.375000 61.045248 51.125395 2.794495 
2.000000 8.365000 61.045248 51.064350 2.794495 
2.000000 8.355000 61.045248 51.003304 2.794495 
2.000000 8.345000 61.045248 50.942259 2.794495 
2.000000 8.335000 61.045248 50.881214 2.794495 
2.000000 8.325000 61.045248 50.820169 2.794495 
2.000000 8.315000 61.045248 50.759123 2.794495 
2.000000 8.305000 61.045248 50.698078 2.794495 
2.000000 8.295000 61.045248 50.637033 2.794495 
2.000000 8.285000 61.045248 50.575988 2.794495 
2.000000 8.275000 61.045248 50.514942 2.794495 
2.000000 8.265000 61.045248 50.453897 2.794495 
2.000000 8.255000 61.045248 50.392852 2.794495 
2.000000 8.245000 61.045248 50.331807 2.794495 
2.000000 8.235000 61.045248 50.270761 2.794495 
2.000000 8.225000 61.045248 50.209716 2.794495 
2.000000 8.215000 61.045248 50.148671 2.794495 
2.000000 8.205000 61.045248 50.087626 2.794495 
2.000000 8.195000 61.045248 50.026580 2.794495 
2.000000 8.185000 61.045248 49.965535 2.794495 
2.000000 8.175000 61.045248 49.904490 2.794495 
2.000000 8.165000 61.045248 49.843445 2.794495 
2.000000 8.155000 61.045248 49.782399 2.794495 
2.000000 8.145000 61.045248 49.721354 2.794495 
2.000000 8.135000 61.045248 49.660309 2.794495 
2.000000 8.125000 61.045248 49.599264 2.794495 
2.000000 8.115000 61.045248 49.538218 2.794495 
2.000000 8.105000 61.045248 49.477173 2.794495 
2.000000 8.095000 61.045248 49.416128 2.794495 
2.000000 8.085000 61.045248 49.355083 2.794495 
2.000000 8.075000 61.045248 49.294037 2.794495 
2.000000 8.065000 61.045248 49.232992 2.794495 
2.000000 8.055000 61.045248 49.171947 2.794495 
2.000000 8.045000 61.045248 49.110902 2.794495 
2.000000 8.035000 61.045248 49.049856 2.794495 
2.000000 8.025000 61.045248 48.988811 2.794495 
2.000000 8.015000 61.045248 48.927766 2.794495 
2.000000 8.005000 61.045248 48.866721 2.794495 
2.000000 7.995000 61.045248 48.805675 2.794495 
2.000000 7.985000 61.045248 48.744630 2.794495 
2.000000 7.975000 61.045248 48.683585 2.794495 
2.000000 7.965000 61.045248 48.622540 2.794495 
2.000000 7.955000 61.045248 48.561494 2.794495 
2.000000 7.945000 61.045248 48.500449 2.794495 
2.000000 7.935000 61.045248 48.439404 2.794495 
2.000000 7.925000 61.045248 48.378359 2.794495 
2.000000 7.915000 61.045248 48.317313 2.794495 
2.000000 7.905000 61.045248 48.256268 2.794495 
2.000000 7.895000 61.045248 48.195223 2.794495 
2.000000 7.885000 61.045248 48.134178 2.794495 
2.000000 7.875000 61.045248 48.073132 2.794495 
2.000000 7.865000 61.045248 48.012087 2.794495 
2.000000 7.855000 61.045248 47.951042 2.794495 
2.000000 7.845000 61.045248 47.889997 2.794495 
2.000000 7.835000 61.045248 47.828951 2.794495 
2.000000 7.825000 61.045248 47.767906 2.794495 
2.000000 7.815000 61.045248 47.706861 2.794495 
2.000000 7.805000 61.045248 47.645816 2.794495 
2.000000 7.795000 61.045248 47.584770 2.794495 
2.000000 7.785000 61.045248 47.523725 2.794495 
2.000000 7.775000 61.045248 47.462680 2.794495 
2.000000 7.765000 61.045248 47.401635 2.794495 
2.000000 7.755000 61.045248 47.340589 2.794495 
2.000000 7.745000 61.045248 47.279544 2.794495 
2.000000 7.735000 61.045248 47.218499 2.794495 
2.000000 7.725000 61.045248 47.157454 2.794495 
2.000000 7.715000 61.045248 47.096408 2.794495 
2.000000 7.705000 61.045248 47.035363 2.794495 
2.000000 7.695000 61.045248 46.974318 2.794495 
2.000000 7.685000 61.045248 46.913273 2.794495 
2.000000 7.675000 61.045248 46.852227 2.794495 
2.000000 7.665000 61.045248 46.791182 2.794495 
2.000000 7.655000 61.045248 46.730137 2.794495 
2.000000 7.645000 61.045248 46.669092 2.794495 
2.000000 7.635000 61.045248 46.608047 2.794495 
2.000000 7.625000 61.045248 46.547001 2.794495 
2.000000 7.615000 61.045248 46.485956 2.794495 
2.000000 7.605000 61.045248 46.424911 2.794495 
2.000000 7.595000 61.045248 46.363866 2.794495 
2.000000 7.585000 61.045248 46.302820 2.794495 
2.000000 7.575000 61.045248 46.241775 2.794495 
2.000000 7.565000 61.045248 46.180730 2.794495 
2.000000 7.555000 61.045248 46.119685 2.794495 
2.000000 7.545000 61.045248 46.058639 2.794495 
2.000000 7.535000 61.045248 45.997594 2.794495 
2.000000 7.525000 61.045248 45.936549 2.794495 
2.000000 7.515000 61.045248 45.875504 2.794495 
2.000000 7.505000 61.045248 45.814458 2.794495 
2.000000 7.495000 61.045248 45.753413 2.794495 
2.000000 7.485000 61.045248 45.692368 2.794495 
2.000000 7.475000 61.045248 45.631323 2.794495 
2.000000 7.465000 61.045248 45.570277 2.794495 
2.000000 7.455000 61.045248 45.509232 2.794495 
2.000000 7.445000 61.045248 45.448187 2.794495 
2.000000 7.435000 61.045248 45.387142 2.794495 
2.000000 7.425000 61.045248 45.326096 2.794495 
2.000000 7.415000 61.045248 45.265051 2.794495 
2.000000 7.405000 61.045248 45.204006 2.794495 
2.000000 7.395000 61.045248 45.142961 2.794495 
2.000000 7.385000 61.045248 45.081915 2.794495 
2.000000 7.375000 61.045248 45.020870 2.794495 
2.000000 7.365000 61.045248 44.959825 2.794495 
2.000000 7.355000 61.045248 44.898780 2.794495 
2.000000 7.345000 61.045248 44.837734 2.794495 
2.000000 7.335000 61.045248 44.776689 2.794495 
2.000000 7.325000 61.045248 44.715644 2.794495 
2.000000 7.315000 61.045248 44.654599 2.794495 
2.000000 7.305000 61.045248 44.593553 2.794495 
2.000000 7.295000 61.045248 44.532508 2.794495 
2.000000 7.285000 61.045248 44.471463 2.794495 
2.000000 7.275000 61.045248 44.410418 2.794495 
2.000000 7.265000 61.045248 44.349372 2.794495 
2.000000 7.255000 61.045248 44.288327 2.794495 
2.000000 7.245000 61.045248 44.227282 2.794495 
2.000000 7.235000 61.045248 44.166237 2.794495 
2.000000 7.225000 61.045248 44.105191 2.794495 
2.000000 7.215000 61.045248 44.044146 2.794495 
2.000000 7.205000 61.045248 43.983101 2.794495 
2.000000 7.195000 61.045248 43.922056 2.794495 
2.000000 7.185000 61.045248 43.861010 2.794495 
2.000000 7.175000 61.045248 43.799965 2.794495 
2.000000 7.165000 61.045248 43.738920 2.794495 
2.000000 7.155000 61.045248 43.677875 2.794495 
2.000000 7.145000 61.045248 43.616829 2.794495 
2.000000 7.135000 61.045248 43.555784 2.794495 
2.000000 7.125000 61.045248 43.494739 2.794495 
2.000000 7.115000 61.045248 43.433694 2.794495 
2.000000 7.105000 61.045248 43.372648 2.794495 
2.000000 7.095000 61.045248 43.311603 2.794495 
2.000000 7.085000 61.045248 43.250558 2.794495 
2.000000 7.075000 61.045248 43.189513 2.794495 
2.000000 7.065000 61.045248 43.128467 2.794495 
2.000000 7.055000 61.045248 43.067422 2.794495 
2.000000 7.045000 61.045248 43.006377 2.794495 
2.000000 7.035000 61.045248 42.945332 2.794495 
2.000000 7.025000 61.045248 42.884286 2.794495 
2.000000 7.015000 61.045248 42.823241 2.794495 
2.000000 7.005000 61.045248 42.762196 2.794495 
2.000000 6.995000 61.045248 42.701151 2.794495 
2.000000 6.985000 61.045248 42.640105 2.794495 
2.000000 6.975000 61.045248 42.579060 2.794495 
2.000000 6.965000 61.045248 42.518015 2.794495 
2.000000 6.955000 61.045248 42.456970 2.794495 
2.000000 6.945000 61.045248 42.395924 2.794495 
2.000000 6.935000 61.045248 42.334879 2.794495 
2.000000 6.925000 61.045248 42.273834 2.794495 
2.000000 6.915000 61.045248 42.212789 2.794495 
2.000000 6.905000 61.045248 42.151743 2.794495 
2.000000 6.895000 61.045248 42.090698 2.794495 
2.000000 6.885000 61.045248 42.029653 2.794495 
2.000000 6.875000 61.045248 41.968608 2.794495 
2.000000 6.865000 61.045248 41.907562 2.794495 
2.000000 6.855000 61.045248 41.846517 2.794495 
2.000000 6.845000 61.045248 41.785472 2.794495 
2.000000 6.835000 61.045248 41.724427 2.794495 
2.000000 6.825000 61.045248 41.663381 2.794495 
2.000000 6.815000 61.045248 41.602336 2.794495 
2.000000 6.805000 61.045248 41.541291 2.794495 
2.000000 6.795000 61.045248 41.480246 2.794495 
2.000000 6.785000 61.045248 41.419200 2.794495 
2.000000 6.775000 61.045248 41.358155 2.794495 
2.000000 6.765000 61.045248 41.297110 2.794495 
2.000000 6.755000 61.045248 41.236065 2.794495 
2.000000 6.745000 61.045248 41.175019 2.794495 
2.000000 6.735000 61.045248 41.113974 2.794495 
2.000000 6.725000 61.045248 41.052929 2.794495 
2.000000 6.715000 61.045248 40.991884 2.794495 
2.000000 6.705000 61.045248 40.930838 2.794495 
2.000000 6.695000 61.045248 40.869793 2.794495 
2.000000 6.685000 61.045248 40.808748 2.794495 
2.000000 6.675000 61.045248 40.747703 2.794495 
2.000000 6.665000 61.045248 40.686657 2.794495 
2.000000 6.655000 61.045248 40.625612 2.794495 
2.000000 6.645000 61.045248 40.564567 2.794495 
2.000000 6.635000 61.045248 40.503522 2.794495 
2.000000 6.625000 61.045248 40.442477 2.794495 
2.000000 6.615000 61.045248 40.381431 2.794495 
2.000000 6.605000 61.045248 40.320386 2.794495 
2.000000 6.595000 61.045248 40.259341 2.794495 
2.000000 6.585000 61.045248 40.198296 2.794495 
2.000000 6.575000 61.045248 40.137250 2.794495 
2.000000 6.565000 61.045248 40.076205 2.794495 
2.000000 6.555000 61.045248 40.015160 2.794495 
2.000000 6.545000 61.045248 39.954115 2.794495 
2.000000 6.535000 61.045248 39.893069 2.794495 
2.000000 6.525000 61.045248 39.832024 2.794495 
2.000000 6.515000 61.045248 39.770979 2.794495 
2.000000 6.505000 61.045248 39.709934 2.794495 
2.000000 6.495000 61.045248 39.648888 2.794495 
2.000000 6.485000 61.045248 39.587843 2.794495 
2.000000 6.475000 61.045248 39.526798 2.794495 
2.000000 6.465000 61.045248 39.465753 2.794495 
2.000000 6.455000 61.045248 39.404707 2.794495 
2.000000 6.445000 61.045248 39.343662 2.794495 
2.000000 6.435000 61.045248 39.282617 2.794495 
2.000000 6.425000 61.045248 39.221572 2.794495 
2.000000 6.415000 61.045248 39.160526 2.794495 
2.000000 6.405000 61.045248 39.099481 2.794495 
2.000000 6.395000 61.045248 39.038436 2.794495 
2.000000 6.385000 61.045248 38.977391 2.794495 
2.000000 6.375000 61.045248 38.916345 2.794495 
2.000000 6.365000 61.045248 38.855300 2.794495 
2.000000 6.355000 61.045248 38.794255 2.794495 
2.000000 6.345000 61.045248 38.733210 2.794495 
2.000000 6.335000 61.045248 38.672164 2.794495 
2.000000 6.325000 61.045248 38.611119 2.794495 
2.000000 6.315000 61.045248 38.550074 2.794495 
2.000000 6.305000 61.045248 38.489029 2.794495 
2.000000 6.295000 61.045248 38.427983 2.794495 
2.000000 6.285000 61.045248 38.366938 2.794495 
2.000000 6.275000 61.045248 38.305893 2.794495 
2.000000 6.265000 61.045248 38.244848 2.794495 
2.000000 6.255000 61.045248 38.183802 2.794495 
2.000000 6.245000 61.045248 38.122757 2.794495 
2.000000 6.235000 61.045248 38.061712 2.794495 
2.000000 6.225000 61.045248 38.000667 2.794495 
2.000000 6.215000 61.045248 37.939621 2.794495 
2.000000 6.205000 61.045248 37.878576 2.794495 
2.000000 6.195000 61.045248 37.817531 2.794495 
2.000000 6.185000 61.045248 37.756486 2.794495 
2.000000 6.175000 61.045248 37.695440 2.794495 
2.000000 6.165000 61.045248 37.634395 2.794495 
2.000000 6.155000 61.045248 37.573350 2.794495 
2.000000 6.145000 61.045248 37.512305 2.794495 
2.000000 6.135000 61.045248 37.451259 2.794495 
2.000000 6.125000 61.045248 37.390214 2.794495 
2.000000 6.115000 61.045248 37.329169 2.794495 
2.000000 6.105000 61.045248 37.268124 2.794495 
2.000000 6.095000 61.045248 37.207078 2.794495 
2.000000 6.085000 61.045248 37.146033 2.794495 
2.000000 6.075000 61.045248 37.084988 2.794495 
2.000000 6.065000 61.045248 37.023943 2.794495 
2.000000 6.055000 61.045248 36.962897 2.794495 
2.000000 6.045000 61.045248 36.901852 2.794495 
2.000000 6.035000 61.045248 36.840807 2.794495 
2.000000 6.025000 61.045248 36.779762 2.794495 
2.000000 6.015000 61.045248 36.718716 2.794495 
2.000000 6.005000 61.045248 36.657671 2.794495 
2.000000 5.995000 61.045248 36.596626 2.794495 
2.000000 5.985000 61.045248 36.535581 2.794495 
2.000000 5.975000 61.045248 36.474535 2.794495 
2.000000 5.965000 61.045248 36.413490 2.794495 
2.000000 5.955000 61.045248 36.352445 2.794495 
2.000000 5.945000 61.045248 36.291400 2.794495 
2.000000 5.935000 61.045248 36.230354 2.794495 
2.000000 5.925000 61.045248 36.169309 2.794495 
2.000000 5.915000 61.045248 36.108264 2.794495 
2.000000 5.905000 61.045248 36.047219 2.794495 
2.000000 5.895000 61.045248 35.986173 2.794495 
2.000000 5.885000 61.045248 35.925128 2.794495 
2.000000 5.875000 61.045248 35.864083 2.794495 
2.000000 5.865000 61.045248 35.803038 2.794495 
2.000000 5.855000 61.045248 35.741992 2.794495 
2.000000 5.845000 61.045248 35.680947 2.794495 
2.000000 5.835000 61.045248 35.619902 2.794495 
2.000000 5.825000 61.045248 35.558857 2.794495 
2.000000 5.815000 61.045248 35.497811 2.794495 
2.000000 5.805000 61.045248 35.436766 2.794495 
2.000000 5.795000 61.045248 35.375721 2.794495 
2.000000 5.785000 61.045248 35.314676 2.794495 
2.000000 5.775000 61.045248 35.253630 2.794495 
2.000000 5.765000 61.045248 35.192585 2.794495 
2.000000 5.755000 61.045248 35.131540 2.794495 
2.000000 5.745000 61.045248 35.070495 2.794495 
2.000000 5.735000 61.045248 35.009449 2.794495 
2.000000 5.725000 61.045248 34.948404 2.794495 
2.000000 5.715000 61.045248 34.887359 2.794495 
2.000000 5.705000 61.045248 34.826314 2.794495 
2.000000 5.695000 61.045248 34.765268 2.794495 
2.000000 5.685000 61.045248 34.704223 2.794495 
2.000000 5.675000 61.045248 34.643178 2.794495 
2.000000 5.665000 61.045248 34.582133 2.794495 
2.000000 5.655000 61.045248 34.521087 2.794495 
2.000000 5.645000 61.045248 34.460042 2.794495 
2.000000 5.635000 61.045248 34.398997 2.794495 
2.000000 5.625000 61.045248 34.337952 2.794495 
2.000000 5.615000 61.045248 34.276907 2.794495 
2.000000 5.605000 61.045248 34.215861 2.794495 
2.000000 5.595000 61.045248 34.154816 2.794495 
2.000000 5.585000 61.045248 34.093771 2.794495 
2.000000 5.575000 61.045248 34.032726 2.794495 
2.000000 5.565000 61.045248 33.971680 2.794495 
2.000000 5.555000 61.045248 33.910635 2.794495 
2.000000 5.545000 61.045248 33.849590 2.794495 
2.000000 5.535000 61.045248 33.788545 2.794495 
2.000000 5.525000 61.045248 33.727499 2.794495 
2.000000 5.515000 61.045248 33.666454 2.794495 
2.000000 5.505000 61.045248 33.605409 2.794495 
2.000000 5.495000 61.045248 33.544364 2.794495 
2.000000 5.485000 61.045248 33.483318 2.794495 
2.000000 5.475000 61.045248 33.422273 2.794495 
2.000000 5.465000 61.045248 33.361228 2.794495 
2.000000 5.455000 61.045248 33.300183 2.794495 
2.000000 5.445000 61.045248 33.239137 2.794495 
2.000000 5.435000 61.045248 33.178092 2.794495 
2.000000 5.425000 61.045248 33.117047 2.794495 
2.000000 5.415000 61.045248 33.056002 2.794495 
2.000000 5.405000 61.045248 32.994956 2.794495 
2.000000 5.395000 61.045248 32.933911 2.794495 
2.000000 5.385000 61.045248 32.872866 2.794495 
2.000000 5.375000 61.045248 32.811821 2.794495 
2.000000 5.365000 61.045248 32.750775 2.794495 
2.000000 5.355000 61.045248 32.689730 2.794495 
2.000000 5.345000 61.045248 32.628685 2.794495 
2.000000 5.335000 61.045248 32.567640 2.794495 
2.000000 5.325000 61.045248 32.506594 2.794495 
2.000000 5.315000 61.045248 32.445549 2.794495 
2.000000 5.305000 61.045248 32.384504 2.794495 
2.000000 5.295000 61.045248 32.323459 2.794495 
2.000000 5.285000 61.045248 32.262413 2.794495 
2.000000 5.275000 61.045248 32.201368 2.794495 
2.000000 5.265000 61.045248 32.140323 2.794495 
2.000000 5.255000 61.045248 32.079278 2.794495 
2.000000 5.245000 61.045248 32.018232 2.794495 
2.000000 5.235000 61.045248 31.957187 2.794495 
2.000000 5.225000 61.045248 31.896142 2.794495 
2.000000 5.215000 61.045248 31.835097 2.794495 
2.000000 5.205000 61.045248 31.774051 2.794495 
2.000000 5.195000 61.045248 31.713006 2.794495 
2.000000 5.185000 61.045248 31.651961 2.794495 
2.000000 5.175000 61.045248 31.590916 2.794495 
2.000000 5.165000 61.045248 31.529870 2.794495 
2.000000 5.155000 61.045248 31.468825 2.794495 
2.000000 5.145000 61.045248 31.407780 2.794495 
2.000000 5.135000 61.045248 31.346735 2.794495 
2.000000 5.125000 61.045248 31.285689 2.794495 
2.000000 5.115000 61.045248 31.224644 2.794495 
2.000000 5.105000 61.045248 31.163599 2.794495 
2.000000 5.095000 61.045248 31.102554 2.794495 
2.000000 5.085000 61.045248 31.041508 2.794495 
2.000000 5.075000 61.045248 30.980463 2.794495 
2.000000 5.065000 61.045248 30.919418 2.794495 
2.000000 5.055000 61.045248 30.858373 2.794495 
2.000000 5.045000 61.045248 30.797327 2.794495 
2.000000 5.035000 61.045248 30.736282 2.794495 
2.000000 5.025000 61.045248 30.675237 2.794495 
2.000000 5.015000 61.045248 30.614192 2.794495 
2.000000 5.005000 61.045248 30.553146 2.794495 
2.000000 4.995000 61.045248 30.492101 2.794495 
2.000000 4.985000 61.045248 30.431056 2.794495 
2.000000 4.975000 61.045248 30.370011 2.794495 
2.000000 4.965000 61.045248 30.308965 2.794495 
2.000000 4.955000 61.045248 30.247920 2.794495 
2.000000 4.945000 61.045248 30.186875 2.794495 
2.000000 4.935000 61.045248 30.125830 2.794495 
2.000000 4.925000 61.045248 30.064784 2.794495 
2.000000 4.915000 61.045248 30.003739 2.794495 
2.000000 4.905000 61.045248 29.942694 2.794495 
2.000000 4.895000 61.045248 29.881649 2.794495 
2.000000 4.885000 61.045248 29.820603 2.794495 
2.000000 4.875000 61.045248 29.759558 2.794495 
2.000000 4.865000 61.045248 29.698513 2.794495 
2.000000 4.855000 61.045248 29.637468 2.794495 
2.000000 4.845000 61.045248 29.576422 2.794495 
2.000000 4.835000 61.045248 29.515377 2.794495 
2.000000 4.825000 61.045248 29.454332 2.794495 
2.000000 4.815000 61.045248 29.393287 2.794495 
2.000000 4.805000 61.045248 29.332241 2.794495 
2.000000 4.795000 61.045248 29.271196 2.794495 
2.000000 4.785000 61.045248 29.210151 2.794495 
2.000000 4.775000 61.045248 29.149106 2.794495 
2.000000 4.765000 61.045248 29.088060 2.794495 
2.000000 4.755000 61.045248 29.027015 2.794495 
2.000000 4.745000 61.045248 28.965970 2.794495 
2.000000 4.735000 61.045248 28.904925 2.794495 
2.000000 4.725000 61.045248 28.843879 2.794495 
2.000000 4.715000 61.045248 28.782834 2.794495 
2.000000 4.705000 61.045248 28.721789 2.794495 
2.000000 4.695000 61.045248 28.660744 2.794495 
2.000000 4.685000 61.045248 28.599698 2.794495 
2.000000 4.675000 61.045248 28.538653 2.794495 
2.000000 4.665000 61.045248 28.477608 2.794495 
2.000000 4.655000 61.045248 28.416563 2.794495 
2.000000 4.645000 61.045248 28.355517 2.794495 
2.000000 4.635000 61.045248 28.294472 2.794495 
2.000000 4.625000 61.045248 28.233427 2.794495 
2.000000 4.615000 61.045248 28.172382 2.794495 
2.000000 4.605000 61.045248 28.111336 2.794495 
2.000000 4.595000 61.045248 28.050291 2.794495 
2.000000 4.585000 61.045248 27.989246 2.794495 
2.000000 4.575000 61.045248 27.928201 2.794495 
2.000000 4.565000 61.045248 27.867156 2.794495 
2.000000 4.555000 61.045248 27.806110 2.794495 
2.000000 4.545000 61.045248 27.745065 2.794495 
2.000000 4.535000 61.045248 27.684020 2.794495 
2.000000 4.525000 61.045248 27.622975 2.794495 
2.000000 4.515000 61.045248 27.561929 2.794495 
2.000000 4.505000 61.045248 27.500884 2.794495 
2.000000 4.495000 61.045248 27.439839 2.794495 
2.000000 4.485000 61.045248 27.378794 2.794495 
2.000000 4.475000 61.045248 27.317748 2.794495 
2.000000 4.465000 61.045248 27.256703 2.794495 
2.000000 4.455000 61.045248 27.195658 2.794495 
2.000000 4.445000 61.045248 27.134613 2.794495 
2.000000 4.435000 61.045248 27.073567 2.794495 
2.000000 4.425000 61.045248 27.012522 2.794495 
2.000000 4.415000 61.045248 26.951477 2.794495 
2.000000 4.405000 61.045248 26.890432 2.794495 
2.000000 4.395000 61.045248 26.829386 2.794495 
2.000000 4.385000 61.045248 26.768341 2.794495 
2.000000 4.375000 61.045248 26.707296 2.794495 
2.000000 4.365000 61.045248 26.646251 2.794495 
2.000000 4.355000 61.045248 26.585205 2.794495 
2.000000 4.345000 61.045248 26.524160 2.794495 
2.000000 4.335000 61.045248 26.463115 2.794495 
2.000000 4.325000 61.045248 26.402070 2.794495 
2.000000 4.315000 61.045248 26.341024 2.794495 
2.000000 4.305000 61.045248 26.279979 2.794495 
2.000000 4.295000 61.045248 26.218934 2.794495 
2.000000 4.285000 61.045248 26.157889 2.794495 
2.000000 4.275000 61.045248 26.096843 2.794495 
2.000000 4.265000 61.045248 26.035798 2.794495 
2.000000 4.255000 61.045248 25.974753 2.794495 
2.000000 4.245000 61.045248 25.913708 2.794495 
2.000000 4.235000 61.045248 25.852662 2.794495 
2.000000 4.225000 61.045248 25.791617 2.794495 
2.000000 4.215000 61.045248 25.730572 2.794495 
2.000000 4.205000 61.045248 25.669527 2.794495 
2.000000 4.195000 61.045248 25.608481 2.794495 
2.000000 4.185000 61.045248 25.547436 2.794495 
2.000000 4.175000 61.045248 25.486391 2.794495 
2.000000 4.165000 61.045248 25.425346 2.794495 
2.000000 4.155000 61.045248 25.364300 2.794495 
2.000000 4.145000 61.045248 25.303255 2.794495 
2.000000 4.135000 61.045248 25.242210 2.794495 
2.000000 4.125000 61.045248 25.181165 2.794495 
2.000000 4.115000 61.045248 25.120119 2.794495 
2.000000 4.105000 61.045248 25.059074 2.794495 
2.000000 4.095000 61.045248 24.998029 2.794495 
2.000000 4.085000 61.045248 24.936984 2.794495 
2.000000 4.075000 61.045248 24.875938 2.794495 
2.000000 4.065000 61.045248 24.814893 2.794495 
2.000000 4.055000 61.045248 24.753848 2.794495 
2.000000 4.045000 61.045248 24.692803 2.794495 
2.000000 4.035000 61.045248 24.631757 2.794495 
2.000000 4.025000 61.045248 24.570712 2.794495 
2.000000 4.015000 61.045248 24.509667 2.794495 
2.000000 4.005000 61.045248 24.448622 2.794495 
2.000000 3.995000 61.045248 24.387576 2.794495 
2.000000 3.985000 61.045248 24.326531 2.794495 
2.000000 3.975000 61.045248 24.265486 2.794495 
2.000000 3.965000 61.045248 24.204441 2.794495 
2.000000 3.955000 61.045248 24.143395 2.794495 
2.000000 3.945000 61.045248 24.082350 2.794495 
2.000000 3.935000 61.045248 24.021305 2.794495 
2.000000 3.925000 61.045248 23.960260 2.794495 
2.000000 3.915000 61.045248 23.899214 2.794495 
2.000000 3.905000 61.045248 23.838169 2.794495 
2.000000 3.895000 61.045248 23.777124 2.794495 
2.000000 3.885000 61.045248 23.716079 2.794495 
2.000000 3.875000 61.045248 23.655033 2.794495 
2.000000 3.865000 61.045248 23.593988 2.794495 
2.000000 3.855000 61.045248 23.532943 2.794495 
2.000000 3.845000 61.045248 23.471898 2.794495 
2.000000 3.835000 61.045248 23.410852 2.794495 
2.000000 3.825000 61.045248 23.349807 2.794495 
2.000000 3.815000 61.045248 23.288762 2.794495 
2.000000 3.805000 61.045248 23.227717 2.794495 
2.000000 3.795000 61.045248 23.166671 2.794495 
2.000000 3.785000 61.045248 23.105626 2.794495 
2.000000 3.775000 61.045248 23.044581 2.794495 
2.000000 3.765000 61.045248 22.983536 2.794495 
2.000000 3.755000 61.045248 22.922490 2.794495 
2.000000 3.745000 61.045248 22.861445 2.794495 
2.000000 3.735000 61.045248 22.800400 2.794495 
2.000000 3.725000 61.045248 22.739355 2.794495 
2.000000 3.715000 61.045248 22.678309 2.794495 
2.000000 3.705000 61.045248 22.617264 2.794495 
2.000000 3.695000 61.045248 22.556219 2.794495 
2.000000 3.685000 61.045248 22.495174 2.794495 
2.000000 3.675000 61.045248 22.434128 2.794495 
2.000000 3.665000 61.045248 22.373083 2.794495 
2.000000 3.655000 61.045248 22.312038 2.794495 
2.000000 3.645000 61.045248 22.250993 2.794495 
2.000000 3.635000 61.045248 22.189947 2.794495 
2.000000 3.625000 61.045248 22.128902 2.794495 
2.000000 3.615000 61.045248 22.067857 2.794495 
2.000000 3.605000 61.045248 22.006812 2.794495 
2.000000 3.595000 61.045248 21.945766 2.794495 
2.000000 3.585000 61.045248 21.884721 2.794495 
2.000000 3.575000 61.045248 21.823676 2.794495 
2.000000 3.565000 61.045248 21.762631 2.794495 
2.000000 3.555000 61.045248 21.701586 2.794495 
2.000000 3.545000 61.045248 21.640540 2.794495 
2.000000 3.535000 61.045248 21.579495 2.794495 
2.000000 3.525000 61.045248 21.518450 2.794495 
2.000000 3.515000 61.045248 21.457405 2.794495 
2.000000 3.505000 61.045248 21.396359 2.794495 
2.000000 3.495000 61.045248 21.335314 2.794495 
2.000000 3.485000 61.045248 21.274269 2.794495 
2.000000 3.475000 61.045248 21.213224 2.794495 
2.000000 3.465000 61.045248 21.152178 2.794495 
2.000000 3.455000 61.045248 21.091133 2.794495 
2.000000 3.445000 61.045248 21.030088 2.794495 
2.000000 3.435000 61.045248 20.969043 2.794495 
2.000000 3.425000 61.045248 20.907997 2.794495 
2.000000 3.415000 61.045248 20.846952 2.794495 
2.000000 3.405000 61.045248 20.785907 2.794495 
2.000000 3.395000 61.045248 20.724862 2.794495 
2.000000 3.385000 61.045248 20.663816 2.794495 
2.000000 3.375000 61.045248 20.602771 2.794495 
2.000000 3.365000 61.045248 20.541726 2.794495 
2.000000 3.355000 61.045248 20.480681 2.794495 
2.000000 3.345000 61.045248 20.419635 2.794495 
2.000000 3.335000 61.045248 20.358590 2.794495 
2.000000 3.325000 61.045248 20.297545 2.794495 
2.000000 3.315000 61.045248 20.236500 2.794495 
2.000000 3.305000 61.045248 20.175454 2.794495 
2.000000 3.295000 61.045248 20.114409 2.794495 
2.000000 3.285000 61.045248 20.053364 2.794495 
2.000000 3.275000 61.045248 19.992319 2.794495 
2.000000 3.265000 61.045248 19.931273 2.794495 
2.000000 3.255000 61.045248 19.870228 2.794495 
2.000000 3.245000 61.045248 19.809183 2.794495 
2.000000 3.235000 61.045248 19.748138 2.794495 
2.000000 3.225000 61.045248 19.687092 2.794495 
2.000000 3.215000 61.045248 19.626047 2.794495 
2.000000 3.205000 61.045248 19.565002 2.794495 
2.000000 3.195000 61.045248 19.503957 2.794495 
2.000000 3.185000 61.045248 19.442911 2.794495 
2.000000 3.175000 61.045248 19.381866 2.794495 
2.000000 3.165000 61.045248 19.320821 2.794495 
2.000000 3.155000 61.045248 19.259776 2.794495 
2.000000 3.145000 61.045248 19.198730 2.794495 
2.000000 3.135000 61.045248 19.137685 2.794495 
2.000000 3.125000 61.045248 19.076640 2.794495 
2.000000 3.115000 61.045248 19.015595 2.794495 
2.000000 3.105000 61.045248 18.954549 2.794495 
2.000000 3.095000 61.045248 18.893504 2.794495 
2.000000 3.085000 61.045248 18.832459 2.794495 
2.000000 3.075000 61.045248 18.771414 2.794495 
2.000000 3.065000 61.045248 18.710368 2.794495 
2.000000 3.055000 61.045248 18.649323 2.794495 
2.000000 3.045000 61.045248 18.588278 2.794495 
2.000000 3.035000 61.045248 18.527233 2.794495 
2.000000 3.025000 61.045248 18.466187 2.794495 
2.000000 3.015000 61.045248 18.405142 2.794495 
2.000000 3.005000 61.045248 18.344097 2.794495 
2.000000 2.995000 61.045248 18.283052 2.794495 
2.000000 2.985000 61.045248 18.222006 2.794495 
2.000000 2.975000 61.045248 18.160961 2.794495 
2.000000 2.965000 61.045248 18.099916 2.794495 
2.000000 2.955000 61.045248 18.038871 2.794495 
2.000000 2.945000 61.045248 17.977825 2.794495 
2.000000 2.935000 61.045248 17.916780 2.794495 
2.000000 2.925000 61.045248 17.855735 2.794495 
2.000000 2.915000 61.045248 17.794690 2.794495 
2.000000 2.905000 61.045248 17.733644 2.794495 
2.000000 2.895000 61.045248 17.672599 2.794495 
2.000000 2.885000 61.045248 17.611554 2.794495 
2.000000 2.875000 61.045248 17.550509 2.794495 
2.000000 2.865000 61.045248 17.489463 2.794495 
2.000000 2.855000 61.045248 17.428418 2.794495 
2.000000 2.845000 61.045248 17.367373 2.794495 
2.000000 2.835000 61.045248 17.306328 2.794495 
2.000000 2.825000 61.045248 17.245282 2.794495 
2.000000 2.815000 61.045248 17.184237 2.794495 
2.000000 2.805000 61.045248 17.123192 2.794495 
2.000000 2.795000 61.045248 17.062147 2.794495 
1.992882 2.785000 61.045248 17.001101 2.782042 
1.987465 2.775000 61.045248 16.940056 2.772155 
1.981980 2.765000 61.045248 16.879011 2.762316 
1.976428 2.755000 61.045248 16.817966 2.752522 
1.970808 2.745000 61.045248 16.756920 2.742771 
1.965119 2.735000 61.045248 16.695875 2.733062 
1.959362 2.725000 61.045248 16.634830 2.723391 
1.953536 2.715000 61.045248 16.573785 2.713758 
1.947640 2.705000 61.045248 16.512739 2.704160 
1.941676 2.695000 61.045248 16.451694 2.694595 
1.933615 2.685000 61.045248 16.390649 2.681890 
1.927488 2.675000 61.045248 16.329604 2.672396 
1.921291 2.665000 61.045248 16.268558 2.662929 
1.915023 2.655000 61.045248 16.207513 2.653488 
1.908684 2.645000 61.045248 16.146468 2.644070 
1.902274 2.635000 61.045248 16.085423 2.634674 
1.893617 2.625000 61.045248 16.024377 2.622178 
1.887040 2.615000 61.045248 15.963332 2.612827 
1.880391 2.605000 61.045248 15.902287 2.603493 
1.873670 2.595000 61.045248 15.841242 2.594173 
1.866876 2.585000 61.045248 15.780196 2.584867 
1.857703 2.575000 61.045248 15.719151 2.572477 
1.850738 2.565000 61.045248 15.658106 2.563195 
1.843699 2.555000 61.045248 15.597061 2.553922 
1.836586 2.545000 61.045248 15.536016 2.544655 
1.826986 2.535000 61.045248 15.474970 2.532307 
1.819698 2.525000 61.045248 15.413925 2.523049 
1.812335 2.515000 61.045248 15.352880 2.513793 
1.804896 2.505000 61.045248 15.291835 2.504537 
1.794859 2.495000 61.045248 15.230789 2.492193 
1.787242 2.485000 61.045248 15.169744 2.482931 
1.779548 2.475000 61.045248 15.108699 2.473663 
1.771776 2.465000 61.045248 15.047654 2.464389 
1.761292 2.455000 61.045248 14.986608 2.452011 
1.753338 2.445000 61.045248 14.925563 2.442716 
1.745305 2.435000 61.045248 14.864518 2.433410 
1.737192 2.425000 61.045248 14.803473 2.424090 
1.729000 2.415000 61.045248 14.742427 2.414755 
1.717951 2.405000 61.045248 14.681382 2.402284 
1.709571 2.395000 61.045248 14.620337 2.392909 
1.701109 2.385000 61.045248 14.559292 2.383514 
1.692565 2.375000 61.045248 14.498246 2.374099 
1.683939 2.365000 61.045248 14.437201 2.364660 
1.672308 2.355000 61.045248 14.376156 2.352036 
1.663487 2.345000 61.045248 14.315111 2.342537 
1.654583 2.335000 61.045248 14.254065 2.333010 
1.645593 2.325000 61.045248 14.193020 2.323453 
1.636519 2.315000 61.045248 14.131975 2.313865 
1.627358 2.305000 61.045248 14.070930 2.304243 
1.618112 2.295000 61.045248 14.009884 2.294585 
1.608778 2.285000 61.045248 13.948839 2.284891 
1.596196 2.275000 61.045248 13.887794 2.271905 
1.586657 2.265000 61.045248 13.826749 2.262118 
1.577029 2.255000 61.045248 13.765703 2.252288 
1.567311 2.245000 61.045248 13.704658 2.242412 
1.557502 2.235000 61.045248 13.643613 2.232491 
1.547603 2.225000 61.045248 13.582568 2.222520 
1.537612 2.215000 61.045248 13.521522 2.212498 
1.527528 2.205000 61.045248 13.460477 2.202424 
1.517351 2.195000 61.045248 13.399432 2.192295 
1.507080 2.185000 61.045248 13.338387 2.182108 
1.496715 2.175000 61.045248 13.277341 2.171862 
1.489751 2.165000 61.045248 13.216296 2.164998 
1.479226 2.155000 61.045248 13.155251 2.154648 
1.468605 2.145000 61.045248 13.094206 2.144233 
1.457885 2.135000 61.045248 13.033160 2.133750 
1.447067 2.125000 61.045248 12.972115 2.123196 
1.436150 2.115000 61.045248 12.911070 2.112569 
1.425132 2.105000 61.045248 12.850025 2.101867 
1.417731 2.095000 61.045248 12.788979 2.094689 
1.406545 2.085000 61.045248 12.727934 2.083855 
1.395256 2.075000 61.045248 12.666889 2.072937 
1.383863 2.065000 61.045248 12.605844 2.061934 
1.376210 2.055000 61.045248 12.544798 2.054549 
1.364642 2.045000 61.045248 12.483753 2.043395 
1.352968 2.035000 61.045248 12.422708 2.032147 
1.345126 2.025000 61.045248 12.361663 2.024594 
1.333272 2.015000 61.045248 12.300617 2.013181 
1.321310 2.005000 61.045248 12.239572 2.001665 
1.313273 1.995000 61.045248 12.178527 1.993928 
1.301126 1.985000 61.045248 12.117482 1.982231 
1.292965 1.975000 61.045248 12.056436 1.974370 
1.280630 1.965000 61.045248 11.995391 1.962481 
1.272344 1.955000 61.045248 11.934346 1.954489 
1.259817 1.945000 61.045248 11.873301 1.942397 
1.251402 1.935000 61.045248 11.812255 1.934265 
1.238681 1.925000 61.045248 11.751210 1.921958 
1.230134 1.915000 61.045248 11.690165 1.913678 
1.217214 1.905000 61.045248 11.629120 1.901142 
1.208534 1.895000 61.045248 11.568074 1.892705 
1.199799 1.885000 61.045248 11.507029 1.884202 
1.186595 1.875000 61.045248 11.445984 1.871322 
1.177723 1.865000 61.045248 11.384939 1.862648 
1.168795 1.855000 61.045248 11.323893 1.853904 
1.155297 1.845000 61.045248 11.262848 1.840648 
1.146228 1.835000 61.045248 11.201803 1.831717 
1.137101 1.825000 61.045248 11.140758 1.822708 
1.127916 1.815000 61.045248 11.079712 1.813619 
1.118673 1.805000 61.045248 11.018667 1.804447 
1.104697 1.795000 61.045248 10.957622 1.790532 
1.095305 1.785000 61.045248 10.896577 1.781147 
1.085852 1.775000 61.045248 10.835531 1.771671 
1.076339 1.765000 61.045248 10.774486 1.762103 
1.066764 1.755000 61.045248 10.713441 1.752441 
1.057126 1.745000 61.045248 10.652396 1.742681 
1.047427 1.735000 61.045248 10.591350 1.732822 
1.037663 1.725000 61.045248 10.530305 1.722859 
1.027836 1.715000 61.045248 10.469260 1.712791 
1.017944 1.705000 61.045248 10.408215 1.702615 
1.007987 1.695000 61.045248 10.347169 1.692326 
0.997963 1.685000 61.045248 10.286124 1.681923 
0.987873 1.675000 61.045248 10.225079 1.671401 
0.977716 1.665000 61.045248 10.164034 1.660758 
0.967490 1.655000 61.045248 10.102988 1.649989 
0.962351 1.645000 61.045248 10.041943 1.644556 
0.952022 1.635000 61.045248 9.980898 1.633592 
0.941623 1.625000 61.045248 9.919853 1.622492 
0.931153 1.615000 61.045248 9.858807 1.611253 
0.920611 1.605000 61.045248 9.797762 1.599870 
0.915313 1.595000 61.045248 9.736717 1.594123 
0.904662 1.585000 61.045248 9.675672 1.582515 
0.893937 1.575000 61.045248 9.614626 1.570752 
0.888547 1.565000 61.045248 9.553581 1.564810 
0.877710 1.555000 61.045248 9.492536 1.552803 
0.866796 1.545000 61.045248 9.431491 1.540627 
0.861311 1.535000 61.045248 9.370445 1.534474 
0.850281 1.525000 61.045248 9.309400 1.522034 
0.839174 1.515000 61.045248 9.248355 1.509409 
0.833590 1.505000 61.045248 9.187310 1.503025 
0.822362 1.495000 61.045248 9.126265 1.490112 
0.816718 1.485000 61.045248 9.065219 1.483580 
0.805368 1.475000 61.045248 9.004174 1.470362 
0.799663 1.465000 61.045248 8.943129 1.463674 
0.788188 1.455000 61.045248 8.882084 1.450134 
0.782419 1.445000 61.045248 8.821038 1.443281 
0.770817 1.435000 61.045248 8.759993 1.429401 
0.764984 1.425000 61.045248 8.698948 1.422372 
0.753252 1.415000 61.045248 8.637903 1.408132 
0.747353 1.405000 61.045248 8.576857 1.400918 
0.741432 1.395000 61.045248 8.515812 1.393639 
0.729522 1.385000 61.045248 8.454767 1.378883 
0.723533 1.375000 61.045248 8.393722 1.371403 
0.717522 1.365000 61.045248 8.332676 1.363853 
0.705428 1.355000 61.045248 8.271631 1.348538 
0.699347 1.345000 61.045248 8.210586 1.340770 
0.693241 1.335000 61.045248 8.149541 1.332925 
0.680959 1.325000 61.045248 8.088495 1.317001 
0.674781 1.315000 61.045248 8.027450 1.308918 
0.668579 1.305000 61.045248 7.966405 1.300752 
0.662353 1.295000 61.045248 7.905360 1.292500 
0.656101 1.285000 61.045248 7.844314 1.284162 
0.643523 1.275000 61.045248 7.783269 1.267216 
0.637196 1.265000 61.045248 7.722224 1.258604 
0.630843 1.255000 61.045248 7.661179 1.249896 
0.624464 1.245000 61.045248 7.600133 1.241090 
0.618059 1.235000 61.045248 7.539088 1.232184 
0.611627 1.225000 61.045248 7.478043 1.223175 
0.605169 1.215000 61.045248 7.416998 1.214060 
0.598684 1.205000 61.045248 7.355952 1.204837 
0.585633 1.195000 61.045248 7.294907 1.186055 
0.579066 1.185000 61.045248 7.233862 1.176489 
0.572471 1.175000 61.045248 7.172817 1.166804 
0.565848 1.165000 61.045248 7.111771 1.156994 
0.559196 1.155000 61.045248 7.050726 1.147058 
0.552516 1.145000 61.045248 6.989681 1.136991 
0.545806 1.135000 61.045248 6.928636 1.126790 
0.539068 1.125000 61.045248 6.867590 1.116450 
0.532300 1.115000 61.045248 6.806545 1.105968 
0.525502 1.105000 61.045248 6.745500 1.095340 
0.518674 1.095000 61.045248 6.684455 1.084560 
0.518674 1.085000 61.045248 6.623409 1.084560 
0.511815 1.075000 61.045248 6.562364 1.073625 
0.504926 1.065000 61.045248 6.501319 1.062529 
0.498005 1.055000 61.045248 6.440274 1.051268 
0.491053 1.045000 61.045248 6.379228 1.039836 
0.484070 1.035000 61.045248 6.318183 1.028228 
0.477054 1.025000 61.045248 6.257138 1.016437 
0.470005 1.015000 61.045248 6.196093 1.004458 
0.470005 1.005000 61.045248 6.135047 1.004458 
0.462924 0.995000 61.045248 6.074002 0.992285 
0.455810 0.985000 61.045248 6.012957 0.979909 
0.448662 0.975000 61.045248 5.951912 0.967325 
0.441480 0.965000 61.045248 5.890866 0.954525 
0.441480 0.955000 61.045248 5.829821 0.954525 
0.434264 0.945000 61.045248 5.768776 0.941501 
0.427013 0.935000 61.045248 5.707731 0.928244 
0.419727 0.925000 61.045248 5.646685 0.914746 
0.419727 0.915000 61.045248 5.585640 0.914746 
0.412405 0.905000 61.045248 5.524595 0.900997 
0.405048 0.895000 61.045248 5.463550 0.886988 
0.397654 0.885000 61.045248 5.402504 0.872708 
0.397654 0.875000 61.045248 5.341459 0.872708 
0.390223 0.865000 61.045248 5.280414 0.858147 
0.382755 0.855000 61.045248 5.219369 0.843292 
0.382755 0.845000 61.045248 5.158323 0.843292 
0.375250 0.835000 61.045248 5.097278 0.828130 
0.367706 0.825000 61.045248 5.036233 0.812649 
0.367706 0.815000 61.045248 4.975188 0.812649 
0.360124 0.805000 61.045248 4.914142 0.796835 
0.352502 0.795000 61.045248 4.853097 0.780673 
0.352502 0.785000 61.045248 4.792052 0.780673 
0.344842 0.775000 61.045248 4.731007 0.764145 
0.344842 0.765000 61.045248 4.669961 0.764145 
0.337141 0.755000 61.045248 4.608916 0.747236 
0.329399 0.745000 61.045248 4.547871 0.729927 
0.329399 0.735000 61.045248 4.486826 0.729927 
0.321617 0.725000 61.045248 4.425780 0.712198 
0.321617 0.715000 61.045248 4.364735 0.712198 
0.313793 0.705000 61.045248 4.303690 0.694027 
0.313793 0.695000 61.045248 4.242645 0.694027 
0.305927 0.685000 61.045248 4.181599 0.675393 
0.298019 0.675000 61.045248 4.120554 0.656271 
0.298019 0.665000 61.045248 4.059509 0.656271 
0.290067 0.655000 61.045248 3.998464 0.636633 
0.290067 0.645000 61.045248 3.937418 0.636633 
0.282073 0.635000 61.045248 3.876373 0.616452 
0.282073 0.625000 61.045248 3.815328 0.616452 
0.274034 0.615000 61.045248 3.754283 0.595697 
0.274034 0.605000 61.045248 3.693237 0.595697 
0.265951 0.595000 61.045248 3.632192 0.574334 
0.265951 0.585000 61.045248 3.571147 0.574334 
0.265951 0.575000 61.045248 3.510102 0.574334 
0.257824 0.565000 61.045248 3.449056 0.552327 
0.257824 0.555000 61.045248 3.388011 0.552327 
0.249651 0.545000 61.045248 3.326966 0.529636 
0.249651 0.535000 61.045248 3.265921 0.529636 
0.241433 0.525000 61.045248 3.204875 0.506218 
0.241433 0.515000 61.045248 3.143830 0.506218 
0.233169 0.505000 61.045248 3.082785 0.482027 
0.233169 0.495000 61.045248 3.021740 0.482027 
0.233169 0.485000 61.045248 2.960695 0.482027 
0.224858 0.475000 61.045248 2.899649 0.457011 
0.224858 0.465000 61.045248 2.838604 0.457011 
0.216502 0.455000 61.045248 2.777559 0.431114 
0.216502 0.445000 61.045248 2.716514 0.431114 
0.216502 0.435000 61.045248 2.655468 0.431114 
0.208099 0.425000 61.045248 2.594423 0.404274 
0.208099 0.415000 61.045248 2.533378 0.404274 
0.208099 0.405000 61.045248 2.472333 0.404274 
0.199650 0.395000 61.045248 2.411287 0.376425 
0.199650 0.385000 61.045248 2.350242 0.376425 
0.191155 0.375000 61.045248 2.289197 0.347492 
0.191155 0.365000 61.045248 2.228152 0.347492 
0.191155 0.355000 61.045248 2.167106 0.347492 
0.182614 0.345000 61.045248 2.106061 0.317396 
0.182614 0.335000 61.045248 2.045016 0.317396 
0.182614 0.325000 61.045248 1.983971 0.317396 
0.174029 0.315000 61.045248 1.922925 0.286047 
0.174029 0.305000 61.045248 1.861880 0.286047 
0.174029 0.295000 61.045248 1.800835 0.286047 
0.165400 0.285000 61.045248 1.739790 0.253350 
0.165400 0.275000 61.045248 1.678744 0.253350 
0.165400 0.265000 61.045248 1.617699 0.253350 
0.165400 0.255000 61.045248 1.556654 0.253350 
0.156729 0.245000 61.045248 1.495609 0.219201 
0.156729 0.235000 61.045248 1.434563 0.219201 
0.156729 0.225000 61.045248 1.373518 0.219201 
0.148018 0.215000 61.045248 1.312473 0.183486 
0.148018 0.205000 61.045248 1.251428 0.183486 
0.148018 0.195000 61.045248 1.190382 0.183486 
0.148018 0.185000 61.045248 1.129337 0.183486 
0.139271 0.175000 61.045248 1.068292 0.146087 
0.139271 0.165000 61.045248 1.007247 0.146087 
0.139271 0.155000 61.045248 0.946201 0.146087 
0.130491 0.145000 61.045248 0.885156 0.106881 
0.130491 0.135000 61.045248 0.824111 0.106881 
0.130491 0.125000 61.045248 0.763066 0.106881 
0.130491 0.115000 61.045248 0.702020 0.106881 
0.121686 0.105000 61.045248 0.640975 0.065744 
0.121686 0.095000 61.045248 0.579930 0.065744 
0.121686 0.085000 61.045248 0.518885 0.065744 
0.121686 0.075000 61.045248 0.457839 0.065744 
0.112863 0.065000 61.045248 0.396794 0.022562 
0.112863 0.055000 61.045248 0.335749 0.022562 
0.112863 0.045000 61.045248 0.274704 0.022562 
0.112863 0.035000 61.045248 0.213658 0.022562 
0.112863 0.025000 61.045248 0.152613 0.022562 
0.104034 0.015000 61.045248 0.091568 -0.022755 
