2.000000 9.985000 1.222429 1.220596 -0.024504 
2.000000 9.975000 1.222429 1.219373 -0.024504 
2.000000 9.965000 1.222429 1.218151 -0.024504 
2.000000 9.955000 1.222429 1.216928 -0.024504 
2.000000 9.945000 1.222429 1.215706 -0.024504 
2.000000 9.935000 1.222429 1.214483 -0.024504 
2.000000 9.925000 1.222429 1.213261 -0.024504 
2.000000 9.915000 1.222429 1.212039 -0.024504 
2.000000 9.905000 1.222429 1.210816 -0.024504 
2.000000 9.895000 1.222429 1.209594 -0.024504 
2.000000 9.885000 1.222429 1.208371 -0.024504 
2.000000 9.875000 1.222429 1.207149 -0.024504 
2.000000 9.865000 1.222429 1.205926 -0.024504 
2.000000 9.855000 1.222429 1.204704 -0.024504 
2.000000 9.845000 1.222429 1.203482 -0.024504 
2.000000 9.835000 1.222429 1.202259 -0.024504 
2.000000 9.825000 1.222429 1.201037 -0.024504 
2.000000 9.815000 1.222429 1.199814 -0.024504 
2.000000 9.805000 1.222429 1.198592 -0.024504 
2.000000 9.795000 1.222429 1.197369 -0.024504 
2.000000 9.785000 1.222429 1.196147 -0.024504 
2.000000 9.775000 1.222429 1.194925 -0.024504 
2.000000 9.765000 1.222429 1.193702 -0.024504 
2.000000 9.755000 1.222429 1.192480 -0.024504 
2.000000 9.745000 1.222429 1.191257 -0.024504 
2.000000 9.735000 1.222429 1.190035 -0.024504 
2.000000 9.725000 1.222429 1.188812 -0.024504 
2.000000 9.715000 1.222429 1.187590 -0.024504 
2.000000 9.705000 1.222429 1.186368 -0.024504 
2.000000 9.695000 1.222429 1.185145 -0.024504 
2.000000 9.685000 1.222429 1.183923 -0.024504 
2.000000 9.675000 1.222429 1.182700 -0.024504 
2.000000 9.665000 1.222429 1.181478 -0.024504 
2.000000 9.655000 1.222429 1.180255 -0.024504 
2.000000 9.645000 1.222429 1.179033 -0.024504 
2.000000 9.635000 1.222429 1.177811 -0.024504 
2.000000 9.625000 1.222429 1.176588 -0.024504 
2.000000 9.615000 1.222429 1.175366 -0.024504 
2.000000 9.605000 1.222429 1.174143 -0.024504 
2.000000 9.595000 1.222429 1.172921 -0.024504 
2.000000 9.585000 1.222429 1.171698 -0.024504 
2.000000 9.575000 1.222429 1.170476 -0.024504 
2.000000 9.565000 1.222429 1.169254 -0.024504 
2.000000 9.555000 1.222429 1.168031 -0.024504 
2.000000 9.545000 1.222429 1.166809 -0.024504 
2.000000 9.535000 1.222429 1.165586 -0.024504 
2.000000 9.525000 1.222429 1.164364 -0.024504 
2.000000 9.515000 1.222429 1.163141 -0.024504 
2.000000 9.505000 1.222429 1.161919 -0.024504 
2.000000 9.495000 1.222429 1.160697 -0.024504 
2.000000 9.485000 1.222429 1.159474 -0.024504 
2.000000 9.475000 1.222429 1.158252 -0.024504 
2.000000 9.465000 1.222429 1.157029 -0.024504 
2.000000 9.455000 1.222429 1.155807 -0.024504 
2.000000 9.445000 1.222429 1.154584 -0.024504 
2.000000 9.435000 1.222429 1.153362 -0.024504 
2.000000 9.425000 1.222429 1.152140 -0.024504 
2.000000 9.415000 1.222429 1.150917 -0.024504 
2.000000 9.405000 1.222429 1.149695 -0.024504 
2.000000 9.395000 1.222429 1.148472 -0.024504 
2.000000 9.385000 1.222429 1.147250 -0.024504 
2.000000 9.375000 1.222429 1.146027 -0.024504 
2.000000 9.365000 1.222429 1.144805 -0.024504 
2.000000 9.355000 1.222429 1.143582 -0.024504 
2.000000 9.345000 1.222429 1.142360 -0.024504 
2.000000 9.335000 1.222429 1.141138 -0.024504 
2.000000 9.325000 1.222429 1.139915 -0.024504 
2.000000 9.315000 1.222429 1.138693 -0.024504 
2.000000 9.305000 1.222429 1.137470 -0.024504 
2.000000 9.295000 1.222429 1.136248 -0.024504 
2.000000 9.285000 1.222429 1.135025 -0.024504 
2.000000 9.275000 1.222429 1.133803 -0.024504 
2.000000 9.265000 1.222429 1.132581 -0.024504 
2.000000 9.255000 1.222429 1.131358 -0.024504 
2.000000 9.245000 1.222429 1.130136 -0.024504 
2.000000 9.235000 1.222429 1.128913 -0.024504 
2.000000 9.225000 1.222429 1.127691 -0.024504 
2.000000 9.215000 1.222429 1.126468 -0.024504 
2.000000 9.205000 1.222429 1.125246 -0.024504 
2.000000 9.195000 1.222429 1.124024 -0.024504 
2.000000 9.185000 1.222429 1.122801 -0.024504 
2.000000 9.175000 1.222429 1.121579 -0.024504 
2.000000 9.165000 1.222429 1.120356 -0.024504 
2.000000 9.155000 1.222429 1.119134 -0.024504 
2.000000 9.145000 1.222429 1.117911 -0.024504 
2.000000 9.135000 1.222429 1.116689 -0.024504 
2.000000 9.125000 1.222429 1.115467 -0.024504 
2.000000 9.115000 1.222429 1.114244 -0.024504 
2.000000 9.105000 1.222429 1.113022 -0.024504 
2.000000 9.095000 1.222429 1.111799 -0.024504 
2.000000 9.085000 1.222429 1.110577 -0.024504 
2.000000 9.075000 1.222429 1.109354 -0.024504 
2.000000 9.065000 1.222429 1.108132 -0.024504 
2.000000 9.055000 1.222429 1.106910 -0.024504 
2.000000 9.045000 1.222429 1.105687 -0.024504 
2.000000 9.035000 1.222429 1.104465 -0.024504 
2.000000 9.025000 1.222429 1.103242 -0.024504 
2.000000 9.015000 1.222429 1.102020 -0.024504 
2.000000 9.005000 1.222429 1.100797 -0.024504 
2.000000 8.995000 1.222429 1.099575 -0.024504 
2.000000 8.985000 1.222429 1.098353 -0.024504 
2.000000 8.975000 1.222429 1.097130 -0.024504 
2.000000 8.965000 1.222429 1.095908 -0.024504 
2.000000 8.955000 1.222429 1.094685 -0.024504 
2.000000 8.945000 1.222429 1.093463 -0.024504 
2.000000 8.935000 1.222429 1.092240 -0.024504 
2.000000 8.925000 1.222429 1.091018 -0.024504 
2.000000 8.915000 1.222429 1.089796 -0.024504 
2.000000 8.905000 1.222429 1.088573 -0.024504 
2.000000 8.895000 1.222429 1.087351 -0.024504 
2.000000 8.885000 1.222429 1.086128 -0.024504 
2.000000 8.875000 1.222429 1.084906 -0.024504 
2.000000 8.865000 1.222429 1.083683 -0.024504 
2.000000 8.855000 1.222429 1.082461 -0.024504 
2.000000 8.845000 1.222429 1.081239 -0.024504 
2.000000 8.835000 1.222429 1.080016 -0.024504 
2.000000 8.825000 1.222429 1.078794 -0.024504 
2.000000 8.815000 1.222429 1.077571 -0.024504 
2.000000 8.805000 1.222429 1.076349 -0.024504 
2.000000 8.795000 1.222429 1.075126 -0.024504 
2.000000 8.785000 1.222429 1.073904 -0.024504 
2.000000 8.775000 1.222429 1.072682 -0.024504 
2.000000 8.765000 1.222429 1.071459 -0.024504 
2.000000 8.755000 1.222429 1.070237 -0.024504 
2.000000 8.745000 1.222429 1.069014 -0.024504 
2.000000 8.735000 1.222429 1.067792 -0.024504 
2.000000 8.725000 1.222429 1.066569 -0.024504 
2.000000 8.715000 1.222429 1.065347 -0.024504 
2.000000 8.705000 1.222429 1.064125 -0.024504 
2.000000 8.695000 1.222429 1.062902 -0.024504 
2.000000 8.685000 1.222429 1.061680 -0.024504 
2.000000 8.675000 1.222429 1.060457 -0.024504 
2.000000 8.665000 1.222429 1.059235 -0.024504 
2.000000 8.655000 1.222429 1.058012 -0.024504 
2.000000 8.645000 1.222429 1.056790 -0.024504 
2.000000 8.635000 1.222429 1.055568 -0.024504 
2.000000 8.625000 1.222429 1.054345 -0.024504 
2.000000 8.615000 1.222429 1.053123 -0.024504 
2.000000 8.605000 1.222429 1.051900 -0.024504 
2.000000 8.595000 1.222429 1.050678 -0.024504 
2.000000 8.585000 1.222429 1.049455 -0.024504 
2.000000 8.575000 1.222429 1.048233 -0.024504 
2.000000 8.565000 1.222429 1.047011 -0.024504 
2.000000 8.555000 1.222429 1.045788 -0.024504 
2.000000 8.545000 1.222429 1.044566 -0.024504 
2.000000 8.535000 1.222429 1.043343 -0.024504 
2.000000 8.525000 1.222429 1.042121 -0.024504 
2.000000 8.515000 1.222429 1.040898 -0.024504 
2.000000 8.505000 1.222429 1.039676 -0.024504 
2.000000 8.495000 1.222429 1.038454 -0.024504 
2.000000 8.485000 1.222429 1.037231 -0.024504 
2.000000 8.475000 1.222429 1.036009 -0.024504 
2.000000 8.465000 1.222429 1.034786 -0.024504 
2.000000 8.455000 1.222429 1.033564 -0.024504 
2.000000 8.445000 1.222429 1.032341 -0.024504 
2.000000 8.435000 1.222429 1.031119 -0.024504 
2.000000 8.425000 1.222429 1.029897 -0.024504 
2.000000 8.415000 1.222429 1.028674 -0.024504 
2.000000 8.405000 1.222429 1.027452 -0.024504 
2.000000 8.395000 1.222429 1.026229 -0.024504 
2.000000 8.385000 1.222429 1.025007 -0.024504 
2.000000 8.375000 1.222429 1.023784 -0.024504 
2.000000 8.365000 1.222429 1.022562 -0.024504 
2.000000 8.355000 1.222429 1.021340 -0.024504 
2.000000 8.345000 1.222429 1.020117 -0.024504 
2.000000 8.335000 1.222429 1.018895 -0.024504 
2.000000 8.325000 1.222429 1.017672 -0.024504 
2.000000 8.315000 1.222429 1.016450 -0.024504 
2.000000 8.305000 1.222429 1.015227 -0.024504 
2.000000 8.295000 1.222429 1.014005 -0.024504 
2.000000 8.285000 1.222429 1.012783 -0.024504 
2.000000 8.275000 1.222429 1.011560 -0.024504 
2.000000 8.265000 1.222429 1.010338 -0.024504 
2.000000 8.255000 1.222429 1.009115 -0.024504 
2.000000 8.245000 1.222429 1.007893 -0.024504 
2.000000 8.235000 1.222429 1.006670 -0.024504 
2.000000 8.225000 1.222429 1.005448 -0.024504 
2.000000 8.215000 1.222429 1.004226 -0.024504 
2.000000 8.205000 1.222429 1.003003 -0.024504 
2.000000 8.195000 1.222429 1.001781 -0.024504 
2.000000 8.185000 1.222429 1.000558 -0.024504 
2.000000 8.175000 1.222429 0.999336 -0.024504 
2.000000 8.165000 1.222429 0.998113 -0.024504 
2.000000 8.155000 1.222429 0.996891 -0.024504 
2.000000 8.145000 1.222429 0.995669 -0.024504 
2.000000 8.135000 1.222429 0.994446 -0.024504 
2.000000 8.125000 1.222429 0.993224 -0.024504 
2.000000 8.115000 1.222429 0.992001 -0.024504 
2.000000 8.105000 1.222429 0.990779 -0.024504 
2.000000 8.095000 1.222429 0.989556 -0.024504 
2.000000 8.085000 1.222429 0.988334 -0.024504 
2.000000 8.075000 1.222429 0.987112 -0.024504 
2.000000 8.065000 1.222429 0.985889 -0.024504 
2.000000 8.055000 1.222429 0.984667 -0.024504 
2.000000 8.045000 1.222429 0.983444 -0.024504 
2.000000 8.035000 1.222429 0.982222 -0.024504 
2.000000 8.025000 1.222429 0.980999 -0.024504 
2.000000 8.015000 1.222429 0.979777 -0.024504 
2.000000 8.005000 1.222429 0.978555 -0.024504 
2.000000 7.995000 1.222429 0.977332 -0.024504 
2.000000 7.985000 1.222429 0.976110 -0.024504 
2.000000 7.975000 1.222429 0.974887 -0.024504 
2.000000 7.965000 1.222429 0.973665 -0.024504 
2.000000 7.955000 1.222429 0.972442 -0.024504 
2.000000 7.945000 1.222429 0.971220 -0.024504 
2.000000 7.935000 1.222429 0.969998 -0.024504 
2.000000 7.925000 1.222429 0.968775 -0.024504 
2.000000 7.915000 1.222429 0.967553 -0.024504 
2.000000 7.905000 1.222429 0.966330 -0.024504 
2.000000 7.895000 1.222429 0.965108 -0.024504 
2.000000 7.885000 1.222429 0.963885 -0.024504 
2.000000 7.875000 1.222429 0.962663 -0.024504 
2.000000 7.865000 1.222429 0.961441 -0.024504 
2.000000 7.855000 1.222429 0.960218 -0.024504 
2.000000 7.845000 1.222429 0.958996 -0.024504 
2.000000 7.835000 1.222429 0.957773 -0.024504 
2.000000 7.825000 1.222429 0.956551 -0.024504 
2.000000 7.815000 1.222429 0.955328 -0.024504 
2.000000 7.805000 1.222429 0.954106 -0.024504 
2.000000 7.795000 1.222429 0.952884 -0.024504 
2.000000 7.785000 1.222429 0.951661 -0.024504 
2.000000 7.775000 1.222429 0.950439 -0.024504 
2.000000 7.765000 1.222429 0.949216 -0.024504 
2.000000 7.755000 1.222429 0.947994 -0.024504 
2.000000 7.745000 1.222429 0.946771 -0.024504 
2.000000 7.735000 1.222429 0.945549 -0.024504 
2.000000 7.725000 1.222429 0.944327 -0.024504 
2.000000 7.715000 1.222429 0.943104 -0.024504 
2.000000 7.705000 1.222429 0.941882 -0.024504 
2.000000 7.695000 1.222429 0.940659 -0.024504 
2.000000 7.685000 1.222429 0.939437 -0.024504 
2.000000 7.675000 1.222429 0.938214 -0.024504 
2.000000 7.665000 1.222429 0.936992 -0.024504 
2.000000 7.655000 1.222429 0.935770 -0.024504 
2.000000 7.645000 1.222429 0.934547 -0.024504 
2.000000 7.635000 1.222429 0.933325 -0.024504 
2.000000 7.625000 1.222429 0.932102 -0.024504 
2.000000 7.615000 1.222429 0.930880 -0.024504 
2.000000 7.605000 1.222429 0.929657 -0.024504 
2.000000 7.595000 1.222429 0.928435 -0.024504 
2.000000 7.585000 1.222429 0.927213 -0.024504 
2.000000 7.575000 1.222429 0.925990 -0.024504 
2.000000 7.565000 1.222429 0.924768 -0.024504 
2.000000 7.555000 1.222429 0.923545 -0.024504 
2.000000 7.545000 1.222429 0.922323 -0.024504 
2.000000 7.535000 1.222429 0.921100 -0.024504 
2.000000 7.525000 1.222429 0.919878 -0.024504 
2.000000 7.515000 1.222429 0.918656 -0.024504 
2.000000 7.505000 1.222429 0.917433 -0.024504 
2.000000 7.495000 1.222429 0.916211 -0.024504 
2.000000 7.485000 1.222429 0.914988 -0.024504 
2.000000 7.475000 1.222429 0.913766 -0.024504 
2.000000 7.465000 1.222429 0.912543 -0.024504 
2.000000 7.455000 1.222429 0.911321 -0.024504 
2.000000 7.445000 1.222429 0.910099 -0.024504 
2.000000 7.435000 1.222429 0.908876 -0.024504 
2.000000 7.425000 1.222429 0.907654 -0.024504 
2.000000 7.415000 1.222429 0.906431 -0.024504 
2.000000 7.405000 1.222429 0.905209 -0.024504 
2.000000 7.395000 1.222429 0.903986 -0.024504 
2.000000 7.385000 1.222429 0.902764 -0.024504 
2.000000 7.375000 1.222429 0.901542 -0.024504 
2.000000 7.365000 1.222429 0.900319 -0.024504 
2.000000 7.355000 1.222429 0.899097 -0.024504 
2.000000 7.345000 1.222429 0.897874 -0.024504 
2.000000 7.335000 1.222429 0.896652 -0.024504 
2.000000 7.325000 1.222429 0.895429 -0.024504 
2.000000 7.315000 1.222429 0.894207 -0.024504 
2.000000 7.305000 1.222429 0.892985 -0.024504 
2.000000 7.295000 1.222429 0.891762 -0.024504 
2.000000 7.285000 1.222429 0.890540 -0.024504 
2.000000 7.275000 1.222429 0.889317 -0.024504 
2.000000 7.265000 1.222429 0.888095 -0.024504 
2.000000 7.255000 1.222429 0.886872 -0.024504 
2.000000 7.245000 1.222429 0.885650 -0.024504 
2.000000 7.235000 1.222429 0.884428 -0.024504 
2.000000 7.225000 1.222429 0.883205 -0.024504 
2.000000 7.215000 1.222429 0.881983 -0.024504 
2.000000 7.205000 1.222429 0.880760 -0.024504 
2.000000 7.195000 1.222429 0.879538 -0.024504 
2.000000 7.185000 1.222429 0.878315 -0.024504 
2.000000 7.175000 1.222429 0.877093 -0.024504 
2.000000 7.165000 1.222429 0.875871 -0.024504 
2.000000 7.155000 1.222429 0.874648 -0.024504 
2.000000 7.145000 1.222429 0.873426 -0.024504 
2.000000 7.135000 1.222429 0.872203 -0.024504 
2.000000 7.125000 1.222429 0.870981 -0.024504 
2.000000 7.115000 1.222429 0.869758 -0.024504 
2.000000 7.105000 1.222429 0.868536 -0.024504 
2.000000 7.095000 1.222429 0.867314 -0.024504 
2.000000 7.085000 1.222429 0.866091 -0.024504 
2.000000 7.075000 1.222429 0.864869 -0.024504 
2.000000 7.065000 1.222429 0.863646 -0.024504 
2.000000 7.055000 1.222429 0.862424 -0.024504 
2.000000 7.045000 1.222429 0.861201 -0.024504 
2.000000 7.035000 1.222429 0.859979 -0.024504 
2.000000 7.025000 1.222429 0.858756 -0.024504 
2.000000 7.015000 1.222429 0.857534 -0.024504 
2.000000 7.005000 1.222429 0.856312 -0.024504 
2.000000 6.995000 1.222429 0.855089 -0.024504 
2.000000 6.985000 1.222429 0.853867 -0.024504 
2.000000 6.975000 1.222429 0.852644 -0.024504 
2.000000 6.965000 1.222429 0.851422 -0.024504 
2.000000 6.955000 1.222429 0.850199 -0.024504 
2.000000 6.945000 1.222429 0.848977 -0.024504 
2.000000 6.935000 1.222429 0.847755 -0.024504 
2.000000 6.925000 1.222429 0.846532 -0.024504 
2.000000 6.915000 1.222429 0.845310 -0.024504 
2.000000 6.905000 1.222429 0.844087 -0.024504 
2.000000 6.895000 1.222429 0.842865 -0.024504 
2.000000 6.885000 1.222429 0.841642 -0.024504 
2.000000 6.875000 1.222429 0.840420 -0.024504 
2.000000 6.865000 1.222429 0.839198 -0.024504 
2.000000 6.855000 1.222429 0.837975 -0.024504 
2.000000 6.845000 1.222429 0.836753 -0.024504 
2.000000 6.835000 1.222429 0.835530 -0.024504 
2.000000 6.825000 1.222429 0.834308 -0.024504 
2.000000 6.815000 1.222429 0.833085 -0.024504 
2.000000 6.805000 1.222429 0.831863 -0.024504 
2.000000 6.795000 1.222429 0.830641 -0.024504 
2.000000 6.785000 1.222429 0.829418 -0.024504 
2.000000 6.775000 1.222429 0.828196 -0.024504 
2.000000 6.765000 1.222429 0.826973 -0.024504 
2.000000 6.755000 1.222429 0.825751 -0.024504 
2.000000 6.745000 1.222429 0.824528 -0.024504 
2.000000 6.735000 1.222429 0.823306 -0.024504 
2.000000 6.725000 1.222429 0.822084 -0.024504 
2.000000 6.715000 1.222429 0.820861 -0.024504 
2.000000 6.705000 1.222429 0.819639 -0.024504 
2.000000 6.695000 1.222429 0.818416 -0.024504 
2.000000 6.685000 1.222429 0.817194 -0.024504 
2.000000 6.675000 1.222429 0.815971 -0.024504 
2.000000 6.665000 1.222429 0.814749 -0.024504 
2.000000 6.655000 1.222429 0.813527 -0.024504 
2.000000 6.645000 1.222429 0.812304 -0.024504 
2.000000 6.635000 1.222429 0.811082 -0.024504 
2.000000 6.625000 1.222429 0.809859 -0.024504 
2.000000 6.615000 1.222429 0.808637 -0.024504 
2.000000 6.605000 1.222429 0.807414 -0.024504 
2.000000 6.595000 1.222429 0.806192 -0.024504 
2.000000 6.585000 1.222429 0.804970 -0.024504 
2.000000 6.575000 1.222429 0.803747 -0.024504 
2.000000 6.565000 1.222429 0.802525 -0.024504 
2.000000 6.555000 1.222429 0.801302 -0.024504 
2.000000 6.545000 1.222429 0.800080 -0.024504 
2.000000 6.535000 1.222429 0.798857 -0.024504 
2.000000 6.525000 1.222429 0.797635 -0.024504 
2.000000 6.515000 1.222429 0.796413 -0.024504 
2.000000 6.505000 1.222429 0.795190 -0.024504 
2.000000 6.495000 1.222429 0.793968 -0.024504 
2.000000 6.485000 1.222429 0.792745 -0.024504 
2.000000 6.475000 1.222429 0.791523 -0.024504 
2.000000 6.465000 1.222429 0.790300 -0.024504 
2.000000 6.455000 1.222429 0.789078 -0.024504 
2.000000 6.445000 1.222429 0.787856 -0.024504 
2.000000 6.435000 1.222429 0.786633 -0.024504 
2.000000 6.425000 1.222429 0.785411 -0.024504 
2.000000 6.415000 1.222429 0.784188 -0.024504 
2.000000 6.405000 1.222429 0.782966 -0.024504 
2.000000 6.395000 1.222429 0.781743 -0.024504 
2.000000 6.385000 1.222429 0.780521 -0.024504 
2.000000 6.375000 1.222429 0.779299 -0.024504 
2.000000 6.365000 1.222429 0.778076 -0.024504 
2.000000 6.355000 1.222429 0.776854 -0.024504 
2.000000 6.345000 1.222429 0.775631 -0.024504 
2.000000 6.335000 1.222429 0.774409 -0.024504 
2.000000 6.325000 1.222429 0.773186 -0.024504 
2.000000 6.315000 1.222429 0.771964 -0.024504 
2.000000 6.305000 1.222429 0.770742 -0.024504 
2.000000 6.295000 1.222429 0.769519 -0.024504 
2.000000 6.285000 1.222429 0.768297 -0.024504 
2.000000 6.275000 1.222429 0.767074 -0.024504 
2.000000 6.265000 1.222429 0.765852 -0.024504 
2.000000 6.255000 1.222429 0.764629 -0.024504 
2.000000 6.245000 1.222429 0.763407 -0.024504 
2.000000 6.235000 1.222429 0.762185 -0.024504 
2.000000 6.225000 1.222429 0.760962 -0.024504 
2.000000 6.215000 1.222429 0.759740 -0.024504 
2.000000 6.205000 1.222429 0.758517 -0.024504 
2.000000 6.195000 1.222429 0.757295 -0.024504 
2.000000 6.185000 1.222429 0.756072 -0.024504 
2.000000 6.175000 1.222429 0.754850 -0.024504 
2.000000 6.165000 1.222429 0.753628 -0.024504 
2.000000 6.155000 1.222429 0.752405 -0.024504 
2.000000 6.145000 1.222429 0.751183 -0.024504 
2.000000 6.135000 1.222429 0.749960 -0.024504 
2.000000 6.125000 1.222429 0.748738 -0.024504 
2.000000 6.115000 1.222429 0.747515 -0.024504 
2.000000 6.105000 1.222429 0.746293 -0.024504 
2.000000 6.095000 1.222429 0.745071 -0.024504 
2.000000 6.085000 1.222429 0.743848 -0.024504 
2.000000 6.075000 1.222429 0.742626 -0.024504 
2.000000 6.065000 1.222429 0.741403 -0.024504 
2.000000 6.055000 1.222429 0.740181 -0.024504 
2.000000 6.045000 1.222429 0.738958 -0.024504 
2.000000 6.035000 1.222429 0.737736 -0.024504 
2.000000 6.025000 1.222429 0.736514 -0.024504 
2.000000 6.015000 1.222429 0.735291 -0.024504 
2.000000 6.005000 1.222429 0.734069 -0.024504 
2.000000 5.995000 1.222429 0.732846 -0.024504 
2.000000 5.985000 1.222429 0.731624 -0.024504 
2.000000 5.975000 1.222429 0.730401 -0.024504 
2.000000 5.965000 1.222429 0.729179 -0.024504 
2.000000 5.955000 1.222429 0.727957 -0.024504 
2.000000 5.945000 1.222429 0.726734 -0.024504 
2.000000 5.935000 1.222429 0.725512 -0.024504 
2.000000 5.925000 1.222429 0.724289 -0.024504 
2.000000 5.915000 1.222429 0.723067 -0.024504 
2.000000 5.905000 1.222429 0.721844 -0.024504 
2.000000 5.895000 1.222429 0.720622 -0.024504 
2.000000 5.885000 1.222429 0.719400 -0.024504 
2.000000 5.875000 1.222429 0.718177 -0.024504 
2.000000 5.865000 1.222429 0.716955 -0.024504 
2.000000 5.855000 1.222429 0.715732 -0.024504 
2.000000 5.845000 1.222429 0.714510 -0.024504 
2.000000 5.835000 1.222429 0.713287 -0.024504 
2.000000 5.825000 1.222429 0.712065 -0.024504 
2.000000 5.815000 1.222429 0.710843 -0.024504 
2.000000 5.805000 1.222429 0.709620 -0.024504 
2.000000 5.795000 1.222429 0.708398 -0.024504 
2.000000 5.785000 1.222429 0.707175 -0.024504 
2.000000 5.775000 1.222429 0.705953 -0.024504 
2.000000 5.765000 1.222429 0.704730 -0.024504 
2.000000 5.755000 1.222429 0.703508 -0.024504 
2.000000 5.745000 1.222429 0.702286 -0.024504 
2.000000 5.735000 1.222429 0.701063 -0.024504 
2.000000 5.725000 1.222429 0.699841 -0.024504 
2.000000 5.715000 1.222429 0.698618 -0.024504 
2.000000 5.705000 1.222429 0.697396 -0.024504 
2.000000 5.695000 1.222429 0.696173 -0.024504 
2.000000 5.685000 1.222429 0.694951 -0.024504 
2.000000 5.675000 1.222429 0.693729 -0.024504 
2.000000 5.665000 1.222429 0.692506 -0.024504 
2.000000 5.655000 1.222429 0.691284 -0.024504 
2.000000 5.645000 1.222429 0.690061 -0.024504 
2.000000 5.635000 1.222429 0.688839 -0.024504 
2.000000 5.625000 1.222429 0.687616 -0.024504 
2.000000 5.615000 1.222429 0.686394 -0.024504 
2.000000 5.605000 1.222429 0.685172 -0.024504 
2.000000 5.595000 1.222429 0.683949 -0.024504 
2.000000 5.585000 1.222429 0.682727 -0.024504 
2.000000 5.575000 1.222429 0.681504 -0.024504 
2.000000 5.565000 1.222429 0.680282 -0.024504 
2.000000 5.555000 1.222429 0.679059 -0.024504 
2.000000 5.545000 1.222429 0.677837 -0.024504 
2.000000 5.535000 1.222429 0.676615 -0.024504 
2.000000 5.525000 1.222429 0.675392 -0.024504 
2.000000 5.515000 1.222429 0.674170 -0.024504 
2.000000 5.505000 1.222429 0.672947 -0.024504 
2.000000 5.495000 1.222429 0.671725 -0.024504 
2.000000 5.485000 1.222429 0.670502 -0.024504 
2.000000 5.475000 1.222429 0.669280 -0.024504 
2.000000 5.465000 1.222429 0.668058 -0.024504 
2.000000 5.455000 1.222429 0.666835 -0.024504 
2.000000 5.445000 1.222429 0.665613 -0.024504 
2.000000 5.435000 1.222429 0.664390 -0.024504 
2.000000 5.425000 1.222429 0.663168 -0.024504 
2.000000 5.415000 1.222429 0.661945 -0.024504 
2.000000 5.405000 1.222429 0.660723 -0.024504 
2.000000 5.395000 1.222429 0.659501 -0.024504 
2.000000 5.385000 1.222429 0.658278 -0.024504 
2.000000 5.375000 1.222429 0.657056 -0.024504 
2.000000 5.365000 1.222429 0.655833 -0.024504 
2.000000 5.355000 1.222429 0.654611 -0.024504 
2.000000 5.345000 1.222429 0.653388 -0.024504 
2.000000 5.335000 1.222429 0.652166 -0.024504 
2.000000 5.325000 1.222429 0.650944 -0.024504 
2.000000 5.315000 1.222429 0.649721 -0.024504 
2.000000 5.305000 1.222429 0.648499 -0.024504 
2.000000 5.295000 1.222429 0.647276 -0.024504 
2.000000 5.285000 1.222429 0.646054 -0.024504 
2.000000 5.275000 1.222429 0.644831 -0.024504 
2.000000 5.265000 1.222429 0.643609 -0.024504 
2.000000 5.255000 1.222429 0.642387 -0.024504 
2.000000 5.245000 1.222429 0.641164 -0.024504 
2.000000 5.235000 1.222429 0.639942 -0.024504 
2.000000 5.225000 1.222429 0.638719 -0.024504 
2.000000 5.215000 1.222429 0.637497 -0.024504 
2.000000 5.205000 1.222429 0.636274 -0.024504 
2.000000 5.195000 1.222429 0.635052 -0.024504 
2.000000 5.185000 1.222429 0.633830 -0.024504 
2.000000 5.175000 1.222429 0.632607 -0.024504 
2.000000 5.165000 1.222429 0.631385 -0.024504 
2.000000 5.155000 1.222429 0.630162 -0.024504 
2.000000 5.145000 1.222429 0.628940 -0.024504 
2.000000 5.135000 1.222429 0.627717 -0.024504 
2.000000 5.125000 1.222429 0.626495 -0.024504 
2.000000 5.115000 1.222429 0.625273 -0.024504 
2.000000 5.105000 1.222429 0.624050 -0.024504 
2.000000 5.095000 1.222429 0.622828 -0.024504 
2.000000 5.085000 1.222429 0.621605 -0.024504 
2.000000 5.075000 1.222429 0.620383 -0.024504 
2.000000 5.065000 1.222429 0.619160 -0.024504 
2.000000 5.055000 1.222429 0.617938 -0.024504 
2.000000 5.045000 1.222429 0.616716 -0.024504 
2.000000 5.035000 1.222429 0.615493 -0.024504 
2.000000 5.025000 1.222429 0.614271 -0.024504 
2.000000 5.015000 1.222429 0.613048 -0.024504 
2.000000 5.005000 1.222429 0.611826 -0.024504 
2.000000 4.995000 1.222429 0.610603 -0.024504 
2.000000 4.985000 1.222429 0.609381 -0.024504 
2.000000 4.975000 1.222429 0.608159 -0.024504 
2.000000 4.965000 1.222429 0.606936 -0.024504 
2.000000 4.955000 1.222429 0.605714 -0.024504 
2.000000 4.945000 1.222429 0.604491 -0.024504 
2.000000 4.935000 1.222429 0.603269 -0.024504 
2.000000 4.925000 1.222429 0.602046 -0.024504 
2.000000 4.915000 1.222429 0.600824 -0.024504 
2.000000 4.905000 1.222429 0.599602 -0.024504 
2.000000 4.895000 1.222429 0.598379 -0.024504 
2.000000 4.885000 1.222429 0.597157 -0.024504 
2.000000 4.875000 1.222429 0.595934 -0.024504 
2.000000 4.865000 1.222429 0.594712 -0.024504 
2.000000 4.855000 1.222429 0.593489 -0.024504 
2.000000 4.845000 1.222429 0.592267 -0.024504 
2.000000 4.835000 1.222429 0.591045 -0.024504 
2.000000 4.825000 1.222429 0.589822 -0.024504 
2.000000 4.815000 1.222429 0.588600 -0.024504 
2.000000 4.805000 1.222429 0.587377 -0.024504 
2.000000 4.795000 1.222429 0.586155 -0.024504 
2.000000 4.785000 1.222429 0.584932 -0.024504 
2.000000 4.775000 1.222429 0.583710 -0.024504 
2.000000 4.765000 1.222429 0.582488 -0.024504 
2.000000 4.755000 1.222429 0.581265 -0.024504 
2.000000 4.745000 1.222429 0.580043 -0.024504 
2.000000 4.735000 1.222429 0.578820 -0.024504 
2.000000 4.725000 1.222429 0.577598 -0.024504 
2.000000 4.715000 1.222429 0.576375 -0.024504 
2.000000 4.705000 1.222429 0.575153 -0.024504 
2.000000 4.695000 1.222429 0.573930 -0.024504 
2.000000 4.685000 1.222429 0.572708 -0.024504 
2.000000 4.675000 1.222429 0.571486 -0.024504 
2.000000 4.665000 1.222429 0.570263 -0.024504 
2.000000 4.655000 1.222429 0.569041 -0.024504 
2.000000 4.645000 1.222429 0.567818 -0.024504 
2.000000 4.635000 1.222429 0.566596 -0.024504 
2.000000 4.625000 1.222429 0.565373 -0.024504 
2.000000 4.615000 1.222429 0.564151 -0.024504 
2.000000 4.605000 1.222429 0.562929 -0.024504 
2.000000 4.595000 1.222429 0.561706 -0.024504 
2.000000 4.585000 1.222429 0.560484 -0.024504 
2.000000 4.575000 1.222429 0.559261 -0.024504 
2.000000 4.565000 1.222429 0.558039 -0.024504 
2.000000 4.555000 1.222429 0.556816 -0.024504 
2.000000 4.545000 1.222429 0.555594 -0.024504 
2.000000 4.535000 1.222429 0.554372 -0.024504 
2.000000 4.525000 1.222429 0.553149 -0.024504 
2.000000 4.515000 1.222429 0.551927 -0.024504 
2.000000 4.505000 1.222429 0.550704 -0.024504 
2.000000 4.495000 1.222429 0.549482 -0.024504 
2.000000 4.485000 1.222429 0.548259 -0.024504 
2.000000 4.475000 1.222429 0.547037 -0.024504 
2.000000 4.465000 1.222429 0.545815 -0.024504 
2.000000 4.455000 1.222429 0.544592 -0.024504 
2.000000 4.445000 1.222429 0.543370 -0.024504 
2.000000 4.435000 1.222429 0.542147 -0.024504 
2.000000 4.425000 1.222429 0.540925 -0.024504 
2.000000 4.415000 1.222429 0.539702 -0.024504 
2.000000 4.405000 1.222429 0.538480 -0.024504 
2.000000 4.395000 1.222429 0.537258 -0.024504 
2.000000 4.385000 1.222429 0.536035 -0.024504 
2.000000 4.375000 1.222429 0.534813 -0.024504 
2.000000 4.365000 1.222429 0.533590 -0.024504 
2.000000 4.355000 1.222429 0.532368 -0.024504 
2.000000 4.345000 1.222429 0.531145 -0.024504 
2.000000 4.335000 1.222429 0.529923 -0.024504 
2.000000 4.325000 1.222429 0.528701 -0.024504 
2.000000 4.315000 1.222429 0.527478 -0.024504 
2.000000 4.305000 1.222429 0.526256 -0.024504 
2.000000 4.295000 1.222429 0.525033 -0.024504 
2.000000 4.285000 1.222429 0.523811 -0.024504 
2.000000 4.275000 1.222429 0.522588 -0.024504 
2.000000 4.265000 1.222429 0.521366 -0.024504 
2.000000 4.255000 1.222429 0.520144 -0.024504 
2.000000 4.245000 1.222429 0.518921 -0.024504 
2.000000 4.235000 1.222429 0.517699 -0.024504 
2.000000 4.225000 1.222429 0.516476 -0.024504 
2.000000 4.215000 1.222429 0.515254 -0.024504 
2.000000 4.205000 1.222429 0.514031 -0.024504 
2.000000 4.195000 1.222429 0.512809 -0.024504 
2.000000 4.185000 1.222429 0.511587 -0.024504 
2.000000 4.175000 1.222429 0.510364 -0.024504 
2.000000 4.165000 1.222429 0.509142 -0.024504 
2.000000 4.155000 1.222429 0.507919 -0.024504 
2.000000 4.145000 1.222429 0.506697 -0.024504 
2.000000 4.135000 1.222429 0.505474 -0.024504 
2.000000 4.125000 1.222429 0.504252 -0.024504 
2.000000 4.115000 1.222429 0.503030 -0.024504 
2.000000 4.105000 1.222429 0.501807 -0.024504 
2.000000 4.095000 1.222429 0.500585 -0.024504 
2.000000 4.085000 1.222429 0.499362 -0.024504 
2.000000 4.075000 1.222429 0.498140 -0.024504 
2.000000 4.065000 1.222429 0.496917 -0.024504 
2.000000 4.055000 1.222429 0.495695 -0.024504 
2.000000 4.045000 1.222429 0.494473 -0.024504 
2.000000 4.035000 1.222429 0.493250 -0.024504 
2.000000 4.025000 1.222429 0.492028 -0.024504 
2.000000 4.015000 1.222429 0.490805 -0.024504 
2.000000 4.005000 1.222429 0.489583 -0.024504 
2.000000 3.995000 1.222429 0.488360 -0.024504 
2.000000 3.985000 1.222429 0.487138 -0.024504 
2.000000 3.975000 1.222429 0.485916 -0.024504 
2.000000 3.965000 1.222429 0.484693 -0.024504 
2.000000 3.955000 1.222429 0.483471 -0.024504 
2.000000 3.945000 1.222429 0.482248 -0.024504 
2.000000 3.935000 1.222429 0.481026 -0.024504 
2.000000 3.925000 1.222429 0.479803 -0.024504 
2.000000 3.915000 1.222429 0.478581 -0.024504 
2.000000 3.905000 1.222429 0.477359 -0.024504 
2.000000 3.895000 1.222429 0.476136 -0.024504 
2.000000 3.885000 1.222429 0.474914 -0.024504 
2.000000 3.875000 1.222429 0.473691 -0.024504 
2.000000 3.865000 1.222429 0.472469 -0.024504 
2.000000 3.855000 1.222429 0.471246 -0.024504 
2.000000 3.845000 1.222429 0.470024 -0.024504 
2.000000 3.835000 1.222429 0.468802 -0.024504 
2.000000 3.825000 1.222429 0.467579 -0.024504 
2.000000 3.815000 1.222429 0.466357 -0.024504 
2.000000 3.805000 1.222429 0.465134 -0.024504 
2.000000 3.795000 1.222429 0.463912 -0.024504 
2.000000 3.785000 1.222429 0.462689 -0.024504 
2.000000 3.775000 1.222429 0.461467 -0.024504 
2.000000 3.765000 1.222429 0.460245 -0.024504 
2.000000 3.755000 1.222429 0.459022 -0.024504 
2.000000 3.745000 1.222429 0.457800 -0.024504 
2.000000 3.735000 1.222429 0.456577 -0.024504 
2.000000 3.725000 1.222429 0.455355 -0.024504 
2.000000 3.715000 1.222429 0.454132 -0.024504 
2.000000 3.705000 1.222429 0.452910 -0.024504 
2.000000 3.695000 1.222429 0.451688 -0.024504 
2.000000 3.685000 1.222429 0.450465 -0.024504 
2.000000 3.675000 1.222429 0.449243 -0.024504 
2.000000 3.665000 1.222429 0.448020 -0.024504 
2.000000 3.655000 1.222429 0.446798 -0.024504 
2.000000 3.645000 1.222429 0.445575 -0.024504 
2.000000 3.635000 1.222429 0.444353 -0.024504 
2.000000 3.625000 1.222429 0.443131 -0.024504 
2.000000 3.615000 1.222429 0.441908 -0.024504 
2.000000 3.605000 1.222429 0.440686 -0.024504 
2.000000 3.595000 1.222429 0.439463 -0.024504 
2.000000 3.585000 1.222429 0.438241 -0.024504 
2.000000 3.575000 1.222429 0.437018 -0.024504 
2.000000 3.565000 1.222429 0.435796 -0.024504 
2.000000 3.555000 1.222429 0.434574 -0.024504 
2.000000 3.545000 1.222429 0.433351 -0.024504 
2.000000 3.535000 1.222429 0.432129 -0.024504 
2.000000 3.525000 1.222429 0.430906 -0.024504 
2.000000 3.515000 1.222429 0.429684 -0.024504 
2.000000 3.505000 1.222429 0.428461 -0.024504 
2.000000 3.495000 1.222429 0.427239 -0.024504 
2.000000 3.485000 1.222429 0.426017 -0.024504 
2.000000 3.475000 1.222429 0.424794 -0.024504 
2.000000 3.465000 1.222429 0.423572 -0.024504 
2.000000 3.455000 1.222429 0.422349 -0.024504 
2.000000 3.445000 1.222429 0.421127 -0.024504 
2.000000 3.435000 1.222429 0.419904 -0.024504 
2.000000 3.425000 1.222429 0.418682 -0.024504 
2.000000 3.415000 1.222429 0.417460 -0.024504 
2.000000 3.405000 1.222429 0.416237 -0.024504 
2.000000 3.395000 1.222429 0.415015 -0.024504 
2.000000 3.385000 1.222429 0.413792 -0.024504 
2.000000 3.375000 1.222429 0.412570 -0.024504 
2.000000 3.365000 1.222429 0.411347 -0.024504 
2.000000 3.355000 1.222429 0.410125 -0.024504 
2.000000 3.345000 1.222429 0.408903 -0.024504 
2.000000 3.335000 1.222429 0.407680 -0.024504 
2.000000 3.325000 1.222429 0.406458 -0.024504 
2.000000 3.315000 1.222429 0.405235 -0.024504 
2.000000 3.305000 1.222429 0.404013 -0.024504 
2.000000 3.295000 1.222429 0.402790 -0.024504 
2.000000 3.285000 1.222429 0.401568 -0.024504 
2.000000 3.275000 1.222429 0.400346 -0.024504 
2.000000 3.265000 1.222429 0.399123 -0.024504 
2.000000 3.255000 1.222429 0.397901 -0.024504 
2.000000 3.245000 1.222429 0.396678 -0.024504 
2.000000 3.235000 1.222429 0.395456 -0.024504 
2.000000 3.225000 1.222429 0.394233 -0.024504 
2.000000 3.215000 1.222429 0.393011 -0.024504 
2.000000 3.205000 1.222429 0.391789 -0.024504 
2.000000 3.195000 1.222429 0.390566 -0.024504 
2.000000 3.185000 1.222429 0.389344 -0.024504 
2.000000 3.175000 1.222429 0.388121 -0.024504 
2.000000 3.165000 1.222429 0.386899 -0.024504 
2.000000 3.155000 1.222429 0.385676 -0.024504 
2.000000 3.145000 1.222429 0.384454 -0.024504 
2.000000 3.135000 1.222429 0.383232 -0.024504 
2.000000 3.125000 1.222429 0.382009 -0.024504 
2.000000 3.115000 1.222429 0.380787 -0.024504 
2.000000 3.105000 1.222429 0.379564 -0.024504 
2.000000 3.095000 1.222429 0.378342 -0.024504 
2.000000 3.085000 1.222429 0.377119 -0.024504 
2.000000 3.075000 1.222429 0.375897 -0.024504 
2.000000 3.065000 1.222429 0.374675 -0.024504 
2.000000 3.055000 1.222429 0.373452 -0.024504 
2.000000 3.045000 1.222429 0.372230 -0.024504 
2.000000 3.035000 1.222429 0.371007 -0.024504 
2.000000 3.025000 1.222429 0.369785 -0.024504 
2.000000 3.015000 1.222429 0.368562 -0.024504 
2.000000 3.005000 1.222429 0.367340 -0.024504 
2.000000 2.995000 1.222429 0.366118 -0.024504 
2.000000 2.985000 1.222429 0.364895 -0.024504 
2.000000 2.975000 1.222429 0.363673 -0.024504 
2.000000 2.965000 1.222429 0.362450 -0.024504 
2.000000 2.955000 1.222429 0.361228 -0.024504 
2.000000 2.945000 1.222429 0.360005 -0.024504 
2.000000 2.935000 1.222429 0.358783 -0.024504 
2.000000 2.925000 1.222429 0.357561 -0.024504 
2.000000 2.915000 1.222429 0.356338 -0.024504 
2.000000 2.905000 1.222429 0.355116 -0.024504 
2.000000 2.895000 1.222429 0.353893 -0.024504 
2.000000 2.885000 1.222429 0.352671 -0.024504 
2.000000 2.875000 1.222429 0.351448 -0.024504 
2.000000 2.865000 1.222429 0.350226 -0.024504 
2.000000 2.855000 1.222429 0.349004 -0.024504 
2.000000 2.845000 1.222429 0.347781 -0.024504 
2.000000 2.835000 1.222429 0.346559 -0.024504 
2.000000 2.825000 1.222429 0.345336 -0.024504 
2.000000 2.815000 1.222429 0.344114 -0.024504 
2.000000 2.805000 1.222429 0.342891 -0.024504 
2.000000 2.795000 1.222429 0.341669 -0.024504 
2.000000 2.785000 1.222429 0.340447 -0.024504 
2.000000 2.775000 1.222429 0.339224 -0.024504 
2.000000 2.765000 1.222429 0.338002 -0.024504 
2.000000 2.755000 1.222429 0.336779 -0.024504 
2.000000 2.745000 1.222429 0.335557 -0.024504 
2.000000 2.735000 1.222429 0.334334 -0.024504 
2.000000 2.725000 1.222429 0.333112 -0.024504 
2.000000 2.715000 1.222429 0.331890 -0.024504 
2.000000 2.705000 1.222429 0.330667 -0.024504 
2.000000 2.695000 1.222429 0.329445 -0.024504 
2.000000 2.685000 1.222429 0.328222 -0.024504 
2.000000 2.675000 1.222429 0.327000 -0.024504 
2.000000 2.665000 1.222429 0.325777 -0.024504 
2.000000 2.655000 1.222429 0.324555 -0.024504 
2.000000 2.645000 1.222429 0.323333 -0.024504 
2.000000 2.635000 1.222429 0.322110 -0.024504 
2.000000 2.625000 1.222429 0.320888 -0.024504 
2.000000 2.615000 1.222429 0.319665 -0.024504 
2.000000 2.605000 1.222429 0.318443 -0.024504 
2.000000 2.595000 1.222429 0.317220 -0.024504 
2.000000 2.585000 1.222429 0.315998 -0.024504 
2.000000 2.575000 1.222429 0.314776 -0.024504 
2.000000 2.565000 1.222429 0.313553 -0.024504 
2.000000 2.555000 1.222429 0.312331 -0.024504 
2.000000 2.545000 1.222429 0.311108 -0.024504 
2.000000 2.535000 1.222429 0.309886 -0.024504 
2.000000 2.525000 1.222429 0.308663 -0.024504 
2.000000 2.515000 1.222429 0.307441 -0.024504 
2.000000 2.505000 1.222429 0.306219 -0.024504 
2.000000 2.495000 1.222429 0.304996 -0.024504 
2.000000 2.485000 1.222429 0.303774 -0.024504 
2.000000 2.475000 1.222429 0.302551 -0.024504 
2.000000 2.465000 1.222429 0.301329 -0.024504 
2.000000 2.455000 1.222429 0.300106 -0.024504 
2.000000 2.445000 1.222429 0.298884 -0.024504 
2.000000 2.435000 1.222429 0.297662 -0.024504 
2.000000 2.425000 1.222429 0.296439 -0.024504 
2.000000 2.415000 1.222429 0.295217 -0.024504 
2.000000 2.405000 1.222429 0.293994 -0.024504 
2.000000 2.395000 1.222429 0.292772 -0.024504 
2.000000 2.385000 1.222429 0.291549 -0.024504 
2.000000 2.375000 1.222429 0.290327 -0.024504 
2.000000 2.365000 1.222429 0.289105 -0.024504 
2.000000 2.355000 1.222429 0.287882 -0.024504 
2.000000 2.345000 1.222429 0.286660 -0.024504 
2.000000 2.335000 1.222429 0.285437 -0.024504 
2.000000 2.325000 1.222429 0.284215 -0.024504 
2.000000 2.315000 1.222429 0.282992 -0.024504 
2.000000 2.305000 1.222429 0.281770 -0.024504 
2.000000 2.295000 1.222429 0.280547 -0.024504 
2.000000 2.285000 1.222429 0.279325 -0.024504 
2.000000 2.275000 1.222429 0.278103 -0.024504 
2.000000 2.265000 1.222429 0.276880 -0.024504 
2.000000 2.255000 1.222429 0.275658 -0.024504 
2.000000 2.245000 1.222429 0.274435 -0.024504 
2.000000 2.235000 1.222429 0.273213 -0.024504 
2.000000 2.225000 1.222429 0.271990 -0.024504 
2.000000 2.215000 1.222429 0.270768 -0.024504 
2.000000 2.205000 1.222429 0.269546 -0.024504 
2.000000 2.195000 1.222429 0.268323 -0.024504 
2.000000 2.185000 1.222429 0.267101 -0.024504 
2.000000 2.175000 1.222429 0.265878 -0.024504 
2.000000 2.165000 1.222429 0.264656 -0.024504 
2.000000 2.155000 1.222429 0.263433 -0.024504 
2.000000 2.145000 1.222429 0.262211 -0.024504 
2.000000 2.135000 1.222429 0.260989 -0.024504 
2.000000 2.125000 1.222429 0.259766 -0.024504 
2.000000 2.115000 1.222429 0.258544 -0.024504 
2.000000 2.105000 1.222429 0.257321 -0.024504 
2.000000 2.095000 1.222429 0.256099 -0.024504 
2.000000 2.085000 1.222429 0.254876 -0.024504 
2.000000 2.075000 1.222429 0.253654 -0.024504 
2.000000 2.065000 1.222429 0.252432 -0.024504 
2.000000 2.055000 1.222429 0.251209 -0.024504 
2.000000 2.045000 1.222429 0.249987 -0.024504 
2.000000 2.035000 1.222429 0.248764 -0.024504 
2.000000 2.025000 1.222429 0.247542 -0.024504 
2.000000 2.015000 1.222429 0.246319 -0.024504 
2.000000 2.005000 1.222429 0.245097 -0.024504 
2.000000 1.995000 1.222429 0.243875 -0.024504 
2.000000 1.985000 1.222429 0.242652 -0.024504 
2.000000 1.975000 1.222429 0.241430 -0.024504 
2.000000 1.965000 1.222429 0.240207 -0.024504 
2.000000 1.955000 1.222429 0.238985 -0.024504 
2.000000 1.945000 1.222429 0.237762 -0.024504 
2.000000 1.935000 1.222429 0.236540 -0.024504 
2.000000 1.925000 1.222429 0.235318 -0.024504 
2.000000 1.915000 1.222429 0.234095 -0.024504 
2.000000 1.905000 1.222429 0.232873 -0.024504 
2.000000 1.895000 1.222429 0.231650 -0.024504 
2.000000 1.885000 1.222429 0.230428 -0.024504 
2.000000 1.875000 1.222429 0.229205 -0.024504 
2.000000 1.865000 1.222429 0.227983 -0.024504 
2.000000 1.855000 1.222429 0.226761 -0.024504 
2.000000 1.845000 1.222429 0.225538 -0.024504 
2.000000 1.835000 1.222429 0.224316 -0.024504 
2.000000 1.825000 1.222429 0.223093 -0.024504 
2.000000 1.815000 1.222429 0.221871 -0.024504 
2.000000 1.805000 1.222429 0.220648 -0.024504 
2.000000 1.795000 1.222429 0.219426 -0.024504 
2.000000 1.785000 1.222429 0.218204 -0.024504 
2.000000 1.775000 1.222429 0.216981 -0.024504 
2.000000 1.765000 1.222429 0.215759 -0.024504 
2.000000 1.755000 1.222429 0.214536 -0.024504 
2.000000 1.745000 1.222429 0.213314 -0.024504 
2.000000 1.735000 1.222429 0.212091 -0.024504 
2.000000 1.725000 1.222429 0.210869 -0.024504 
2.000000 1.715000 1.222429 0.209647 -0.024504 
2.000000 1.705000 1.222429 0.208424 -0.024504 
2.000000 1.695000 1.222429 0.207202 -0.024504 
2.000000 1.685000 1.222429 0.205979 -0.024504 
2.000000 1.675000 1.222429 0.204757 -0.024504 
2.000000 1.665000 1.222429 0.203534 -0.024504 
2.000000 1.655000 1.222429 0.202312 -0.024504 
2.000000 1.645000 1.222429 0.201090 -0.024504 
2.000000 1.635000 1.222429 0.199867 -0.024504 
2.000000 1.625000 1.222429 0.198645 -0.024504 
2.000000 1.615000 1.222429 0.197422 -0.024504 
2.000000 1.605000 1.222429 0.196200 -0.024504 
2.000000 1.595000 1.222429 0.194977 -0.024504 
2.000000 1.585000 1.222429 0.193755 -0.024504 
2.000000 1.575000 1.222429 0.192533 -0.024504 
2.000000 1.565000 1.222429 0.191310 -0.024504 
2.000000 1.555000 1.222429 0.190088 -0.024504 
2.000000 1.545000 1.222429 0.188865 -0.024504 
2.000000 1.535000 1.222429 0.187643 -0.024504 
2.000000 1.525000 1.222429 0.186420 -0.024504 
2.000000 1.515000 1.222429 0.185198 -0.024504 
2.000000 1.505000 1.222429 0.183976 -0.024504 
2.000000 1.495000 1.222429 0.182753 -0.024504 
2.000000 1.485000 1.222429 0.181531 -0.024504 
2.000000 1.475000 1.222429 0.180308 -0.024504 
2.000000 1.465000 1.222429 0.179086 -0.024504 
2.000000 1.455000 1.222429 0.177863 -0.024504 
2.000000 1.445000 1.222429 0.176641 -0.024504 
2.000000 1.435000 1.222429 0.175419 -0.024504 
2.000000 1.425000 1.222429 0.174196 -0.024504 
2.000000 1.415000 1.222429 0.172974 -0.024504 
2.000000 1.405000 1.222429 0.171751 -0.024504 
2.000000 1.395000 1.222429 0.170529 -0.024504 
2.000000 1.385000 1.222429 0.169306 -0.024504 
2.000000 1.375000 1.222429 0.168084 -0.024504 
2.000000 1.365000 1.222429 0.166862 -0.024504 
2.000000 1.355000 1.222429 0.165639 -0.024504 
2.000000 1.345000 1.222429 0.164417 -0.024504 
2.000000 1.335000 1.222429 0.163194 -0.024504 
2.000000 1.325000 1.222429 0.161972 -0.024504 
2.000000 1.315000 1.222429 0.160749 -0.024504 
2.000000 1.305000 1.222429 0.159527 -0.024504 
2.000000 1.295000 1.222429 0.158305 -0.024504 
2.000000 1.285000 1.222429 0.157082 -0.024504 
2.000000 1.275000 1.222429 0.155860 -0.024504 
2.000000 1.265000 1.222429 0.154637 -0.024504 
2.000000 1.255000 1.222429 0.153415 -0.024504 
2.000000 1.245000 1.222429 0.152192 -0.024504 
2.000000 1.235000 1.222429 0.150970 -0.024504 
2.000000 1.225000 1.222429 0.149748 -0.024504 
2.000000 1.215000 1.222429 0.148525 -0.024504 
2.000000 1.205000 1.222429 0.147303 -0.024504 
2.000000 1.195000 1.222429 0.146080 -0.024504 
2.000000 1.185000 1.222429 0.144858 -0.024504 
2.000000 1.175000 1.222429 0.143635 -0.024504 
2.000000 1.165000 1.222429 0.142413 -0.024504 
2.000000 1.155000 1.222429 0.141191 -0.024504 
2.000000 1.145000 1.222429 0.139968 -0.024504 
2.000000 1.135000 1.222429 0.138746 -0.024504 
2.000000 1.125000 1.222429 0.137523 -0.024504 
2.000000 1.115000 1.222429 0.136301 -0.024504 
2.000000 1.105000 1.222429 0.135078 -0.024504 
2.000000 1.095000 1.222429 0.133856 -0.024504 
2.000000 1.085000 1.222429 0.132634 -0.024504 
2.000000 1.075000 1.222429 0.131411 -0.024504 
2.000000 1.065000 1.222429 0.130189 -0.024504 
2.000000 1.055000 1.222429 0.128966 -0.024504 
2.000000 1.045000 1.222429 0.127744 -0.024504 
2.000000 1.035000 1.222429 0.126521 -0.024504 
2.000000 1.025000 1.222429 0.125299 -0.024504 
2.000000 1.015000 1.222429 0.124077 -0.024504 
2.000000 1.005000 1.222429 0.122854 -0.024504 
2.000000 0.995000 1.222429 0.121632 -0.024504 
2.000000 0.985000 1.222429 0.120409 -0.024504 
2.000000 0.975000 1.222429 0.119187 -0.024504 
2.000000 0.965000 1.222429 0.117964 -0.024504 
2.000000 0.955000 1.222429 0.116742 -0.024504 
2.000000 0.945000 1.222429 0.115520 -0.024504 
2.000000 0.935000 1.222429 0.114297 -0.024504 
2.000000 0.925000 1.222429 0.113075 -0.024504 
2.000000 0.915000 1.222429 0.111852 -0.024504 
2.000000 0.905000 1.222429 0.110630 -0.024504 
2.000000 0.895000 1.222429 0.109407 -0.024504 
2.000000 0.885000 1.222429 0.108185 -0.024504 
2.000000 0.875000 1.222429 0.106963 -0.024504 
2.000000 0.865000 1.222429 0.105740 -0.024504 
2.000000 0.855000 1.222429 0.104518 -0.024504 
2.000000 0.845000 1.222429 0.103295 -0.024504 
2.000000 0.835000 1.222429 0.102073 -0.024504 
2.000000 0.825000 1.222429 0.100850 -0.024504 
2.000000 0.815000 1.222429 0.099628 -0.024504 
2.000000 0.805000 1.222429 0.098406 -0.024504 
2.000000 0.795000 1.222429 0.097183 -0.024504 
2.000000 0.785000 1.222429 0.095961 -0.024504 
2.000000 0.775000 1.222429 0.094738 -0.024504 
2.000000 0.765000 1.222429 0.093516 -0.024504 
2.000000 0.755000 1.222429 0.092293 -0.024504 
2.000000 0.745000 1.222429 0.091071 -0.024504 
2.000000 0.735000 1.222429 0.089849 -0.024504 
2.000000 0.725000 1.222429 0.088626 -0.024504 
2.000000 0.715000 1.222429 0.087404 -0.024504 
2.000000 0.705000 1.222429 0.086181 -0.024504 
2.000000 0.695000 1.222429 0.084959 -0.024504 
2.000000 0.685000 1.222429 0.083736 -0.024504 
2.000000 0.675000 1.222429 0.082514 -0.024504 
2.000000 0.665000 1.222429 0.081292 -0.024504 
2.000000 0.655000 1.222429 0.080069 -0.024504 
2.000000 0.645000 1.222429 0.078847 -0.024504 
2.000000 0.635000 1.222429 0.077624 -0.024504 
2.000000 0.625000 1.222429 0.076402 -0.024504 
2.000000 0.615000 1.222429 0.075179 -0.024504 
2.000000 0.605000 1.222429 0.073957 -0.024504 
2.000000 0.595000 1.222429 0.072735 -0.024504 
2.000000 0.585000 1.222429 0.071512 -0.024504 
2.000000 0.575000 1.222429 0.070290 -0.024504 
2.000000 0.565000 1.222429 0.069067 -0.024504 
2.000000 0.555000 1.222429 0.067845 -0.024504 
2.000000 0.545000 1.222429 0.066622 -0.024504 
2.000000 0.535000 1.222429 0.065400 -0.024504 
2.000000 0.525000 1.222429 0.064178 -0.024504 
2.000000 0.515000 1.222429 0.062955 -0.024504 
2.000000 0.505000 1.222429 0.061733 -0.024504 
2.000000 0.495000 1.222429 0.060510 -0.024504 
2.000000 0.485000 1.222429 0.059288 -0.024504 
2.000000 0.475000 1.222429 0.058065 -0.024504 
2.000000 0.465000 1.222429 0.056843 -0.024504 
2.000000 0.455000 1.222429 0.055621 -0.024504 
2.000000 0.445000 1.222429 0.054398 -0.024504 
2.000000 0.435000 1.222429 0.053176 -0.024504 
2.000000 0.425000 1.222429 0.051953 -0.024504 
2.000000 0.415000 1.222429 0.050731 -0.024504 
2.000000 0.405000 1.222429 0.049508 -0.024504 
2.000000 0.395000 1.222429 0.048286 -0.024504 
2.000000 0.385000 1.222429 0.047064 -0.024504 
2.000000 0.375000 1.222429 0.045841 -0.024504 
2.000000 0.365000 1.222429 0.044619 -0.024504 
2.000000 0.355000 1.222429 0.043396 -0.024504 
2.000000 0.345000 1.222429 0.042174 -0.024504 
2.000000 0.335000 1.222429 0.040951 -0.024504 
2.000000 0.325000 1.222429 0.039729 -0.024504 
2.000000 0.315000 1.222429 0.038507 -0.024504 
2.000000 0.305000 1.222429 0.037284 -0.024504 
2.000000 0.295000 1.222429 0.036062 -0.024504 
2.000000 0.285000 1.222429 0.034839 -0.024504 
2.000000 0.275000 1.222429 0.033617 -0.024504 
2.000000 0.265000 1.222429 0.032394 -0.024504 
2.000000 0.255000 1.222429 0.031172 -0.024504 
2.000000 0.245000 1.222429 0.029950 -0.024504 
2.000000 0.235000 1.222429 0.028727 -0.024504 
2.000000 0.225000 1.222429 0.027505 -0.024504 
2.000000 0.215000 1.222429 0.026282 -0.024504 
2.000000 0.205000 1.222429 0.025060 -0.024504 
2.000000 0.195000 1.222429 0.023837 -0.024504 
2.000000 0.185000 1.222429 0.022615 -0.024504 
2.000000 0.175000 1.222429 0.021393 -0.024504 
2.000000 0.165000 1.222429 0.020170 -0.024504 
2.000000 0.155000 1.222429 0.018948 -0.024504 
2.000000 0.145000 1.222429 0.017725 -0.024504 
2.000000 0.135000 1.222429 0.016503 -0.024504 
2.000000 0.125000 1.222429 0.015280 -0.024504 
2.000000 0.115000 1.222429 0.014058 -0.024504 
2.000000 0.105000 1.222429 0.012836 -0.024504 
2.000000 0.095000 1.222429 0.011613 -0.024504 
2.000000 0.085000 1.222429 0.010391 -0.024504 
2.000000 0.075000 1.222429 0.009168 -0.024504 
2.000000 0.065000 1.222429 0.007946 -0.024504 
2.000000 0.055000 1.222429 0.006723 -0.024504 
2.000000 0.045000 1.222429 0.005501 -0.024504 
2.000000 0.035000 1.222429 0.004279 -0.024504 
2.000000 0.025000 1.222429 0.003056 -0.024504 
2.000000 0.015000 1.222429 0.001834 -0.024504 
