2.000000 9.985000 52.672877 52.593867 2.484336 
2.000000 9.975000 52.672877 52.541194 2.484336 
2.000000 9.965000 52.672877 52.488521 2.484336 
2.000000 9.955000 52.672877 52.435849 2.484336 
2.000000 9.945000 52.672877 52.383176 2.484336 
2.000000 9.935000 52.672877 52.330503 2.484336 
2.000000 9.925000 52.672877 52.277830 2.484336 
2.000000 9.915000 52.672877 52.225157 2.484336 
2.000000 9.905000 52.672877 52.172484 2.484336 
2.000000 9.895000 52.672877 52.119811 2.484336 
2.000000 9.885000 52.672877 52.067138 2.484336 
2.000000 9.875000 52.672877 52.014466 2.484336 
2.000000 9.865000 52.672877 51.961793 2.484336 
2.000000 9.855000 52.672877 51.909120 2.484336 
2.000000 9.845000 52.672877 51.856447 2.484336 
2.000000 9.835000 52.672877 51.803774 2.484336 
2.000000 9.825000 52.672877 51.751101 2.484336 
2.000000 9.815000 52.672877 51.698428 2.484336 
2.000000 9.805000 52.672877 51.645755 2.484336 
2.000000 9.795000 52.672877 51.593083 2.484336 
2.000000 9.785000 52.672877 51.540410 2.484336 
2.000000 9.775000 52.672877 51.487737 2.484336 
2.000000 9.765000 52.672877 51.435064 2.484336 
2.000000 9.755000 52.672877 51.382391 2.484336 
2.000000 9.745000 52.672877 51.329718 2.484336 
2.000000 9.735000 52.672877 51.277045 2.484336 
2.000000 9.725000 52.672877 51.224372 2.484336 
2.000000 9.715000 52.672877 51.171700 2.484336 
2.000000 9.705000 52.672877 51.119027 2.484336 
2.000000 9.695000 52.672877 51.066354 2.484336 
2.000000 9.685000 52.672877 51.013681 2.484336 
2.000000 9.675000 52.672877 50.961008 2.484336 
2.000000 9.665000 52.672877 50.908335 2.484336 
2.000000 9.655000 52.672877 50.855662 2.484336 
2.000000 9.645000 52.672877 50.802989 2.484336 
2.000000 9.635000 52.672877 50.750317 2.484336 
2.000000 9.625000 52.672877 50.697644 2.484336 
2.000000 9.615000 52.672877 50.644971 2.484336 
2.000000 9.605000 52.672877 50.592298 2.484336 
2.000000 9.595000 52.672877 50.539625 2.484336 
2.000000 9.585000 52.672877 50.486952 2.484336 
2.000000 9.575000 52.672877 50.434279 2.484336 
2.000000 9.565000 52.672877 50.381606 2.484336 
2.000000 9.555000 52.672877 50.328934 2.484336 
2.000000 9.545000 52.672877 50.276261 2.484336 
2.000000 9.535000 52.672877 50.223588 2.484336 
2.000000 9.525000 52.672877 50.170915 2.484336 
2.000000 9.515000 52.672877 50.118242 2.484336 
2.000000 9.505000 52.672877 50.065569 2.484336 
2.000000 9.495000 52.672877 50.012896 2.484336 
2.000000 9.485000 52.672877 49.960223 2.484336 
2.000000 9.475000 52.672877 49.907551 2.484336 
2.000000 9.465000 52.672877 49.854878 2.484336 
2.000000 9.455000 52.672877 49.802205 2.484336 
2.000000 9.445000 52.672877 49.749532 2.484336 
2.000000 9.435000 52.672877 49.696859 2.484336 
2.000000 9.425000 52.672877 49.644186 2.484336 
2.000000 9.415000 52.672877 49.591513 2.484336 
2.000000 9.405000 52.672877 49.538840 2.484336 
2.000000 9.395000 52.672877 49.486168 2.484336 
2.000000 9.385000 52.672877 49.433495 2.484336 
2.000000 9.375000 52.672877 49.380822 2.484336 
2.000000 9.365000 52.672877 49.328149 2.484336 
2.000000 9.355000 52.672877 49.275476 2.484336 
2.000000 9.345000 52.672877 49.222803 2.484336 
2.000000 9.335000 52.672877 49.170130 2.484336 
2.000000 9.325000 52.672877 49.117457 2.484336 
2.000000 9.315000 52.672877 49.064785 2.484336 
2.000000 9.305000 52.672877 49.012112 2.484336 
2.000000 9.295000 52.672877 48.959439 2.484336 
2.000000 9.285000 52.672877 48.906766 2.484336 
2.000000 9.275000 52.672877 48.854093 2.484336 
2.000000 9.265000 52.672877 48.801420 2.484336 
2.000000 9.255000 52.672877 48.748747 2.484336 
2.000000 9.245000 52.672877 48.696074 2.484336 
2.000000 9.235000 52.672877 48.643402 2.484336 
2.000000 9.225000 52.672877 48.590729 2.484336 
2.000000 9.215000 52.672877 48.538056 2.484336 
2.000000 9.205000 52.672877 48.485383 2.484336 
2.000000 9.195000 52.672877 48.432710 2.484336 
2.000000 9.185000 52.672877 48.380037 2.484336 
2.000000 9.175000 52.672877 48.327364 2.484336 
2.000000 9.165000 52.672877 48.274691 2.484336 
2.000000 9.155000 52.672877 48.222018 2.484336 
2.000000 9.145000 52.672877 48.169346 2.484336 
2.000000 9.135000 52.672877 48.116673 2.484336 
2.000000 9.125000 52.672877 48.064000 2.484336 
2.000000 9.115000 52.672877 48.011327 2.484336 
2.000000 9.105000 52.672877 47.958654 2.484336 
2.000000 9.095000 52.672877 47.905981 2.484336 
2.000000 9.085000 52.672877 47.853308 2.484336 
2.000000 9.075000 52.672877 47.800635 2.484336 
2.000000 9.065000 52.672877 47.747963 2.484336 
2.000000 9.055000 52.672877 47.695290 2.484336 
2.000000 9.045000 52.672877 47.642617 2.484336 
2.000000 9.035000 52.672877 47.589944 2.484336 
2.000000 9.025000 52.672877 47.537271 2.484336 
2.000000 9.015000 52.672877 47.484598 2.484336 
2.000000 9.005000 52.672877 47.431925 2.484336 
2.000000 8.995000 52.672877 47.379252 2.484336 
2.000000 8.985000 52.672877 47.326580 2.484336 
2.000000 8.975000 52.672877 47.273907 2.484336 
2.000000 8.965000 52.672877 47.221234 2.484336 
2.000000 8.955000 52.672877 47.168561 2.484336 
2.000000 8.945000 52.672877 47.115888 2.484336 
2.000000 8.935000 52.672877 47.063215 2.484336 
2.000000 8.925000 52.672877 47.010542 2.484336 
2.000000 8.915000 52.672877 46.957869 2.484336 
2.000000 8.905000 52.672877 46.905197 2.484336 
2.000000 8.895000 52.672877 46.852524 2.484336 
2.000000 8.885000 52.672877 46.799851 2.484336 
2.000000 8.875000 52.672877 46.747178 2.484336 
2.000000 8.865000 52.672877 46.694505 2.484336 
2.000000 8.855000 52.672877 46.641832 2.484336 
2.000000 8.845000 52.672877 46.589159 2.484336 
2.000000 8.835000 52.672877 46.536486 2.484336 
2.000000 8.825000 52.672877 46.483814 2.484336 
2.000000 8.815000 52.672877 46.431141 2.484336 
2.000000 8.805000 52.672877 46.378468 2.484336 
2.000000 8.795000 52.672877 46.325795 2.484336 
2.000000 8.785000 52.672877 46.273122 2.484336 
2.000000 8.775000 52.672877 46.220449 2.484336 
2.000000 8.765000 52.672877 46.167776 2.484336 
2.000000 8.755000 52.672877 46.115103 2.484336 
2.000000 8.745000 52.672877 46.062431 2.484336 
2.000000 8.735000 52.672877 46.009758 2.484336 
2.000000 8.725000 52.672877 45.957085 2.484336 
2.000000 8.715000 52.672877 45.904412 2.484336 
2.000000 8.705000 52.672877 45.851739 2.484336 
2.000000 8.695000 52.672877 45.799066 2.484336 
2.000000 8.685000 52.672877 45.746393 2.484336 
2.000000 8.675000 52.672877 45.693720 2.484336 
2.000000 8.665000 52.672877 45.641048 2.484336 
2.000000 8.655000 52.672877 45.588375 2.484336 
2.000000 8.645000 52.672877 45.535702 2.484336 
2.000000 8.635000 52.672877 45.483029 2.484336 
2.000000 8.625000 52.672877 45.430356 2.484336 
2.000000 8.615000 52.672877 45.377683 2.484336 
2.000000 8.605000 52.672877 45.325010 2.484336 
2.000000 8.595000 52.672877 45.272337 2.484336 
2.000000 8.585000 52.672877 45.219665 2.484336 
2.000000 8.575000 52.672877 45.166992 2.484336 
2.000000 8.565000 52.672877 45.114319 2.484336 
2.000000 8.555000 52.672877 45.061646 2.484336 
2.000000 8.545000 52.672877 45.008973 2.484336 
2.000000 8.535000 52.672877 44.956300 2.484336 
2.000000 8.525000 52.672877 44.903627 2.484336 
2.000000 8.515000 52.672877 44.850954 2.484336 
2.000000 8.505000 52.672877 44.798282 2.484336 
2.000000 8.495000 52.672877 44.745609 2.484336 
2.000000 8.485000 52.672877 44.692936 2.484336 
2.000000 8.475000 52.672877 44.640263 2.484336 
2.000000 8.465000 52.672877 44.587590 2.484336 
2.000000 8.455000 52.672877 44.534917 2.484336 
2.000000 8.445000 52.672877 44.482244 2.484336 
2.000000 8.435000 52.672877 44.429571 2.484336 
2.000000 8.425000 52.672877 44.376899 2.484336 
2.000000 8.415000 52.672877 44.324226 2.484336 
2.000000 8.405000 52.672877 44.271553 2.484336 
2.000000 8.395000 52.672877 44.218880 2.484336 
2.000000 8.385000 52.672877 44.166207 2.484336 
2.000000 8.375000 52.672877 44.113534 2.484336 
2.000000 8.365000 52.672877 44.060861 2.484336 
2.000000 8.355000 52.672877 44.008188 2.484336 
2.000000 8.345000 52.672877 43.955515 2.484336 
2.000000 8.335000 52.672877 43.902843 2.484336 
2.000000 8.325000 52.672877 43.850170 2.484336 
2.000000 8.315000 52.672877 43.797497 2.484336 
2.000000 8.305000 52.672877 43.744824 2.484336 
2.000000 8.295000 52.672877 43.692151 2.484336 
2.000000 8.285000 52.672877 43.639478 2.484336 
2.000000 8.275000 52.672877 43.586805 2.484336 
2.000000 8.265000 52.672877 43.534132 2.484336 
2.000000 8.255000 52.672877 43.481460 2.484336 
2.000000 8.245000 52.672877 43.428787 2.484336 
2.000000 8.235000 52.672877 43.376114 2.484336 
2.000000 8.225000 52.672877 43.323441 2.484336 
2.000000 8.215000 52.672877 43.270768 2.484336 
2.000000 8.205000 52.672877 43.218095 2.484336 
2.000000 8.195000 52.672877 43.165422 2.484336 
2.000000 8.185000 52.672877 43.112749 2.484336 
2.000000 8.175000 52.672877 43.060077 2.484336 
2.000000 8.165000 52.672877 43.007404 2.484336 
2.000000 8.155000 52.672877 42.954731 2.484336 
2.000000 8.145000 52.672877 42.902058 2.484336 
2.000000 8.135000 52.672877 42.849385 2.484336 
2.000000 8.125000 52.672877 42.796712 2.484336 
2.000000 8.115000 52.672877 42.744039 2.484336 
2.000000 8.105000 52.672877 42.691366 2.484336 
2.000000 8.095000 52.672877 42.638694 2.484336 
2.000000 8.085000 52.672877 42.586021 2.484336 
2.000000 8.075000 52.672877 42.533348 2.484336 
2.000000 8.065000 52.672877 42.480675 2.484336 
2.000000 8.055000 52.672877 42.428002 2.484336 
2.000000 8.045000 52.672877 42.375329 2.484336 
2.000000 8.035000 52.672877 42.322656 2.484336 
2.000000 8.025000 52.672877 42.269983 2.484336 
2.000000 8.015000 52.672877 42.217311 2.484336 
2.000000 8.005000 52.672877 42.164638 2.484336 
2.000000 7.995000 52.672877 42.111965 2.484336 
2.000000 7.985000 52.672877 42.059292 2.484336 
2.000000 7.975000 52.672877 42.006619 2.484336 
2.000000 7.965000 52.672877 41.953946 2.484336 
2.000000 7.955000 52.672877 41.901273 2.484336 
2.000000 7.945000 52.672877 41.848600 2.484336 
2.000000 7.935000 52.672877 41.795928 2.484336 
2.000000 7.925000 52.672877 41.743255 2.484336 
2.000000 7.915000 52.672877 41.690582 2.484336 
2.000000 7.905000 52.672877 41.637909 2.484336 
2.000000 7.895000 52.672877 41.585236 2.484336 
2.000000 7.885000 52.672877 41.532563 2.484336 
2.000000 7.875000 52.672877 41.479890 2.484336 
2.000000 7.865000 52.672877 41.427217 2.484336 
2.000000 7.855000 52.672877 41.374545 2.484336 
2.000000 7.845000 52.672877 41.321872 2.484336 
2.000000 7.835000 52.672877 41.269199 2.484336 
2.000000 7.825000 52.672877 41.216526 2.484336 
2.000000 7.815000 52.672877 41.163853 2.484336 
2.000000 7.805000 52.672877 41.111180 2.484336 
2.000000 7.795000 52.672877 41.058507 2.484336 
2.000000 7.785000 52.672877 41.005834 2.484336 
2.000000 7.775000 52.672877 40.953162 2.484336 
2.000000 7.765000 52.672877 40.900489 2.484336 
2.000000 7.755000 52.672877 40.847816 2.484336 
2.000000 7.745000 52.672877 40.795143 2.484336 
2.000000 7.735000 52.672877 40.742470 2.484336 
2.000000 7.725000 52.672877 40.689797 2.484336 
2.000000 7.715000 52.672877 40.637124 2.484336 
2.000000 7.705000 52.672877 40.584451 2.484336 
2.000000 7.695000 52.672877 40.531779 2.484336 
2.000000 7.685000 52.672877 40.479106 2.484336 
2.000000 7.675000 52.672877 40.426433 2.484336 
2.000000 7.665000 52.672877 40.373760 2.484336 
2.000000 7.655000 52.672877 40.321087 2.484336 
2.000000 7.645000 52.672877 40.268414 2.484336 
2.000000 7.635000 52.672877 40.215741 2.484336 
2.000000 7.625000 52.672877 40.163068 2.484336 
2.000000 7.615000 52.672877 40.110396 2.484336 
2.000000 7.605000 52.672877 40.057723 2.484336 
2.000000 7.595000 52.672877 40.005050 2.484336 
2.000000 7.585000 52.672877 39.952377 2.484336 
2.000000 7.575000 52.672877 39.899704 2.484336 
2.000000 7.565000 52.672877 39.847031 2.484336 
2.000000 7.555000 52.672877 39.794358 2.484336 
2.000000 7.545000 52.672877 39.741685 2.484336 
2.000000 7.535000 52.672877 39.689012 2.484336 
2.000000 7.525000 52.672877 39.636340 2.484336 
2.000000 7.515000 52.672877 39.583667 2.484336 
2.000000 7.505000 52.672877 39.530994 2.484336 
2.000000 7.495000 52.672877 39.478321 2.484336 
2.000000 7.485000 52.672877 39.425648 2.484336 
2.000000 7.475000 52.672877 39.372975 2.484336 
2.000000 7.465000 52.672877 39.320302 2.484336 
2.000000 7.455000 52.672877 39.267629 2.484336 
2.000000 7.445000 52.672877 39.214957 2.484336 
2.000000 7.435000 52.672877 39.162284 2.484336 
2.000000 7.425000 52.672877 39.109611 2.484336 
2.000000 7.415000 52.672877 39.056938 2.484336 
2.000000 7.405000 52.672877 39.004265 2.484336 
2.000000 7.395000 52.672877 38.951592 2.484336 
2.000000 7.385000 52.672877 38.898919 2.484336 
2.000000 7.375000 52.672877 38.846246 2.484336 
2.000000 7.365000 52.672877 38.793574 2.484336 
2.000000 7.355000 52.672877 38.740901 2.484336 
2.000000 7.345000 52.672877 38.688228 2.484336 
2.000000 7.335000 52.672877 38.635555 2.484336 
2.000000 7.325000 52.672877 38.582882 2.484336 
2.000000 7.315000 52.672877 38.530209 2.484336 
2.000000 7.305000 52.672877 38.477536 2.484336 
2.000000 7.295000 52.672877 38.424863 2.484336 
2.000000 7.285000 52.672877 38.372191 2.484336 
2.000000 7.275000 52.672877 38.319518 2.484336 
2.000000 7.265000 52.672877 38.266845 2.484336 
2.000000 7.255000 52.672877 38.214172 2.484336 
2.000000 7.245000 52.672877 38.161499 2.484336 
2.000000 7.235000 52.672877 38.108826 2.484336 
2.000000 7.225000 52.672877 38.056153 2.484336 
2.000000 7.215000 52.672877 38.003480 2.484336 
2.000000 7.205000 52.672877 37.950808 2.484336 
2.000000 7.195000 52.672877 37.898135 2.484336 
2.000000 7.185000 52.672877 37.845462 2.484336 
2.000000 7.175000 52.672877 37.792789 2.484336 
2.000000 7.165000 52.672877 37.740116 2.484336 
2.000000 7.155000 52.672877 37.687443 2.484336 
2.000000 7.145000 52.672877 37.634770 2.484336 
2.000000 7.135000 52.672877 37.582097 2.484336 
2.000000 7.125000 52.672877 37.529425 2.484336 
2.000000 7.115000 52.672877 37.476752 2.484336 
2.000000 7.105000 52.672877 37.424079 2.484336 
2.000000 7.095000 52.672877 37.371406 2.484336 
2.000000 7.085000 52.672877 37.318733 2.484336 
2.000000 7.075000 52.672877 37.266060 2.484336 
2.000000 7.065000 52.672877 37.213387 2.484336 
2.000000 7.055000 52.672877 37.160714 2.484336 
2.000000 7.045000 52.672877 37.108042 2.484336 
2.000000 7.035000 52.672877 37.055369 2.484336 
2.000000 7.025000 52.672877 37.002696 2.484336 
2.000000 7.015000 52.672877 36.950023 2.484336 
2.000000 7.005000 52.672877 36.897350 2.484336 
2.000000 6.995000 52.672877 36.844677 2.484336 
2.000000 6.985000 52.672877 36.792004 2.484336 
2.000000 6.975000 52.672877 36.739331 2.484336 
2.000000 6.965000 52.672877 36.686659 2.484336 
2.000000 6.955000 52.672877 36.633986 2.484336 
2.000000 6.945000 52.672877 36.581313 2.484336 
2.000000 6.935000 52.672877 36.528640 2.484336 
2.000000 6.925000 52.672877 36.475967 2.484336 
2.000000 6.915000 52.672877 36.423294 2.484336 
2.000000 6.905000 52.672877 36.370621 2.484336 
2.000000 6.895000 52.672877 36.317948 2.484336 
2.000000 6.885000 52.672877 36.265276 2.484336 
2.000000 6.875000 52.672877 36.212603 2.484336 
2.000000 6.865000 52.672877 36.159930 2.484336 
2.000000 6.855000 52.672877 36.107257 2.484336 
2.000000 6.845000 52.672877 36.054584 2.484336 
2.000000 6.835000 52.672877 36.001911 2.484336 
2.000000 6.825000 52.672877 35.949238 2.484336 
2.000000 6.815000 52.672877 35.896565 2.484336 
2.000000 6.805000 52.672877 35.843893 2.484336 
2.000000 6.795000 52.672877 35.791220 2.484336 
2.000000 6.785000 52.672877 35.738547 2.484336 
2.000000 6.775000 52.672877 35.685874 2.484336 
2.000000 6.765000 52.672877 35.633201 2.484336 
2.000000 6.755000 52.672877 35.580528 2.484336 
2.000000 6.745000 52.672877 35.527855 2.484336 
2.000000 6.735000 52.672877 35.475182 2.484336 
2.000000 6.725000 52.672877 35.422509 2.484336 
2.000000 6.715000 52.672877 35.369837 2.484336 
2.000000 6.705000 52.672877 35.317164 2.484336 
2.000000 6.695000 52.672877 35.264491 2.484336 
2.000000 6.685000 52.672877 35.211818 2.484336 
2.000000 6.675000 52.672877 35.159145 2.484336 
2.000000 6.665000 52.672877 35.106472 2.484336 
2.000000 6.655000 52.672877 35.053799 2.484336 
2.000000 6.645000 52.672877 35.001126 2.484336 
2.000000 6.635000 52.672877 34.948454 2.484336 
2.000000 6.625000 52.672877 34.895781 2.484336 
2.000000 6.615000 52.672877 34.843108 2.484336 
2.000000 6.605000 52.672877 34.790435 2.484336 
2.000000 6.595000 52.672877 34.737762 2.484336 
2.000000 6.585000 52.672877 34.685089 2.484336 
2.000000 6.575000 52.672877 34.632416 2.484336 
2.000000 6.565000 52.672877 34.579743 2.484336 
2.000000 6.555000 52.672877 34.527071 2.484336 
2.000000 6.545000 52.672877 34.474398 2.484336 
2.000000 6.535000 52.672877 34.421725 2.484336 
2.000000 6.525000 52.672877 34.369052 2.484336 
2.000000 6.515000 52.672877 34.316379 2.484336 
2.000000 6.505000 52.672877 34.263706 2.484336 
2.000000 6.495000 52.672877 34.211033 2.484336 
2.000000 6.485000 52.672877 34.158360 2.484336 
2.000000 6.475000 52.672877 34.105688 2.484336 
2.000000 6.465000 52.672877 34.053015 2.484336 
2.000000 6.455000 52.672877 34.000342 2.484336 
2.000000 6.445000 52.672877 33.947669 2.484336 
2.000000 6.435000 52.672877 33.894996 2.484336 
2.000000 6.425000 52.672877 33.842323 2.484336 
2.000000 6.415000 52.672877 33.789650 2.484336 
2.000000 6.405000 52.672877 33.736977 2.484336 
2.000000 6.395000 52.672877 33.684305 2.484336 
2.000000 6.385000 52.672877 33.631632 2.484336 
2.000000 6.375000 52.672877 33.578959 2.484336 
2.000000 6.365000 52.672877 33.526286 2.484336 
2.000000 6.355000 52.672877 33.473613 2.484336 
2.000000 6.345000 52.672877 33.420940 2.484336 
2.000000 6.335000 52.672877 33.368267 2.484336 
2.000000 6.325000 52.672877 33.315594 2.484336 
2.000000 6.315000 52.672877 33.262922 2.484336 
2.000000 6.305000 52.672877 33.210249 2.484336 
2.000000 6.295000 52.672877 33.157576 2.484336 
2.000000 6.285000 52.672877 33.104903 2.484336 
2.000000 6.275000 52.672877 33.052230 2.484336 
2.000000 6.265000 52.672877 32.999557 2.484336 
2.000000 6.255000 52.672877 32.946884 2.484336 
2.000000 6.245000 52.672877 32.894211 2.484336 
2.000000 6.235000 52.672877 32.841539 2.484336 
2.000000 6.225000 52.672877 32.788866 2.484336 
2.000000 6.215000 52.672877 32.736193 2.484336 
2.000000 6.205000 52.672877 32.683520 2.484336 
2.000000 6.195000 52.672877 32.630847 2.484336 
2.000000 6.185000 52.672877 32.578174 2.484336 
2.000000 6.175000 52.672877 32.525501 2.484336 
2.000000 6.165000 52.672877 32.472828 2.484336 
2.000000 6.155000 52.672877 32.420156 2.484336 
2.000000 6.145000 52.672877 32.367483 2.484336 
2.000000 6.135000 52.672877 32.314810 2.484336 
2.000000 6.125000 52.672877 32.262137 2.484336 
2.000000 6.115000 52.672877 32.209464 2.484336 
2.000000 6.105000 52.672877 32.156791 2.484336 
2.000000 6.095000 52.672877 32.104118 2.484336 
2.000000 6.085000 52.672877 32.051445 2.484336 
2.000000 6.075000 52.672877 31.998773 2.484336 
2.000000 6.065000 52.672877 31.946100 2.484336 
2.000000 6.055000 52.672877 31.893427 2.484336 
2.000000 6.045000 52.672877 31.840754 2.484336 
2.000000 6.035000 52.672877 31.788081 2.484336 
2.000000 6.025000 52.672877 31.735408 2.484336 
2.000000 6.015000 52.672877 31.682735 2.484336 
2.000000 6.005000 52.672877 31.630062 2.484336 
2.000000 5.995000 52.672877 31.577390 2.484336 
2.000000 5.985000 52.672877 31.524717 2.484336 
2.000000 5.975000 52.672877 31.472044 2.484336 
2.000000 5.965000 52.672877 31.419371 2.484336 
2.000000 5.955000 52.672877 31.366698 2.484336 
2.000000 5.945000 52.672877 31.314025 2.484336 
2.000000 5.935000 52.672877 31.261352 2.484336 
2.000000 5.925000 52.672877 31.208679 2.484336 
2.000000 5.915000 52.672877 31.156006 2.484336 
2.000000 5.905000 52.672877 31.103334 2.484336 
2.000000 5.895000 52.672877 31.050661 2.484336 
2.000000 5.885000 52.672877 30.997988 2.484336 
2.000000 5.875000 52.672877 30.945315 2.484336 
2.000000 5.865000 52.672877 30.892642 2.484336 
2.000000 5.855000 52.672877 30.839969 2.484336 
2.000000 5.845000 52.672877 30.787296 2.484336 
2.000000 5.835000 52.672877 30.734623 2.484336 
2.000000 5.825000 52.672877 30.681951 2.484336 
2.000000 5.815000 52.672877 30.629278 2.484336 
2.000000 5.805000 52.672877 30.576605 2.484336 
2.000000 5.795000 52.672877 30.523932 2.484336 
2.000000 5.785000 52.672877 30.471259 2.484336 
2.000000 5.775000 52.672877 30.418586 2.484336 
2.000000 5.765000 52.672877 30.365913 2.484336 
2.000000 5.755000 52.672877 30.313240 2.484336 
2.000000 5.745000 52.672877 30.260568 2.484336 
2.000000 5.735000 52.672877 30.207895 2.484336 
2.000000 5.725000 52.672877 30.155222 2.484336 
2.000000 5.715000 52.672877 30.102549 2.484336 
2.000000 5.705000 52.672877 30.049876 2.484336 
2.000000 5.695000 52.672877 29.997203 2.484336 
2.000000 5.685000 52.672877 29.944530 2.484336 
2.000000 5.675000 52.672877 29.891857 2.484336 
2.000000 5.665000 52.672877 29.839185 2.484336 
2.000000 5.655000 52.672877 29.786512 2.484336 
2.000000 5.645000 52.672877 29.733839 2.484336 
2.000000 5.635000 52.672877 29.681166 2.484336 
2.000000 5.625000 52.672877 29.628493 2.484336 
2.000000 5.615000 52.672877 29.575820 2.484336 
2.000000 5.605000 52.672877 29.523147 2.484336 
2.000000 5.595000 52.672877 29.470474 2.484336 
2.000000 5.585000 52.672877 29.417802 2.484336 
2.000000 5.575000 52.672877 29.365129 2.484336 
2.000000 5.565000 52.672877 29.312456 2.484336 
2.000000 5.555000 52.672877 29.259783 2.484336 
2.000000 5.545000 52.672877 29.207110 2.484336 
2.000000 5.535000 52.672877 29.154437 2.484336 
2.000000 5.525000 52.672877 29.101764 2.484336 
2.000000 5.515000 52.672877 29.049091 2.484336 
2.000000 5.505000 52.672877 28.996419 2.484336 
2.000000 5.495000 52.672877 28.943746 2.484336 
2.000000 5.485000 52.672877 28.891073 2.484336 
2.000000 5.475000 52.672877 28.838400 2.484336 
2.000000 5.465000 52.672877 28.785727 2.484336 
2.000000 5.455000 52.672877 28.733054 2.484336 
2.000000 5.445000 52.672877 28.680381 2.484336 
2.000000 5.435000 52.672877 28.627708 2.484336 
2.000000 5.425000 52.672877 28.575036 2.484336 
2.000000 5.415000 52.672877 28.522363 2.484336 
2.000000 5.405000 52.672877 28.469690 2.484336 
2.000000 5.395000 52.672877 28.417017 2.484336 
2.000000 5.385000 52.672877 28.364344 2.484336 
2.000000 5.375000 52.672877 28.311671 2.484336 
2.000000 5.365000 52.672877 28.258998 2.484336 
2.000000 5.355000 52.672877 28.206325 2.484336 
2.000000 5.345000 52.672877 28.153653 2.484336 
2.000000 5.335000 52.672877 28.100980 2.484336 
2.000000 5.325000 52.672877 28.048307 2.484336 
2.000000 5.315000 52.672877 27.995634 2.484336 
2.000000 5.305000 52.672877 27.942961 2.484336 
2.000000 5.295000 52.672877 27.890288 2.484336 
2.000000 5.285000 52.672877 27.837615 2.484336 
2.000000 5.275000 52.672877 27.784942 2.484336 
2.000000 5.265000 52.672877 27.732270 2.484336 
2.000000 5.255000 52.672877 27.679597 2.484336 
2.000000 5.245000 52.672877 27.626924 2.484336 
2.000000 5.235000 52.672877 27.574251 2.484336 
2.000000 5.225000 52.672877 27.521578 2.484336 
2.000000 5.215000 52.672877 27.468905 2.484336 
2.000000 5.205000 52.672877 27.416232 2.484336 
2.000000 5.195000 52.672877 27.363559 2.484336 
2.000000 5.185000 52.672877 27.310887 2.484336 
2.000000 5.175000 52.672877 27.258214 2.484336 
2.000000 5.165000 52.672877 27.205541 2.484336 
2.000000 5.155000 52.672877 27.152868 2.484336 
2.000000 5.145000 52.672877 27.100195 2.484336 
2.000000 5.135000 52.672877 27.047522 2.484336 
2.000000 5.125000 52.672877 26.994849 2.484336 
2.000000 5.115000 52.672877 26.942176 2.484336 
2.000000 5.105000 52.672877 26.889503 2.484336 
2.000000 5.095000 52.672877 26.836831 2.484336 
2.000000 5.085000 52.672877 26.784158 2.484336 
2.000000 5.075000 52.672877 26.731485 2.484336 
2.000000 5.065000 52.672877 26.678812 2.484336 
2.000000 5.055000 52.672877 26.626139 2.484336 
2.000000 5.045000 52.672877 26.573466 2.484336 
2.000000 5.035000 52.672877 26.520793 2.484336 
2.000000 5.025000 52.672877 26.468120 2.484336 
2.000000 5.015000 52.672877 26.415448 2.484336 
2.000000 5.005000 52.672877 26.362775 2.484336 
2.000000 4.995000 52.672877 26.310102 2.484336 
2.000000 4.985000 52.672877 26.257429 2.484336 
2.000000 4.975000 52.672877 26.204756 2.484336 
2.000000 4.965000 52.672877 26.152083 2.484336 
2.000000 4.955000 52.672877 26.099410 2.484336 
2.000000 4.945000 52.672877 26.046737 2.484336 
2.000000 4.935000 52.672877 25.994065 2.484336 
2.000000 4.925000 52.672877 25.941392 2.484336 
2.000000 4.915000 52.672877 25.888719 2.484336 
2.000000 4.905000 52.672877 25.836046 2.484336 
2.000000 4.895000 52.672877 25.783373 2.484336 
2.000000 4.885000 52.672877 25.730700 2.484336 
2.000000 4.875000 52.672877 25.678027 2.484336 
2.000000 4.865000 52.672877 25.625354 2.484336 
2.000000 4.855000 52.672877 25.572682 2.484336 
2.000000 4.845000 52.672877 25.520009 2.484336 
2.000000 4.835000 52.672877 25.467336 2.484336 
2.000000 4.825000 52.672877 25.414663 2.484336 
2.000000 4.815000 52.672877 25.361990 2.484336 
2.000000 4.805000 52.672877 25.309317 2.484336 
2.000000 4.795000 52.672877 25.256644 2.484336 
2.000000 4.785000 52.672877 25.203971 2.484336 
2.000000 4.775000 52.672877 25.151299 2.484336 
2.000000 4.765000 52.672877 25.098626 2.484336 
2.000000 4.755000 52.672877 25.045953 2.484336 
2.000000 4.745000 52.672877 24.993280 2.484336 
2.000000 4.735000 52.672877 24.940607 2.484336 
2.000000 4.725000 52.672877 24.887934 2.484336 
2.000000 4.715000 52.672877 24.835261 2.484336 
2.000000 4.705000 52.672877 24.782588 2.484336 
2.000000 4.695000 52.672877 24.729916 2.484336 
2.000000 4.685000 52.672877 24.677243 2.484336 
2.000000 4.675000 52.672877 24.624570 2.484336 
2.000000 4.665000 52.672877 24.571897 2.484336 
2.000000 4.655000 52.672877 24.519224 2.484336 
2.000000 4.645000 52.672877 24.466551 2.484336 
2.000000 4.635000 52.672877 24.413878 2.484336 
2.000000 4.625000 52.672877 24.361205 2.484336 
2.000000 4.615000 52.672877 24.308533 2.484336 
2.000000 4.605000 52.672877 24.255860 2.484336 
2.000000 4.595000 52.672877 24.203187 2.484336 
2.000000 4.585000 52.672877 24.150514 2.484336 
2.000000 4.575000 52.672877 24.097841 2.484336 
2.000000 4.565000 52.672877 24.045168 2.484336 
2.000000 4.555000 52.672877 23.992495 2.484336 
2.000000 4.545000 52.672877 23.939822 2.484336 
2.000000 4.535000 52.672877 23.887150 2.484336 
2.000000 4.525000 52.672877 23.834477 2.484336 
2.000000 4.515000 52.672877 23.781804 2.484336 
2.000000 4.505000 52.672877 23.729131 2.484336 
2.000000 4.495000 52.672877 23.676458 2.484336 
2.000000 4.485000 52.672877 23.623785 2.484336 
2.000000 4.475000 52.672877 23.571112 2.484336 
2.000000 4.465000 52.672877 23.518439 2.484336 
2.000000 4.455000 52.672877 23.465767 2.484336 
2.000000 4.445000 52.672877 23.413094 2.484336 
2.000000 4.435000 52.672877 23.360421 2.484336 
2.000000 4.425000 52.672877 23.307748 2.484336 
2.000000 4.415000 52.672877 23.255075 2.484336 
2.000000 4.405000 52.672877 23.202402 2.484336 
2.000000 4.395000 52.672877 23.149729 2.484336 
2.000000 4.385000 52.672877 23.097056 2.484336 
2.000000 4.375000 52.672877 23.044383 2.484336 
2.000000 4.365000 52.672877 22.991711 2.484336 
2.000000 4.355000 52.672877 22.939038 2.484336 
2.000000 4.345000 52.672877 22.886365 2.484336 
2.000000 4.335000 52.672877 22.833692 2.484336 
2.000000 4.325000 52.672877 22.781019 2.484336 
2.000000 4.315000 52.672877 22.728346 2.484336 
2.000000 4.305000 52.672877 22.675673 2.484336 
2.000000 4.295000 52.672877 22.623000 2.484336 
2.000000 4.285000 52.672877 22.570328 2.484336 
2.000000 4.275000 52.672877 22.517655 2.484336 
2.000000 4.265000 52.672877 22.464982 2.484336 
2.000000 4.255000 52.672877 22.412309 2.484336 
2.000000 4.245000 52.672877 22.359636 2.484336 
2.000000 4.235000 52.672877 22.306963 2.484336 
2.000000 4.225000 52.672877 22.254290 2.484336 
2.000000 4.215000 52.672877 22.201617 2.484336 
2.000000 4.205000 52.672877 22.148945 2.484336 
2.000000 4.195000 52.672877 22.096272 2.484336 
2.000000 4.185000 52.672877 22.043599 2.484336 
2.000000 4.175000 52.672877 21.990926 2.484336 
2.000000 4.165000 52.672877 21.938253 2.484336 
2.000000 4.155000 52.672877 21.885580 2.484336 
2.000000 4.145000 52.672877 21.832907 2.484336 
2.000000 4.135000 52.672877 21.780234 2.484336 
2.000000 4.125000 52.672877 21.727562 2.484336 
2.000000 4.115000 52.672877 21.674889 2.484336 
2.000000 4.105000 52.672877 21.622216 2.484336 
2.000000 4.095000 52.672877 21.569543 2.484336 
2.000000 4.085000 52.672877 21.516870 2.484336 
2.000000 4.075000 52.672877 21.464197 2.484336 
2.000000 4.065000 52.672877 21.411524 2.484336 
2.000000 4.055000 52.672877 21.358851 2.484336 
2.000000 4.045000 52.672877 21.306179 2.484336 
2.000000 4.035000 52.672877 21.253506 2.484336 
2.000000 4.025000 52.672877 21.200833 2.484336 
2.000000 4.015000 52.672877 21.148160 2.484336 
2.000000 4.005000 52.672877 21.095487 2.484336 
2.000000 3.995000 52.672877 21.042814 2.484336 
2.000000 3.985000 52.672877 20.990141 2.484336 
2.000000 3.975000 52.672877 20.937468 2.484336 
2.000000 3.965000 52.672877 20.884796 2.484336 
2.000000 3.955000 52.672877 20.832123 2.484336 
2.000000 3.945000 52.672877 20.779450 2.484336 
2.000000 3.935000 52.672877 20.726777 2.484336 
2.000000 3.925000 52.672877 20.674104 2.484336 
2.000000 3.915000 52.672877 20.621431 2.484336 
2.000000 3.905000 52.672877 20.568758 2.484336 
2.000000 3.895000 52.672877 20.516085 2.484336 
2.000000 3.885000 52.672877 20.463413 2.484336 
2.000000 3.875000 52.672877 20.410740 2.484336 
2.000000 3.865000 52.672877 20.358067 2.484336 
2.000000 3.855000 52.672877 20.305394 2.484336 
2.000000 3.845000 52.672877 20.252721 2.484336 
2.000000 3.835000 52.672877 20.200048 2.484336 
2.000000 3.825000 52.672877 20.147375 2.484336 
2.000000 3.815000 52.672877 20.094702 2.484336 
2.000000 3.805000 52.672877 20.042030 2.484336 
2.000000 3.795000 52.672877 19.989357 2.484336 
2.000000 3.785000 52.672877 19.936684 2.484336 
2.000000 3.775000 52.672877 19.884011 2.484336 
2.000000 3.765000 52.672877 19.831338 2.484336 
2.000000 3.755000 52.672877 19.778665 2.484336 
2.000000 3.745000 52.672877 19.725992 2.484336 
2.000000 3.735000 52.672877 19.673319 2.484336 
2.000000 3.725000 52.672877 19.620647 2.484336 
2.000000 3.715000 52.672877 19.567974 2.484336 
2.000000 3.705000 52.672877 19.515301 2.484336 
2.000000 3.695000 52.672877 19.462628 2.484336 
2.000000 3.685000 52.672877 19.409955 2.484336 
2.000000 3.675000 52.672877 19.357282 2.484336 
2.000000 3.665000 52.672877 19.304609 2.484336 
2.000000 3.655000 52.672877 19.251936 2.484336 
2.000000 3.645000 52.672877 19.199264 2.484336 
2.000000 3.635000 52.672877 19.146591 2.484336 
2.000000 3.625000 52.672877 19.093918 2.484336 
2.000000 3.615000 52.672877 19.041245 2.484336 
2.000000 3.605000 52.672877 18.988572 2.484336 
2.000000 3.595000 52.672877 18.935899 2.484336 
2.000000 3.585000 52.672877 18.883226 2.484336 
2.000000 3.575000 52.672877 18.830553 2.484336 
2.000000 3.565000 52.672877 18.777880 2.484336 
2.000000 3.555000 52.672877 18.725208 2.484336 
2.000000 3.545000 52.672877 18.672535 2.484336 
2.000000 3.535000 52.672877 18.619862 2.484336 
2.000000 3.525000 52.672877 18.567189 2.484336 
2.000000 3.515000 52.672877 18.514516 2.484336 
2.000000 3.505000 52.672877 18.461843 2.484336 
2.000000 3.495000 52.672877 18.409170 2.484336 
2.000000 3.485000 52.672877 18.356497 2.484336 
2.000000 3.475000 52.672877 18.303825 2.484336 
2.000000 3.465000 52.672877 18.251152 2.484336 
2.000000 3.455000 52.672877 18.198479 2.484336 
2.000000 3.445000 52.672877 18.145806 2.484336 
2.000000 3.435000 52.672877 18.093133 2.484336 
2.000000 3.425000 52.672877 18.040460 2.484336 
2.000000 3.415000 52.672877 17.987787 2.484336 
2.000000 3.405000 52.672877 17.935114 2.484336 
2.000000 3.395000 52.672877 17.882442 2.484336 
2.000000 3.385000 52.672877 17.829769 2.484336 
2.000000 3.375000 52.672877 17.777096 2.484336 
2.000000 3.365000 52.672877 17.724423 2.484336 
2.000000 3.355000 52.672877 17.671750 2.484336 
2.000000 3.345000 52.672877 17.619077 2.484336 
2.000000 3.335000 52.672877 17.566404 2.484336 
2.000000 3.325000 52.672877 17.513731 2.484336 
2.000000 3.315000 52.672877 17.461059 2.484336 
2.000000 3.305000 52.672877 17.408386 2.484336 
2.000000 3.295000 52.672877 17.355713 2.484336 
2.000000 3.285000 52.672877 17.303040 2.484336 
2.000000 3.275000 52.672877 17.250367 2.484336 
2.000000 3.265000 52.672877 17.197694 2.484336 
2.000000 3.255000 52.672877 17.145021 2.484336 
2.000000 3.245000 52.672877 17.092348 2.484336 
2.000000 3.235000 52.672877 17.039676 2.484336 
2.000000 3.225000 52.672877 16.987003 2.484336 
2.000000 3.215000 52.672877 16.934330 2.484336 
2.000000 3.205000 52.672877 16.881657 2.484336 
2.000000 3.195000 52.672877 16.828984 2.484336 
2.000000 3.185000 52.672877 16.776311 2.484336 
2.000000 3.175000 52.672877 16.723638 2.484336 
2.000000 3.165000 52.672877 16.670965 2.484336 
2.000000 3.155000 52.672877 16.618293 2.484336 
2.000000 3.145000 52.672877 16.565620 2.484336 
2.000000 3.135000 52.672877 16.512947 2.484336 
2.000000 3.125000 52.672877 16.460274 2.484336 
2.000000 3.115000 52.672877 16.407601 2.484336 
2.000000 3.105000 52.672877 16.354928 2.484336 
2.000000 3.095000 52.672877 16.302255 2.484336 
2.000000 3.085000 52.672877 16.249582 2.484336 
2.000000 3.075000 52.672877 16.196910 2.484336 
2.000000 3.065000 52.672877 16.144237 2.484336 
2.000000 3.055000 52.672877 16.091564 2.484336 
2.000000 3.045000 52.672877 16.038891 2.484336 
2.000000 3.035000 52.672877 15.986218 2.484336 
2.000000 3.025000 52.672877 15.933545 2.484336 
2.000000 3.015000 52.672877 15.880872 2.484336 
2.000000 3.005000 52.672877 15.828199 2.484336 
2.000000 2.995000 52.672877 15.775527 2.484336 
2.000000 2.985000 52.672877 15.722854 2.484336 
2.000000 2.975000 52.672877 15.670181 2.484336 
2.000000 2.965000 52.672877 15.617508 2.484336 
2.000000 2.955000 52.672877 15.564835 2.484336 
2.000000 2.945000 52.672877 15.512162 2.484336 
2.000000 2.935000 52.672877 15.459489 2.484336 
2.000000 2.925000 52.672877 15.406816 2.484336 
2.000000 2.915000 52.672877 15.354144 2.484336 
2.000000 2.905000 52.672877 15.301471 2.484336 
2.000000 2.895000 52.672877 15.248798 2.484336 
2.000000 2.885000 52.672877 15.196125 2.484336 
2.000000 2.875000 52.672877 15.143452 2.484336 
2.000000 2.865000 52.672877 15.090779 2.484336 
2.000000 2.855000 52.672877 15.038106 2.484336 
2.000000 2.845000 52.672877 14.985433 2.484336 
2.000000 2.835000 52.672877 14.932761 2.484336 
2.000000 2.825000 52.672877 14.880088 2.484336 
2.000000 2.815000 52.672877 14.827415 2.484336 
2.000000 2.805000 52.672877 14.774742 2.484336 
2.000000 2.795000 52.672877 14.722069 2.484336 
2.000000 2.785000 52.672877 14.669396 2.484336 
2.000000 2.775000 52.672877 14.616723 2.484336 
2.000000 2.765000 52.672877 14.564050 2.484336 
2.000000 2.755000 52.672877 14.511377 2.484336 
2.000000 2.745000 52.672877 14.458705 2.484336 
2.000000 2.735000 52.672877 14.406032 2.484336 
2.000000 2.725000 52.672877 14.353359 2.484336 
2.000000 2.715000 52.672877 14.300686 2.484336 
2.000000 2.705000 52.672877 14.248013 2.484336 
2.000000 2.695000 52.672877 14.195340 2.484336 
2.000000 2.685000 52.672877 14.142667 2.484336 
2.000000 2.675000 52.672877 14.089994 2.484336 
2.000000 2.665000 52.672877 14.037322 2.484336 
2.000000 2.655000 52.672877 13.984649 2.484336 
2.000000 2.645000 52.672877 13.931976 2.484336 
2.000000 2.635000 52.672877 13.879303 2.484336 
2.000000 2.625000 52.672877 13.826630 2.484336 
2.000000 2.615000 52.672877 13.773957 2.484336 
2.000000 2.605000 52.672877 13.721284 2.484336 
2.000000 2.595000 52.672877 13.668611 2.484336 
2.000000 2.585000 52.672877 13.615939 2.484336 
2.000000 2.575000 52.672877 13.563266 2.484336 
2.000000 2.565000 52.672877 13.510593 2.484336 
2.000000 2.555000 52.672877 13.457920 2.484336 
2.000000 2.545000 52.672877 13.405247 2.484336 
2.000000 2.535000 52.672877 13.352574 2.484336 
2.000000 2.525000 52.672877 13.299901 2.484336 
2.000000 2.515000 52.672877 13.247228 2.484336 
2.000000 2.505000 52.672877 13.194556 2.484336 
2.000000 2.495000 52.672877 13.141883 2.484336 
2.000000 2.485000 52.672877 13.089210 2.484336 
1.994658 2.475000 52.672877 13.036537 2.472091 
1.991043 2.465000 52.672877 12.983864 2.463049 
1.987385 2.455000 52.672877 12.931191 2.454066 
1.981815 2.445000 52.672877 12.878518 2.440697 
1.978047 2.435000 52.672877 12.825845 2.431854 
1.974235 2.425000 52.672877 12.773173 2.423063 
1.970380 2.415000 52.672877 12.720500 2.414323 
1.964514 2.405000 52.672877 12.667827 2.401305 
1.960548 2.395000 52.672877 12.615154 2.392685 
1.956537 2.385000 52.672877 12.562481 2.384111 
1.950439 2.375000 52.672877 12.509808 2.371331 
1.946317 2.365000 52.672877 12.457135 2.362863 
1.942150 2.355000 52.672877 12.404462 2.354435 
1.935816 2.345000 52.672877 12.351790 2.341865 
1.931537 2.335000 52.672877 12.299117 2.333531 
1.925034 2.325000 52.672877 12.246444 2.321096 
1.920641 2.315000 52.672877 12.193771 2.312847 
1.916203 2.305000 52.672877 12.141098 2.304631 
1.909461 2.295000 52.672877 12.088425 2.292363 
1.904908 2.285000 52.672877 12.035752 2.284222 
1.897993 2.275000 52.672877 11.983079 2.272060 
1.893325 2.265000 52.672877 11.930407 2.263985 
1.886236 2.255000 52.672877 11.877734 2.251919 
1.881451 2.245000 52.672877 11.825061 2.243904 
1.874187 2.235000 52.672877 11.772388 2.231922 
1.869285 2.225000 52.672877 11.719715 2.223960 
1.861844 2.215000 52.672877 11.667042 2.212052 
1.856823 2.205000 52.672877 11.614369 2.204136 
1.849204 2.195000 52.672877 11.561696 2.192293 
1.844064 2.185000 52.672877 11.509024 2.184417 
1.836264 2.175000 52.672877 11.456351 2.172630 
1.831004 2.165000 52.672877 11.403678 2.164788 
1.823023 2.155000 52.672877 11.351005 2.153046 
1.814932 2.145000 52.672877 11.298332 2.141328 
1.809476 2.135000 52.672877 11.245659 2.133527 
1.801201 2.125000 52.672877 11.192986 2.121840 
1.795622 2.115000 52.672877 11.140313 2.114057 
1.787159 2.105000 52.672877 11.087641 2.102394 
1.781456 2.095000 52.672877 11.034968 2.094624 
1.772805 2.085000 52.672877 10.982295 2.082974 
1.764041 2.075000 52.672877 10.929622 2.071330 
1.758135 2.065000 52.672877 10.876949 2.063568 
1.749179 2.055000 52.672877 10.824276 2.051924 
1.743144 2.045000 52.672877 10.771603 2.044160 
1.733995 2.035000 52.672877 10.718930 2.032509 
1.727830 2.025000 52.672877 10.666258 2.024737 
1.718485 2.015000 52.672877 10.613585 2.013070 
1.709021 2.005000 52.672877 10.560912 2.001390 
1.702646 1.995000 52.672877 10.508239 1.993594 
1.692983 1.985000 52.672877 10.455566 1.981885 
1.686473 1.975000 52.672877 10.402893 1.974067 
1.676608 1.965000 52.672877 10.350220 1.962320 
1.669963 1.955000 52.672877 10.297547 1.954474 
1.659893 1.945000 52.672877 10.244874 1.942681 
1.653111 1.935000 52.672877 10.192202 1.934801 
1.642834 1.925000 52.672877 10.139529 1.922953 
1.632431 1.915000 52.672877 10.086856 1.911068 
1.625425 1.905000 52.672877 10.034183 1.903123 
1.614810 1.895000 52.672877 9.981510 1.891169 
1.607662 1.885000 52.672877 9.928837 1.883175 
1.596833 1.875000 52.672877 9.876164 1.871143 
1.589541 1.865000 52.672877 9.823491 1.863093 
1.578493 1.855000 52.672877 9.770819 1.850974 
1.571055 1.845000 52.672877 9.718146 1.842863 
1.563557 1.835000 52.672877 9.665473 1.834725 
1.552199 1.825000 52.672877 9.612800 1.822467 
1.544552 1.815000 52.672877 9.560127 1.814259 
1.532968 1.805000 52.672877 9.507454 1.801889 
1.525169 1.795000 52.672877 9.454781 1.793603 
1.513356 1.785000 52.672877 9.402108 1.781112 
1.505402 1.775000 52.672877 9.349436 1.772741 
1.497387 1.765000 52.672877 9.296763 1.764335 
1.485245 1.755000 52.672877 9.244090 1.751654 
1.477071 1.745000 52.672877 9.191417 1.743152 
1.468834 1.735000 52.672877 9.138744 1.734609 
1.456356 1.725000 52.672877 9.086071 1.721716 
1.447957 1.715000 52.672877 9.033398 1.713067 
1.439492 1.705000 52.672877 8.980725 1.704372 
1.426670 1.695000 52.672877 8.928053 1.691242 
1.418039 1.685000 52.672877 8.875380 1.682428 
1.409340 1.675000 52.672877 8.822707 1.673564 
1.400574 1.665000 52.672877 8.770034 1.664648 
1.387296 1.655000 52.672877 8.717361 1.651174 
1.378357 1.645000 52.672877 8.664688 1.642122 
1.369349 1.635000 52.672877 8.612015 1.633013 
1.360271 1.625000 52.672877 8.559342 1.623844 
1.351122 1.615000 52.672877 8.506670 1.614614 
1.337263 1.605000 52.672877 8.453997 1.600652 
1.327934 1.595000 52.672877 8.401324 1.591262 
1.318532 1.585000 52.672877 8.348651 1.581804 
1.309056 1.575000 52.672877 8.295978 1.572277 
1.299506 1.565000 52.672877 8.243305 1.562679 
1.289881 1.555000 52.672877 8.190632 1.553007 
1.280180 1.545000 52.672877 8.137959 1.543259 
1.270402 1.535000 52.672877 8.085287 1.533433 
1.260548 1.525000 52.672877 8.032614 1.523526 
1.250616 1.515000 52.672877 7.979941 1.513537 
1.240605 1.505000 52.672877 7.927268 1.503462 
1.230514 1.495000 52.672877 7.874595 1.493300 
1.220344 1.485000 52.672877 7.821922 1.483047 
1.210092 1.475000 52.672877 7.769249 1.472700 
1.199759 1.465000 52.672877 7.716576 1.462257 
1.189343 1.455000 52.672877 7.663904 1.451716 
1.178844 1.445000 52.672877 7.611231 1.441072 
1.168260 1.435000 52.672877 7.558558 1.430322 
1.162936 1.425000 52.672877 7.505885 1.424907 
1.152224 1.415000 52.672877 7.453212 1.413994 
1.141425 1.405000 52.672877 7.400539 1.402966 
1.130539 1.395000 52.672877 7.347866 1.391822 
1.119563 1.385000 52.672877 7.295193 1.380555 
1.114042 1.375000 52.672877 7.242521 1.374876 
1.102931 1.365000 52.672877 7.189848 1.363420 
1.091729 1.355000 52.672877 7.137175 1.351834 
1.080435 1.345000 52.672877 7.084502 1.340111 
1.074753 1.335000 52.672877 7.031829 1.334198 
1.063318 1.325000 52.672877 6.979156 1.322263 
1.051787 1.315000 52.672877 6.926483 1.310181 
1.045986 1.305000 52.672877 6.873810 1.304083 
1.034310 1.295000 52.672877 6.821138 1.291770 
1.022535 1.285000 52.672877 6.768465 1.279296 
1.016610 1.275000 52.672877 6.715792 1.272998 
1.004686 1.265000 52.672877 6.663119 1.260272 
0.998685 1.255000 52.672877 6.610446 1.253844 
0.986607 1.245000 52.672877 6.557773 1.240853 
0.980529 1.235000 52.672877 6.505100 1.234289 
0.968294 1.225000 52.672877 6.452427 1.221018 
0.962137 1.215000 52.672877 6.399755 1.214310 
0.949742 1.205000 52.672877 6.347082 1.200743 
0.943504 1.195000 52.672877 6.294409 1.193882 
0.930946 1.185000 52.672877 6.241736 1.180001 
0.924625 1.175000 52.672877 6.189063 1.172979 
0.911900 1.165000 52.672877 6.136390 1.158766 
0.905494 1.155000 52.672877 6.083717 1.151573 
0.899060 1.145000 52.672877 6.031044 1.144321 
0.886105 1.135000 52.672877 5.978371 1.129634 
0.879584 1.125000 52.672877 5.925699 1.122196 
0.873032 1.115000 52.672877 5.873026 1.114694 
0.859841 1.105000 52.672877 5.820353 1.099491 
0.853199 1.095000 52.672877 5.767680 1.091788 
0.846527 1.085000 52.672877 5.715007 1.084015 
0.833090 1.075000 52.672877 5.662334 1.068252 
0.826325 1.065000 52.672877 5.609661 1.060259 
0.819528 1.055000 52.672877 5.556988 1.052190 
0.812698 1.045000 52.672877 5.504316 1.044043 
0.798943 1.035000 52.672877 5.451643 1.027507 
0.792016 1.025000 52.672877 5.398970 1.019114 
0.785056 1.015000 52.672877 5.346297 1.010635 
0.778062 1.005000 52.672877 5.293624 1.002069 
0.771035 0.995000 52.672877 5.240951 0.993413 
0.763973 0.985000 52.672877 5.188278 0.984665 
0.749746 0.975000 52.672877 5.135605 0.966884 
0.742580 0.965000 52.672877 5.082933 0.957846 
0.735378 0.955000 52.672877 5.030260 0.948707 
0.728140 0.945000 52.672877 4.977587 0.939463 
0.720866 0.935000 52.672877 4.924914 0.930112 
0.713556 0.925000 52.672877 4.872241 0.920651 
0.706208 0.915000 52.672877 4.819568 0.911078 
0.698823 0.905000 52.672877 4.766895 0.901389 
0.691400 0.895000 52.672877 4.714222 0.891581 
0.683938 0.885000 52.672877 4.661550 0.881651 
0.676438 0.875000 52.672877 4.608877 0.871595 
0.668899 0.865000 52.672877 4.556204 0.861410 
0.661320 0.855000 52.672877 4.503531 0.851093 
0.653701 0.845000 52.672877 4.450858 0.840638 
0.646042 0.835000 52.672877 4.398185 0.830042 
0.638342 0.825000 52.672877 4.345512 0.819301 
0.630600 0.815000 52.672877 4.292839 0.808411 
0.622816 0.805000 52.672877 4.240167 0.797366 
0.614989 0.795000 52.672877 4.187494 0.786162 
0.607120 0.785000 52.672877 4.134821 0.774795 
0.607120 0.775000 52.672877 4.082148 0.774795 
0.599206 0.765000 52.672877 4.029475 0.763258 
0.591249 0.755000 52.672877 3.976802 0.751545 
0.583247 0.745000 52.672877 3.924129 0.739652 
0.575200 0.735000 52.672877 3.871456 0.727572 
0.567106 0.725000 52.672877 3.818784 0.715299 
0.558966 0.715000 52.672877 3.766111 0.702826 
0.558966 0.705000 52.672877 3.713438 0.702826 
0.550779 0.695000 52.672877 3.660765 0.690145 
0.542544 0.685000 52.672877 3.608092 0.677249 
0.534260 0.675000 52.672877 3.555419 0.664131 
0.534260 0.665000 52.672877 3.502746 0.664131 
0.525927 0.655000 52.672877 3.450073 0.650781 
0.517545 0.645000 52.672877 3.397401 0.637192 
0.509111 0.635000 52.672877 3.344728 0.623354 
0.509111 0.625000 52.672877 3.292055 0.623354 
0.500626 0.615000 52.672877 3.239382 0.609256 
0.492089 0.605000 52.672877 3.186709 0.594888 
0.492089 0.595000 52.672877 3.134036 0.594888 
0.483498 0.585000 52.672877 3.081363 0.580240 
0.474854 0.575000 52.672877 3.028690 0.565300 
0.466155 0.565000 52.672877 2.976018 0.550054 
0.466155 0.555000 52.672877 2.923345 0.550054 
0.457401 0.545000 52.672877 2.870672 0.534489 
0.457401 0.535000 52.672877 2.817999 0.534489 
0.448589 0.525000 52.672877 2.765326 0.518592 
0.439721 0.515000 52.672877 2.712653 0.502347 
0.439721 0.505000 52.672877 2.659980 0.502347 
0.430794 0.495000 52.672877 2.607307 0.485738 
0.421807 0.485000 52.672877 2.554635 0.468747 
0.421807 0.475000 52.672877 2.501962 0.468747 
0.412760 0.465000 52.672877 2.449289 0.451356 
0.412760 0.455000 52.672877 2.396616 0.451356 
0.403651 0.445000 52.672877 2.343943 0.433544 
0.403651 0.435000 52.672877 2.291270 0.433544 
0.394480 0.425000 52.672877 2.238597 0.415291 
0.385244 0.415000 52.672877 2.185924 0.396572 
0.385244 0.405000 52.672877 2.133252 0.396572 
0.375944 0.395000 52.672877 2.080579 0.377362 
0.375944 0.385000 52.672877 2.027906 0.377362 
0.366577 0.375000 52.672877 1.975233 0.357635 
0.366577 0.365000 52.672877 1.922560 0.357635 
0.357143 0.355000 52.672877 1.869887 0.337361 
0.357143 0.345000 52.672877 1.817214 0.337361 
0.347640 0.335000 52.672877 1.764541 0.316508 
0.347640 0.325000 52.672877 1.711868 0.316508 
0.338066 0.315000 52.672877 1.659196 0.295041 
0.338066 0.305000 52.672877 1.606523 0.295041 
0.328421 0.295000 52.672877 1.553850 0.272922 
0.328421 0.285000 52.672877 1.501177 0.272922 
0.328421 0.275000 52.672877 1.448504 0.272922 
0.318703 0.265000 52.672877 1.395831 0.250110 
0.318703 0.255000 52.672877 1.343158 0.250110 
0.308910 0.245000 52.672877 1.290485 0.226559 
0.308910 0.235000 52.672877 1.237813 0.226559 
0.299041 0.225000 52.672877 1.185140 0.202218 
0.299041 0.215000 52.672877 1.132467 0.202218 
0.299041 0.205000 52.672877 1.079794 0.202218 
0.289095 0.195000 52.672877 1.027121 0.177033 
0.289095 0.185000 52.672877 0.974448 0.177033 
0.279069 0.175000 52.672877 0.921775 0.150943 
0.279069 0.165000 52.672877 0.869102 0.150943 
0.279069 0.155000 52.672877 0.816430 0.150943 
0.268961 0.145000 52.672877 0.763757 0.123880 
0.268961 0.135000 52.672877 0.711084 0.123880 
0.268961 0.125000 52.672877 0.658411 0.123880 
0.258771 0.115000 52.672877 0.605738 0.095769 
0.258771 0.105000 52.672877 0.553065 0.095769 
0.248497 0.095000 52.672877 0.500392 0.066526 
0.248497 0.085000 52.672877 0.447719 0.066526 
0.248497 0.075000 52.672877 0.395047 0.066526 
0.238136 0.065000 52.672877 0.342374 0.036058 
0.238136 0.055000 52.672877 0.289701 0.036058 
0.238136 0.045000 52.672877 0.237028 0.036058 
0.227687 0.035000 52.672877 0.184355 0.004258 
0.227687 0.025000 52.672877 0.131682 0.004258 
0.227687 0.015000 52.672877 0.079009 0.004258 
