2.000000 9.985000 21.852594 21.819815 1.526654 
2.000000 9.975000 21.852594 21.797963 1.526654 
2.000000 9.965000 21.852594 21.776110 1.526654 
2.000000 9.955000 21.852594 21.754258 1.526654 
2.000000 9.945000 21.852594 21.732405 1.526654 
2.000000 9.935000 21.852594 21.710552 1.526654 
2.000000 9.925000 21.852594 21.688700 1.526654 
2.000000 9.915000 21.852594 21.666847 1.526654 
2.000000 9.905000 21.852594 21.644995 1.526654 
2.000000 9.895000 21.852594 21.623142 1.526654 
2.000000 9.885000 21.852594 21.601289 1.526654 
2.000000 9.875000 21.852594 21.579437 1.526654 
2.000000 9.865000 21.852594 21.557584 1.526654 
2.000000 9.855000 21.852594 21.535732 1.526654 
2.000000 9.845000 21.852594 21.513879 1.526654 
2.000000 9.835000 21.852594 21.492026 1.526654 
2.000000 9.825000 21.852594 21.470174 1.526654 
2.000000 9.815000 21.852594 21.448321 1.526654 
2.000000 9.805000 21.852594 21.426469 1.526654 
2.000000 9.795000 21.852594 21.404616 1.526654 
2.000000 9.785000 21.852594 21.382764 1.526654 
2.000000 9.775000 21.852594 21.360911 1.526654 
2.000000 9.765000 21.852594 21.339058 1.526654 
2.000000 9.755000 21.852594 21.317206 1.526654 
2.000000 9.745000 21.852594 21.295353 1.526654 
2.000000 9.735000 21.852594 21.273501 1.526654 
2.000000 9.725000 21.852594 21.251648 1.526654 
2.000000 9.715000 21.852594 21.229795 1.526654 
2.000000 9.705000 21.852594 21.207943 1.526654 
2.000000 9.695000 21.852594 21.186090 1.526654 
2.000000 9.685000 21.852594 21.164238 1.526654 
2.000000 9.675000 21.852594 21.142385 1.526654 
2.000000 9.665000 21.852594 21.120532 1.526654 
2.000000 9.655000 21.852594 21.098680 1.526654 
2.000000 9.645000 21.852594 21.076827 1.526654 
2.000000 9.635000 21.852594 21.054975 1.526654 
2.000000 9.625000 21.852594 21.033122 1.526654 
2.000000 9.615000 21.852594 21.011269 1.526654 
2.000000 9.605000 21.852594 20.989417 1.526654 
2.000000 9.595000 21.852594 20.967564 1.526654 
2.000000 9.585000 21.852594 20.945712 1.526654 
2.000000 9.575000 21.852594 20.923859 1.526654 
2.000000 9.565000 21.852594 20.902006 1.526654 
2.000000 9.555000 21.852594 20.880154 1.526654 
2.000000 9.545000 21.852594 20.858301 1.526654 
2.000000 9.535000 21.852594 20.836449 1.526654 
2.000000 9.525000 21.852594 20.814596 1.526654 
2.000000 9.515000 21.852594 20.792743 1.526654 
2.000000 9.505000 21.852594 20.770891 1.526654 
2.000000 9.495000 21.852594 20.749038 1.526654 
2.000000 9.485000 21.852594 20.727186 1.526654 
2.000000 9.475000 21.852594 20.705333 1.526654 
2.000000 9.465000 21.852594 20.683480 1.526654 
2.000000 9.455000 21.852594 20.661628 1.526654 
2.000000 9.445000 21.852594 20.639775 1.526654 
2.000000 9.435000 21.852594 20.617923 1.526654 
2.000000 9.425000 21.852594 20.596070 1.526654 
2.000000 9.415000 21.852594 20.574218 1.526654 
2.000000 9.405000 21.852594 20.552365 1.526654 
2.000000 9.395000 21.852594 20.530512 1.526654 
2.000000 9.385000 21.852594 20.508660 1.526654 
2.000000 9.375000 21.852594 20.486807 1.526654 
2.000000 9.365000 21.852594 20.464955 1.526654 
2.000000 9.355000 21.852594 20.443102 1.526654 
2.000000 9.345000 21.852594 20.421249 1.526654 
2.000000 9.335000 21.852594 20.399397 1.526654 
2.000000 9.325000 21.852594 20.377544 1.526654 
2.000000 9.315000 21.852594 20.355692 1.526654 
2.000000 9.305000 21.852594 20.333839 1.526654 
2.000000 9.295000 21.852594 20.311986 1.526654 
2.000000 9.285000 21.852594 20.290134 1.526654 
2.000000 9.275000 21.852594 20.268281 1.526654 
2.000000 9.265000 21.852594 20.246429 1.526654 
2.000000 9.255000 21.852594 20.224576 1.526654 
2.000000 9.245000 21.852594 20.202723 1.526654 
2.000000 9.235000 21.852594 20.180871 1.526654 
2.000000 9.225000 21.852594 20.159018 1.526654 
2.000000 9.215000 21.852594 20.137166 1.526654 
2.000000 9.205000 21.852594 20.115313 1.526654 
2.000000 9.195000 21.852594 20.093460 1.526654 
2.000000 9.185000 21.852594 20.071608 1.526654 
2.000000 9.175000 21.852594 20.049755 1.526654 
2.000000 9.165000 21.852594 20.027903 1.526654 
2.000000 9.155000 21.852594 20.006050 1.526654 
2.000000 9.145000 21.852594 19.984197 1.526654 
2.000000 9.135000 21.852594 19.962345 1.526654 
2.000000 9.125000 21.852594 19.940492 1.526654 
2.000000 9.115000 21.852594 19.918640 1.526654 
2.000000 9.105000 21.852594 19.896787 1.526654 
2.000000 9.095000 21.852594 19.874934 1.526654 
2.000000 9.085000 21.852594 19.853082 1.526654 
2.000000 9.075000 21.852594 19.831229 1.526654 
2.000000 9.065000 21.852594 19.809377 1.526654 
2.000000 9.055000 21.852594 19.787524 1.526654 
2.000000 9.045000 21.852594 19.765672 1.526654 
2.000000 9.035000 21.852594 19.743819 1.526654 
2.000000 9.025000 21.852594 19.721966 1.526654 
2.000000 9.015000 21.852594 19.700114 1.526654 
2.000000 9.005000 21.852594 19.678261 1.526654 
2.000000 8.995000 21.852594 19.656409 1.526654 
2.000000 8.985000 21.852594 19.634556 1.526654 
2.000000 8.975000 21.852594 19.612703 1.526654 
2.000000 8.965000 21.852594 19.590851 1.526654 
2.000000 8.955000 21.852594 19.568998 1.526654 
2.000000 8.945000 21.852594 19.547146 1.526654 
2.000000 8.935000 21.852594 19.525293 1.526654 
2.000000 8.925000 21.852594 19.503440 1.526654 
2.000000 8.915000 21.852594 19.481588 1.526654 
2.000000 8.905000 21.852594 19.459735 1.526654 
2.000000 8.895000 21.852594 19.437883 1.526654 
2.000000 8.885000 21.852594 19.416030 1.526654 
2.000000 8.875000 21.852594 19.394177 1.526654 
2.000000 8.865000 21.852594 19.372325 1.526654 
2.000000 8.855000 21.852594 19.350472 1.526654 
2.000000 8.845000 21.852594 19.328620 1.526654 
2.000000 8.835000 21.852594 19.306767 1.526654 
2.000000 8.825000 21.852594 19.284914 1.526654 
2.000000 8.815000 21.852594 19.263062 1.526654 
2.000000 8.805000 21.852594 19.241209 1.526654 
2.000000 8.795000 21.852594 19.219357 1.526654 
2.000000 8.785000 21.852594 19.197504 1.526654 
2.000000 8.775000 21.852594 19.175651 1.526654 
2.000000 8.765000 21.852594 19.153799 1.526654 
2.000000 8.755000 21.852594 19.131946 1.526654 
2.000000 8.745000 21.852594 19.110094 1.526654 
2.000000 8.735000 21.852594 19.088241 1.526654 
2.000000 8.725000 21.852594 19.066389 1.526654 
2.000000 8.715000 21.852594 19.044536 1.526654 
2.000000 8.705000 21.852594 19.022683 1.526654 
2.000000 8.695000 21.852594 19.000831 1.526654 
2.000000 8.685000 21.852594 18.978978 1.526654 
2.000000 8.675000 21.852594 18.957126 1.526654 
2.000000 8.665000 21.852594 18.935273 1.526654 
2.000000 8.655000 21.852594 18.913420 1.526654 
2.000000 8.645000 21.852594 18.891568 1.526654 
2.000000 8.635000 21.852594 18.869715 1.526654 
2.000000 8.625000 21.852594 18.847863 1.526654 
2.000000 8.615000 21.852594 18.826010 1.526654 
2.000000 8.605000 21.852594 18.804157 1.526654 
2.000000 8.595000 21.852594 18.782305 1.526654 
2.000000 8.585000 21.852594 18.760452 1.526654 
2.000000 8.575000 21.852594 18.738600 1.526654 
2.000000 8.565000 21.852594 18.716747 1.526654 
2.000000 8.555000 21.852594 18.694894 1.526654 
2.000000 8.545000 21.852594 18.673042 1.526654 
2.000000 8.535000 21.852594 18.651189 1.526654 
2.000000 8.525000 21.852594 18.629337 1.526654 
2.000000 8.515000 21.852594 18.607484 1.526654 
2.000000 8.505000 21.852594 18.585631 1.526654 
2.000000 8.495000 21.852594 18.563779 1.526654 
2.000000 8.485000 21.852594 18.541926 1.526654 
2.000000 8.475000 21.852594 18.520074 1.526654 
2.000000 8.465000 21.852594 18.498221 1.526654 
2.000000 8.455000 21.852594 18.476368 1.526654 
2.000000 8.445000 21.852594 18.454516 1.526654 
2.000000 8.435000 21.852594 18.432663 1.526654 
2.000000 8.425000 21.852594 18.410811 1.526654 
2.000000 8.415000 21.852594 18.388958 1.526654 
2.000000 8.405000 21.852594 18.367105 1.526654 
2.000000 8.395000 21.852594 18.345253 1.526654 
2.000000 8.385000 21.852594 18.323400 1.526654 
2.000000 8.375000 21.852594 18.301548 1.526654 
2.000000 8.365000 21.852594 18.279695 1.526654 
2.000000 8.355000 21.852594 18.257843 1.526654 
2.000000 8.345000 21.852594 18.235990 1.526654 
2.000000 8.335000 21.852594 18.214137 1.526654 
2.000000 8.325000 21.852594 18.192285 1.526654 
2.000000 8.315000 21.852594 18.170432 1.526654 
2.000000 8.305000 21.852594 18.148580 1.526654 
2.000000 8.295000 21.852594 18.126727 1.526654 
2.000000 8.285000 21.852594 18.104874 1.526654 
2.000000 8.275000 21.852594 18.083022 1.526654 
2.000000 8.265000 21.852594 18.061169 1.526654 
2.000000 8.255000 21.852594 18.039317 1.526654 
2.000000 8.245000 21.852594 18.017464 1.526654 
2.000000 8.235000 21.852594 17.995611 1.526654 
2.000000 8.225000 21.852594 17.973759 1.526654 
2.000000 8.215000 21.852594 17.951906 1.526654 
2.000000 8.205000 21.852594 17.930054 1.526654 
2.000000 8.195000 21.852594 17.908201 1.526654 
2.000000 8.185000 21.852594 17.886348 1.526654 
2.000000 8.175000 21.852594 17.864496 1.526654 
2.000000 8.165000 21.852594 17.842643 1.526654 
2.000000 8.155000 21.852594 17.820791 1.526654 
2.000000 8.145000 21.852594 17.798938 1.526654 
2.000000 8.135000 21.852594 17.777085 1.526654 
2.000000 8.125000 21.852594 17.755233 1.526654 
2.000000 8.115000 21.852594 17.733380 1.526654 
2.000000 8.105000 21.852594 17.711528 1.526654 
2.000000 8.095000 21.852594 17.689675 1.526654 
2.000000 8.085000 21.852594 17.667822 1.526654 
2.000000 8.075000 21.852594 17.645970 1.526654 
2.000000 8.065000 21.852594 17.624117 1.526654 
2.000000 8.055000 21.852594 17.602265 1.526654 
2.000000 8.045000 21.852594 17.580412 1.526654 
2.000000 8.035000 21.852594 17.558560 1.526654 
2.000000 8.025000 21.852594 17.536707 1.526654 
2.000000 8.015000 21.852594 17.514854 1.526654 
2.000000 8.005000 21.852594 17.493002 1.526654 
2.000000 7.995000 21.852594 17.471149 1.526654 
2.000000 7.985000 21.852594 17.449297 1.526654 
2.000000 7.975000 21.852594 17.427444 1.526654 
2.000000 7.965000 21.852594 17.405591 1.526654 
2.000000 7.955000 21.852594 17.383739 1.526654 
2.000000 7.945000 21.852594 17.361886 1.526654 
2.000000 7.935000 21.852594 17.340034 1.526654 
2.000000 7.925000 21.852594 17.318181 1.526654 
2.000000 7.915000 21.852594 17.296328 1.526654 
2.000000 7.905000 21.852594 17.274476 1.526654 
2.000000 7.895000 21.852594 17.252623 1.526654 
2.000000 7.885000 21.852594 17.230771 1.526654 
2.000000 7.875000 21.852594 17.208918 1.526654 
2.000000 7.865000 21.852594 17.187065 1.526654 
2.000000 7.855000 21.852594 17.165213 1.526654 
2.000000 7.845000 21.852594 17.143360 1.526654 
2.000000 7.835000 21.852594 17.121508 1.526654 
2.000000 7.825000 21.852594 17.099655 1.526654 
2.000000 7.815000 21.852594 17.077802 1.526654 
2.000000 7.805000 21.852594 17.055950 1.526654 
2.000000 7.795000 21.852594 17.034097 1.526654 
2.000000 7.785000 21.852594 17.012245 1.526654 
2.000000 7.775000 21.852594 16.990392 1.526654 
2.000000 7.765000 21.852594 16.968539 1.526654 
2.000000 7.755000 21.852594 16.946687 1.526654 
2.000000 7.745000 21.852594 16.924834 1.526654 
2.000000 7.735000 21.852594 16.902982 1.526654 
2.000000 7.725000 21.852594 16.881129 1.526654 
2.000000 7.715000 21.852594 16.859276 1.526654 
2.000000 7.705000 21.852594 16.837424 1.526654 
2.000000 7.695000 21.852594 16.815571 1.526654 
2.000000 7.685000 21.852594 16.793719 1.526654 
2.000000 7.675000 21.852594 16.771866 1.526654 
2.000000 7.665000 21.852594 16.750014 1.526654 
2.000000 7.655000 21.852594 16.728161 1.526654 
2.000000 7.645000 21.852594 16.706308 1.526654 
2.000000 7.635000 21.852594 16.684456 1.526654 
2.000000 7.625000 21.852594 16.662603 1.526654 
2.000000 7.615000 21.852594 16.640751 1.526654 
2.000000 7.605000 21.852594 16.618898 1.526654 
2.000000 7.595000 21.852594 16.597045 1.526654 
2.000000 7.585000 21.852594 16.575193 1.526654 
2.000000 7.575000 21.852594 16.553340 1.526654 
2.000000 7.565000 21.852594 16.531488 1.526654 
2.000000 7.555000 21.852594 16.509635 1.526654 
2.000000 7.545000 21.852594 16.487782 1.526654 
2.000000 7.535000 21.852594 16.465930 1.526654 
2.000000 7.525000 21.852594 16.444077 1.526654 
2.000000 7.515000 21.852594 16.422225 1.526654 
2.000000 7.505000 21.852594 16.400372 1.526654 
2.000000 7.495000 21.852594 16.378519 1.526654 
2.000000 7.485000 21.852594 16.356667 1.526654 
2.000000 7.475000 21.852594 16.334814 1.526654 
2.000000 7.465000 21.852594 16.312962 1.526654 
2.000000 7.455000 21.852594 16.291109 1.526654 
2.000000 7.445000 21.852594 16.269256 1.526654 
2.000000 7.435000 21.852594 16.247404 1.526654 
2.000000 7.425000 21.852594 16.225551 1.526654 
2.000000 7.415000 21.852594 16.203699 1.526654 
2.000000 7.405000 21.852594 16.181846 1.526654 
2.000000 7.395000 21.852594 16.159993 1.526654 
2.000000 7.385000 21.852594 16.138141 1.526654 
2.000000 7.375000 21.852594 16.116288 1.526654 
2.000000 7.365000 21.852594 16.094436 1.526654 
2.000000 7.355000 21.852594 16.072583 1.526654 
2.000000 7.345000 21.852594 16.050730 1.526654 
2.000000 7.335000 21.852594 16.028878 1.526654 
2.000000 7.325000 21.852594 16.007025 1.526654 
2.000000 7.315000 21.852594 15.985173 1.526654 
2.000000 7.305000 21.852594 15.963320 1.526654 
2.000000 7.295000 21.852594 15.941468 1.526654 
2.000000 7.285000 21.852594 15.919615 1.526654 
2.000000 7.275000 21.852594 15.897762 1.526654 
2.000000 7.265000 21.852594 15.875910 1.526654 
2.000000 7.255000 21.852594 15.854057 1.526654 
2.000000 7.245000 21.852594 15.832205 1.526654 
2.000000 7.235000 21.852594 15.810352 1.526654 
2.000000 7.225000 21.852594 15.788499 1.526654 
2.000000 7.215000 21.852594 15.766647 1.526654 
2.000000 7.205000 21.852594 15.744794 1.526654 
2.000000 7.195000 21.852594 15.722942 1.526654 
2.000000 7.185000 21.852594 15.701089 1.526654 
2.000000 7.175000 21.852594 15.679236 1.526654 
2.000000 7.165000 21.852594 15.657384 1.526654 
2.000000 7.155000 21.852594 15.635531 1.526654 
2.000000 7.145000 21.852594 15.613679 1.526654 
2.000000 7.135000 21.852594 15.591826 1.526654 
2.000000 7.125000 21.852594 15.569973 1.526654 
2.000000 7.115000 21.852594 15.548121 1.526654 
2.000000 7.105000 21.852594 15.526268 1.526654 
2.000000 7.095000 21.852594 15.504416 1.526654 
2.000000 7.085000 21.852594 15.482563 1.526654 
2.000000 7.075000 21.852594 15.460710 1.526654 
2.000000 7.065000 21.852594 15.438858 1.526654 
2.000000 7.055000 21.852594 15.417005 1.526654 
2.000000 7.045000 21.852594 15.395153 1.526654 
2.000000 7.035000 21.852594 15.373300 1.526654 
2.000000 7.025000 21.852594 15.351447 1.526654 
2.000000 7.015000 21.852594 15.329595 1.526654 
2.000000 7.005000 21.852594 15.307742 1.526654 
2.000000 6.995000 21.852594 15.285890 1.526654 
2.000000 6.985000 21.852594 15.264037 1.526654 
2.000000 6.975000 21.852594 15.242185 1.526654 
2.000000 6.965000 21.852594 15.220332 1.526654 
2.000000 6.955000 21.852594 15.198479 1.526654 
2.000000 6.945000 21.852594 15.176627 1.526654 
2.000000 6.935000 21.852594 15.154774 1.526654 
2.000000 6.925000 21.852594 15.132922 1.526654 
2.000000 6.915000 21.852594 15.111069 1.526654 
2.000000 6.905000 21.852594 15.089216 1.526654 
2.000000 6.895000 21.852594 15.067364 1.526654 
2.000000 6.885000 21.852594 15.045511 1.526654 
2.000000 6.875000 21.852594 15.023659 1.526654 
2.000000 6.865000 21.852594 15.001806 1.526654 
2.000000 6.855000 21.852594 14.979953 1.526654 
2.000000 6.845000 21.852594 14.958101 1.526654 
2.000000 6.835000 21.852594 14.936248 1.526654 
2.000000 6.825000 21.852594 14.914396 1.526654 
2.000000 6.815000 21.852594 14.892543 1.526654 
2.000000 6.805000 21.852594 14.870690 1.526654 
2.000000 6.795000 21.852594 14.848838 1.526654 
2.000000 6.785000 21.852594 14.826985 1.526654 
2.000000 6.775000 21.852594 14.805133 1.526654 
2.000000 6.765000 21.852594 14.783280 1.526654 
2.000000 6.755000 21.852594 14.761427 1.526654 
2.000000 6.745000 21.852594 14.739575 1.526654 
2.000000 6.735000 21.852594 14.717722 1.526654 
2.000000 6.725000 21.852594 14.695870 1.526654 
2.000000 6.715000 21.852594 14.674017 1.526654 
2.000000 6.705000 21.852594 14.652164 1.526654 
2.000000 6.695000 21.852594 14.630312 1.526654 
2.000000 6.685000 21.852594 14.608459 1.526654 
2.000000 6.675000 21.852594 14.586607 1.526654 
2.000000 6.665000 21.852594 14.564754 1.526654 
2.000000 6.655000 21.852594 14.542901 1.526654 
2.000000 6.645000 21.852594 14.521049 1.526654 
2.000000 6.635000 21.852594 14.499196 1.526654 
2.000000 6.625000 21.852594 14.477344 1.526654 
2.000000 6.615000 21.852594 14.455491 1.526654 
2.000000 6.605000 21.852594 14.433639 1.526654 
2.000000 6.595000 21.852594 14.411786 1.526654 
2.000000 6.585000 21.852594 14.389933 1.526654 
2.000000 6.575000 21.852594 14.368081 1.526654 
2.000000 6.565000 21.852594 14.346228 1.526654 
2.000000 6.555000 21.852594 14.324376 1.526654 
2.000000 6.545000 21.852594 14.302523 1.526654 
2.000000 6.535000 21.852594 14.280670 1.526654 
2.000000 6.525000 21.852594 14.258818 1.526654 
2.000000 6.515000 21.852594 14.236965 1.526654 
2.000000 6.505000 21.852594 14.215113 1.526654 
2.000000 6.495000 21.852594 14.193260 1.526654 
2.000000 6.485000 21.852594 14.171407 1.526654 
2.000000 6.475000 21.852594 14.149555 1.526654 
2.000000 6.465000 21.852594 14.127702 1.526654 
2.000000 6.455000 21.852594 14.105850 1.526654 
2.000000 6.445000 21.852594 14.083997 1.526654 
2.000000 6.435000 21.852594 14.062144 1.526654 
2.000000 6.425000 21.852594 14.040292 1.526654 
2.000000 6.415000 21.852594 14.018439 1.526654 
2.000000 6.405000 21.852594 13.996587 1.526654 
2.000000 6.395000 21.852594 13.974734 1.526654 
2.000000 6.385000 21.852594 13.952881 1.526654 
2.000000 6.375000 21.852594 13.931029 1.526654 
2.000000 6.365000 21.852594 13.909176 1.526654 
2.000000 6.355000 21.852594 13.887324 1.526654 
2.000000 6.345000 21.852594 13.865471 1.526654 
2.000000 6.335000 21.852594 13.843618 1.526654 
2.000000 6.325000 21.852594 13.821766 1.526654 
2.000000 6.315000 21.852594 13.799913 1.526654 
2.000000 6.305000 21.852594 13.778061 1.526654 
2.000000 6.295000 21.852594 13.756208 1.526654 
2.000000 6.285000 21.852594 13.734356 1.526654 
2.000000 6.275000 21.852594 13.712503 1.526654 
2.000000 6.265000 21.852594 13.690650 1.526654 
2.000000 6.255000 21.852594 13.668798 1.526654 
2.000000 6.245000 21.852594 13.646945 1.526654 
2.000000 6.235000 21.852594 13.625093 1.526654 
2.000000 6.225000 21.852594 13.603240 1.526654 
2.000000 6.215000 21.852594 13.581387 1.526654 
2.000000 6.205000 21.852594 13.559535 1.526654 
2.000000 6.195000 21.852594 13.537682 1.526654 
2.000000 6.185000 21.852594 13.515830 1.526654 
2.000000 6.175000 21.852594 13.493977 1.526654 
2.000000 6.165000 21.852594 13.472124 1.526654 
2.000000 6.155000 21.852594 13.450272 1.526654 
2.000000 6.145000 21.852594 13.428419 1.526654 
2.000000 6.135000 21.852594 13.406567 1.526654 
2.000000 6.125000 21.852594 13.384714 1.526654 
2.000000 6.115000 21.852594 13.362861 1.526654 
2.000000 6.105000 21.852594 13.341009 1.526654 
2.000000 6.095000 21.852594 13.319156 1.526654 
2.000000 6.085000 21.852594 13.297304 1.526654 
2.000000 6.075000 21.852594 13.275451 1.526654 
2.000000 6.065000 21.852594 13.253598 1.526654 
2.000000 6.055000 21.852594 13.231746 1.526654 
2.000000 6.045000 21.852594 13.209893 1.526654 
2.000000 6.035000 21.852594 13.188041 1.526654 
2.000000 6.025000 21.852594 13.166188 1.526654 
2.000000 6.015000 21.852594 13.144335 1.526654 
2.000000 6.005000 21.852594 13.122483 1.526654 
2.000000 5.995000 21.852594 13.100630 1.526654 
2.000000 5.985000 21.852594 13.078778 1.526654 
2.000000 5.975000 21.852594 13.056925 1.526654 
2.000000 5.965000 21.852594 13.035072 1.526654 
2.000000 5.955000 21.852594 13.013220 1.526654 
2.000000 5.945000 21.852594 12.991367 1.526654 
2.000000 5.935000 21.852594 12.969515 1.526654 
2.000000 5.925000 21.852594 12.947662 1.526654 
2.000000 5.915000 21.852594 12.925810 1.526654 
2.000000 5.905000 21.852594 12.903957 1.526654 
2.000000 5.895000 21.852594 12.882104 1.526654 
2.000000 5.885000 21.852594 12.860252 1.526654 
2.000000 5.875000 21.852594 12.838399 1.526654 
2.000000 5.865000 21.852594 12.816547 1.526654 
2.000000 5.855000 21.852594 12.794694 1.526654 
2.000000 5.845000 21.852594 12.772841 1.526654 
2.000000 5.835000 21.852594 12.750989 1.526654 
2.000000 5.825000 21.852594 12.729136 1.526654 
2.000000 5.815000 21.852594 12.707284 1.526654 
2.000000 5.805000 21.852594 12.685431 1.526654 
2.000000 5.795000 21.852594 12.663578 1.526654 
2.000000 5.785000 21.852594 12.641726 1.526654 
2.000000 5.775000 21.852594 12.619873 1.526654 
2.000000 5.765000 21.852594 12.598021 1.526654 
2.000000 5.755000 21.852594 12.576168 1.526654 
2.000000 5.745000 21.852594 12.554315 1.526654 
2.000000 5.735000 21.852594 12.532463 1.526654 
2.000000 5.725000 21.852594 12.510610 1.526654 
2.000000 5.715000 21.852594 12.488758 1.526654 
2.000000 5.705000 21.852594 12.466905 1.526654 
2.000000 5.695000 21.852594 12.445052 1.526654 
2.000000 5.685000 21.852594 12.423200 1.526654 
2.000000 5.675000 21.852594 12.401347 1.526654 
2.000000 5.665000 21.852594 12.379495 1.526654 
2.000000 5.655000 21.852594 12.357642 1.526654 
2.000000 5.645000 21.852594 12.335789 1.526654 
2.000000 5.635000 21.852594 12.313937 1.526654 
2.000000 5.625000 21.852594 12.292084 1.526654 
2.000000 5.615000 21.852594 12.270232 1.526654 
2.000000 5.605000 21.852594 12.248379 1.526654 
2.000000 5.595000 21.852594 12.226527 1.526654 
2.000000 5.585000 21.852594 12.204674 1.526654 
2.000000 5.575000 21.852594 12.182821 1.526654 
2.000000 5.565000 21.852594 12.160969 1.526654 
2.000000 5.555000 21.852594 12.139116 1.526654 
2.000000 5.545000 21.852594 12.117264 1.526654 
2.000000 5.535000 21.852594 12.095411 1.526654 
2.000000 5.525000 21.852594 12.073558 1.526654 
2.000000 5.515000 21.852594 12.051706 1.526654 
2.000000 5.505000 21.852594 12.029853 1.526654 
2.000000 5.495000 21.852594 12.008001 1.526654 
2.000000 5.485000 21.852594 11.986148 1.526654 
2.000000 5.475000 21.852594 11.964295 1.526654 
2.000000 5.465000 21.852594 11.942443 1.526654 
2.000000 5.455000 21.852594 11.920590 1.526654 
2.000000 5.445000 21.852594 11.898738 1.526654 
2.000000 5.435000 21.852594 11.876885 1.526654 
2.000000 5.425000 21.852594 11.855032 1.526654 
2.000000 5.415000 21.852594 11.833180 1.526654 
2.000000 5.405000 21.852594 11.811327 1.526654 
2.000000 5.395000 21.852594 11.789475 1.526654 
2.000000 5.385000 21.852594 11.767622 1.526654 
2.000000 5.375000 21.852594 11.745769 1.526654 
2.000000 5.365000 21.852594 11.723917 1.526654 
2.000000 5.355000 21.852594 11.702064 1.526654 
2.000000 5.345000 21.852594 11.680212 1.526654 
2.000000 5.335000 21.852594 11.658359 1.526654 
2.000000 5.325000 21.852594 11.636506 1.526654 
2.000000 5.315000 21.852594 11.614654 1.526654 
2.000000 5.305000 21.852594 11.592801 1.526654 
2.000000 5.295000 21.852594 11.570949 1.526654 
2.000000 5.285000 21.852594 11.549096 1.526654 
2.000000 5.275000 21.852594 11.527243 1.526654 
2.000000 5.265000 21.852594 11.505391 1.526654 
2.000000 5.255000 21.852594 11.483538 1.526654 
2.000000 5.245000 21.852594 11.461686 1.526654 
2.000000 5.235000 21.852594 11.439833 1.526654 
2.000000 5.225000 21.852594 11.417981 1.526654 
2.000000 5.215000 21.852594 11.396128 1.526654 
2.000000 5.205000 21.852594 11.374275 1.526654 
2.000000 5.195000 21.852594 11.352423 1.526654 
2.000000 5.185000 21.852594 11.330570 1.526654 
2.000000 5.175000 21.852594 11.308718 1.526654 
2.000000 5.165000 21.852594 11.286865 1.526654 
2.000000 5.155000 21.852594 11.265012 1.526654 
2.000000 5.145000 21.852594 11.243160 1.526654 
2.000000 5.135000 21.852594 11.221307 1.526654 
2.000000 5.125000 21.852594 11.199455 1.526654 
2.000000 5.115000 21.852594 11.177602 1.526654 
2.000000 5.105000 21.852594 11.155749 1.526654 
2.000000 5.095000 21.852594 11.133897 1.526654 
2.000000 5.085000 21.852594 11.112044 1.526654 
2.000000 5.075000 21.852594 11.090192 1.526654 
2.000000 5.065000 21.852594 11.068339 1.526654 
2.000000 5.055000 21.852594 11.046486 1.526654 
2.000000 5.045000 21.852594 11.024634 1.526654 
2.000000 5.035000 21.852594 11.002781 1.526654 
2.000000 5.025000 21.852594 10.980929 1.526654 
2.000000 5.015000 21.852594 10.959076 1.526654 
2.000000 5.005000 21.852594 10.937223 1.526654 
2.000000 4.995000 21.852594 10.915371 1.526654 
2.000000 4.985000 21.852594 10.893518 1.526654 
2.000000 4.975000 21.852594 10.871666 1.526654 
2.000000 4.965000 21.852594 10.849813 1.526654 
2.000000 4.955000 21.852594 10.827960 1.526654 
2.000000 4.945000 21.852594 10.806108 1.526654 
2.000000 4.935000 21.852594 10.784255 1.526654 
2.000000 4.925000 21.852594 10.762403 1.526654 
2.000000 4.915000 21.852594 10.740550 1.526654 
2.000000 4.905000 21.852594 10.718697 1.526654 
2.000000 4.895000 21.852594 10.696845 1.526654 
2.000000 4.885000 21.852594 10.674992 1.526654 
2.000000 4.875000 21.852594 10.653140 1.526654 
2.000000 4.865000 21.852594 10.631287 1.526654 
2.000000 4.855000 21.852594 10.609435 1.526654 
2.000000 4.845000 21.852594 10.587582 1.526654 
2.000000 4.835000 21.852594 10.565729 1.526654 
2.000000 4.825000 21.852594 10.543877 1.526654 
2.000000 4.815000 21.852594 10.522024 1.526654 
2.000000 4.805000 21.852594 10.500172 1.526654 
2.000000 4.795000 21.852594 10.478319 1.526654 
2.000000 4.785000 21.852594 10.456466 1.526654 
2.000000 4.775000 21.852594 10.434614 1.526654 
2.000000 4.765000 21.852594 10.412761 1.526654 
2.000000 4.755000 21.852594 10.390909 1.526654 
2.000000 4.745000 21.852594 10.369056 1.526654 
2.000000 4.735000 21.852594 10.347203 1.526654 
2.000000 4.725000 21.852594 10.325351 1.526654 
2.000000 4.715000 21.852594 10.303498 1.526654 
2.000000 4.705000 21.852594 10.281646 1.526654 
2.000000 4.695000 21.852594 10.259793 1.526654 
2.000000 4.685000 21.852594 10.237940 1.526654 
2.000000 4.675000 21.852594 10.216088 1.526654 
2.000000 4.665000 21.852594 10.194235 1.526654 
2.000000 4.655000 21.852594 10.172383 1.526654 
2.000000 4.645000 21.852594 10.150530 1.526654 
2.000000 4.635000 21.852594 10.128677 1.526654 
2.000000 4.625000 21.852594 10.106825 1.526654 
2.000000 4.615000 21.852594 10.084972 1.526654 
2.000000 4.605000 21.852594 10.063120 1.526654 
2.000000 4.595000 21.852594 10.041267 1.526654 
2.000000 4.585000 21.852594 10.019414 1.526654 
2.000000 4.575000 21.852594 9.997562 1.526654 
2.000000 4.565000 21.852594 9.975709 1.526654 
2.000000 4.555000 21.852594 9.953857 1.526654 
2.000000 4.545000 21.852594 9.932004 1.526654 
2.000000 4.535000 21.852594 9.910152 1.526654 
2.000000 4.525000 21.852594 9.888299 1.526654 
2.000000 4.515000 21.852594 9.866446 1.526654 
2.000000 4.505000 21.852594 9.844594 1.526654 
2.000000 4.495000 21.852594 9.822741 1.526654 
2.000000 4.485000 21.852594 9.800889 1.526654 
2.000000 4.475000 21.852594 9.779036 1.526654 
2.000000 4.465000 21.852594 9.757183 1.526654 
2.000000 4.455000 21.852594 9.735331 1.526654 
2.000000 4.445000 21.852594 9.713478 1.526654 
2.000000 4.435000 21.852594 9.691626 1.526654 
2.000000 4.425000 21.852594 9.669773 1.526654 
2.000000 4.415000 21.852594 9.647920 1.526654 
2.000000 4.405000 21.852594 9.626068 1.526654 
2.000000 4.395000 21.852594 9.604215 1.526654 
2.000000 4.385000 21.852594 9.582363 1.526654 
2.000000 4.375000 21.852594 9.560510 1.526654 
2.000000 4.365000 21.852594 9.538657 1.526654 
2.000000 4.355000 21.852594 9.516805 1.526654 
2.000000 4.345000 21.852594 9.494952 1.526654 
2.000000 4.335000 21.852594 9.473100 1.526654 
2.000000 4.325000 21.852594 9.451247 1.526654 
2.000000 4.315000 21.852594 9.429394 1.526654 
2.000000 4.305000 21.852594 9.407542 1.526654 
2.000000 4.295000 21.852594 9.385689 1.526654 
2.000000 4.285000 21.852594 9.363837 1.526654 
2.000000 4.275000 21.852594 9.341984 1.526654 
2.000000 4.265000 21.852594 9.320131 1.526654 
2.000000 4.255000 21.852594 9.298279 1.526654 
2.000000 4.245000 21.852594 9.276426 1.526654 
2.000000 4.235000 21.852594 9.254574 1.526654 
2.000000 4.225000 21.852594 9.232721 1.526654 
2.000000 4.215000 21.852594 9.210868 1.526654 
2.000000 4.205000 21.852594 9.189016 1.526654 
2.000000 4.195000 21.852594 9.167163 1.526654 
2.000000 4.185000 21.852594 9.145311 1.526654 
2.000000 4.175000 21.852594 9.123458 1.526654 
2.000000 4.165000 21.852594 9.101606 1.526654 
2.000000 4.155000 21.852594 9.079753 1.526654 
2.000000 4.145000 21.852594 9.057900 1.526654 
2.000000 4.135000 21.852594 9.036048 1.526654 
2.000000 4.125000 21.852594 9.014195 1.526654 
2.000000 4.115000 21.852594 8.992343 1.526654 
2.000000 4.105000 21.852594 8.970490 1.526654 
2.000000 4.095000 21.852594 8.948637 1.526654 
2.000000 4.085000 21.852594 8.926785 1.526654 
2.000000 4.075000 21.852594 8.904932 1.526654 
2.000000 4.065000 21.852594 8.883080 1.526654 
2.000000 4.055000 21.852594 8.861227 1.526654 
2.000000 4.045000 21.852594 8.839374 1.526654 
2.000000 4.035000 21.852594 8.817522 1.526654 
2.000000 4.025000 21.852594 8.795669 1.526654 
2.000000 4.015000 21.852594 8.773817 1.526654 
2.000000 4.005000 21.852594 8.751964 1.526654 
2.000000 3.995000 21.852594 8.730111 1.526654 
2.000000 3.985000 21.852594 8.708259 1.526654 
2.000000 3.975000 21.852594 8.686406 1.526654 
2.000000 3.965000 21.852594 8.664554 1.526654 
2.000000 3.955000 21.852594 8.642701 1.526654 
2.000000 3.945000 21.852594 8.620848 1.526654 
2.000000 3.935000 21.852594 8.598996 1.526654 
2.000000 3.925000 21.852594 8.577143 1.526654 
2.000000 3.915000 21.852594 8.555291 1.526654 
2.000000 3.905000 21.852594 8.533438 1.526654 
2.000000 3.895000 21.852594 8.511585 1.526654 
2.000000 3.885000 21.852594 8.489733 1.526654 
2.000000 3.875000 21.852594 8.467880 1.526654 
2.000000 3.865000 21.852594 8.446028 1.526654 
2.000000 3.855000 21.852594 8.424175 1.526654 
2.000000 3.845000 21.852594 8.402323 1.526654 
2.000000 3.835000 21.852594 8.380470 1.526654 
2.000000 3.825000 21.852594 8.358617 1.526654 
2.000000 3.815000 21.852594 8.336765 1.526654 
2.000000 3.805000 21.852594 8.314912 1.526654 
2.000000 3.795000 21.852594 8.293060 1.526654 
2.000000 3.785000 21.852594 8.271207 1.526654 
2.000000 3.775000 21.852594 8.249354 1.526654 
2.000000 3.765000 21.852594 8.227502 1.526654 
2.000000 3.755000 21.852594 8.205649 1.526654 
2.000000 3.745000 21.852594 8.183797 1.526654 
2.000000 3.735000 21.852594 8.161944 1.526654 
2.000000 3.725000 21.852594 8.140091 1.526654 
2.000000 3.715000 21.852594 8.118239 1.526654 
2.000000 3.705000 21.852594 8.096386 1.526654 
2.000000 3.695000 21.852594 8.074534 1.526654 
2.000000 3.685000 21.852594 8.052681 1.526654 
2.000000 3.675000 21.852594 8.030828 1.526654 
2.000000 3.665000 21.852594 8.008976 1.526654 
2.000000 3.655000 21.852594 7.987123 1.526654 
2.000000 3.645000 21.852594 7.965271 1.526654 
2.000000 3.635000 21.852594 7.943418 1.526654 
2.000000 3.625000 21.852594 7.921565 1.526654 
2.000000 3.615000 21.852594 7.899713 1.526654 
2.000000 3.605000 21.852594 7.877860 1.526654 
2.000000 3.595000 21.852594 7.856008 1.526654 
2.000000 3.585000 21.852594 7.834155 1.526654 
2.000000 3.575000 21.852594 7.812302 1.526654 
2.000000 3.565000 21.852594 7.790450 1.526654 
2.000000 3.555000 21.852594 7.768597 1.526654 
2.000000 3.545000 21.852594 7.746745 1.526654 
2.000000 3.535000 21.852594 7.724892 1.526654 
2.000000 3.525000 21.852594 7.703039 1.526654 
2.000000 3.515000 21.852594 7.681187 1.526654 
2.000000 3.505000 21.852594 7.659334 1.526654 
2.000000 3.495000 21.852594 7.637482 1.526654 
2.000000 3.485000 21.852594 7.615629 1.526654 
2.000000 3.475000 21.852594 7.593777 1.526654 
2.000000 3.465000 21.852594 7.571924 1.526654 
2.000000 3.455000 21.852594 7.550071 1.526654 
2.000000 3.445000 21.852594 7.528219 1.526654 
2.000000 3.435000 21.852594 7.506366 1.526654 
2.000000 3.425000 21.852594 7.484514 1.526654 
2.000000 3.415000 21.852594 7.462661 1.526654 
2.000000 3.405000 21.852594 7.440808 1.526654 
2.000000 3.395000 21.852594 7.418956 1.526654 
2.000000 3.385000 21.852594 7.397103 1.526654 
2.000000 3.375000 21.852594 7.375251 1.526654 
2.000000 3.365000 21.852594 7.353398 1.526654 
2.000000 3.355000 21.852594 7.331545 1.526654 
2.000000 3.345000 21.852594 7.309693 1.526654 
2.000000 3.335000 21.852594 7.287840 1.526654 
2.000000 3.325000 21.852594 7.265988 1.526654 
2.000000 3.315000 21.852594 7.244135 1.526654 
2.000000 3.305000 21.852594 7.222282 1.526654 
2.000000 3.295000 21.852594 7.200430 1.526654 
2.000000 3.285000 21.852594 7.178577 1.526654 
2.000000 3.275000 21.852594 7.156725 1.526654 
2.000000 3.265000 21.852594 7.134872 1.526654 
2.000000 3.255000 21.852594 7.113019 1.526654 
2.000000 3.245000 21.852594 7.091167 1.526654 
2.000000 3.235000 21.852594 7.069314 1.526654 
2.000000 3.225000 21.852594 7.047462 1.526654 
2.000000 3.215000 21.852594 7.025609 1.526654 
2.000000 3.205000 21.852594 7.003756 1.526654 
2.000000 3.195000 21.852594 6.981904 1.526654 
2.000000 3.185000 21.852594 6.960051 1.526654 
2.000000 3.175000 21.852594 6.938199 1.526654 
2.000000 3.165000 21.852594 6.916346 1.526654 
2.000000 3.155000 21.852594 6.894493 1.526654 
2.000000 3.145000 21.852594 6.872641 1.526654 
2.000000 3.135000 21.852594 6.850788 1.526654 
2.000000 3.125000 21.852594 6.828936 1.526654 
2.000000 3.115000 21.852594 6.807083 1.526654 
2.000000 3.105000 21.852594 6.785231 1.526654 
2.000000 3.095000 21.852594 6.763378 1.526654 
2.000000 3.085000 21.852594 6.741525 1.526654 
2.000000 3.075000 21.852594 6.719673 1.526654 
2.000000 3.065000 21.852594 6.697820 1.526654 
2.000000 3.055000 21.852594 6.675968 1.526654 
2.000000 3.045000 21.852594 6.654115 1.526654 
2.000000 3.035000 21.852594 6.632262 1.526654 
2.000000 3.025000 21.852594 6.610410 1.526654 
2.000000 3.015000 21.852594 6.588557 1.526654 
2.000000 3.005000 21.852594 6.566705 1.526654 
2.000000 2.995000 21.852594 6.544852 1.526654 
2.000000 2.985000 21.852594 6.522999 1.526654 
2.000000 2.975000 21.852594 6.501147 1.526654 
2.000000 2.965000 21.852594 6.479294 1.526654 
2.000000 2.955000 21.852594 6.457442 1.526654 
2.000000 2.945000 21.852594 6.435589 1.526654 
2.000000 2.935000 21.852594 6.413736 1.526654 
2.000000 2.925000 21.852594 6.391884 1.526654 
2.000000 2.915000 21.852594 6.370031 1.526654 
2.000000 2.905000 21.852594 6.348179 1.526654 
2.000000 2.895000 21.852594 6.326326 1.526654 
2.000000 2.885000 21.852594 6.304473 1.526654 
2.000000 2.875000 21.852594 6.282621 1.526654 
2.000000 2.865000 21.852594 6.260768 1.526654 
2.000000 2.855000 21.852594 6.238916 1.526654 
2.000000 2.845000 21.852594 6.217063 1.526654 
2.000000 2.835000 21.852594 6.195210 1.526654 
2.000000 2.825000 21.852594 6.173358 1.526654 
2.000000 2.815000 21.852594 6.151505 1.526654 
2.000000 2.805000 21.852594 6.129653 1.526654 
2.000000 2.795000 21.852594 6.107800 1.526654 
2.000000 2.785000 21.852594 6.085948 1.526654 
2.000000 2.775000 21.852594 6.064095 1.526654 
2.000000 2.765000 21.852594 6.042242 1.526654 
2.000000 2.755000 21.852594 6.020390 1.526654 
2.000000 2.745000 21.852594 5.998537 1.526654 
2.000000 2.735000 21.852594 5.976685 1.526654 
2.000000 2.725000 21.852594 5.954832 1.526654 
2.000000 2.715000 21.852594 5.932979 1.526654 
2.000000 2.705000 21.852594 5.911127 1.526654 
2.000000 2.695000 21.852594 5.889274 1.526654 
2.000000 2.685000 21.852594 5.867422 1.526654 
2.000000 2.675000 21.852594 5.845569 1.526654 
2.000000 2.665000 21.852594 5.823716 1.526654 
2.000000 2.655000 21.852594 5.801864 1.526654 
2.000000 2.645000 21.852594 5.780011 1.526654 
2.000000 2.635000 21.852594 5.758159 1.526654 
2.000000 2.625000 21.852594 5.736306 1.526654 
2.000000 2.615000 21.852594 5.714453 1.526654 
2.000000 2.605000 21.852594 5.692601 1.526654 
2.000000 2.595000 21.852594 5.670748 1.526654 
2.000000 2.585000 21.852594 5.648896 1.526654 
2.000000 2.575000 21.852594 5.627043 1.526654 
2.000000 2.565000 21.852594 5.605190 1.526654 
2.000000 2.555000 21.852594 5.583338 1.526654 
2.000000 2.545000 21.852594 5.561485 1.526654 
2.000000 2.535000 21.852594 5.539633 1.526654 
2.000000 2.525000 21.852594 5.517780 1.526654 
2.000000 2.515000 21.852594 5.495927 1.526654 
2.000000 2.505000 21.852594 5.474075 1.526654 
2.000000 2.495000 21.852594 5.452222 1.526654 
2.000000 2.485000 21.852594 5.430370 1.526654 
2.000000 2.475000 21.852594 5.408517 1.526654 
2.000000 2.465000 21.852594 5.386664 1.526654 
2.000000 2.455000 21.852594 5.364812 1.526654 
2.000000 2.445000 21.852594 5.342959 1.526654 
2.000000 2.435000 21.852594 5.321107 1.526654 
2.000000 2.425000 21.852594 5.299254 1.526654 
2.000000 2.415000 21.852594 5.277402 1.526654 
2.000000 2.405000 21.852594 5.255549 1.526654 
2.000000 2.395000 21.852594 5.233696 1.526654 
2.000000 2.385000 21.852594 5.211844 1.526654 
2.000000 2.375000 21.852594 5.189991 1.526654 
2.000000 2.365000 21.852594 5.168139 1.526654 
2.000000 2.355000 21.852594 5.146286 1.526654 
2.000000 2.345000 21.852594 5.124433 1.526654 
2.000000 2.335000 21.852594 5.102581 1.526654 
2.000000 2.325000 21.852594 5.080728 1.526654 
2.000000 2.315000 21.852594 5.058876 1.526654 
2.000000 2.305000 21.852594 5.037023 1.526654 
2.000000 2.295000 21.852594 5.015170 1.526654 
2.000000 2.285000 21.852594 4.993318 1.526654 
2.000000 2.275000 21.852594 4.971465 1.526654 
2.000000 2.265000 21.852594 4.949613 1.526654 
2.000000 2.255000 21.852594 4.927760 1.526654 
2.000000 2.245000 21.852594 4.905907 1.526654 
2.000000 2.235000 21.852594 4.884055 1.526654 
2.000000 2.225000 21.852594 4.862202 1.526654 
2.000000 2.215000 21.852594 4.840350 1.526654 
2.000000 2.205000 21.852594 4.818497 1.526654 
2.000000 2.195000 21.852594 4.796644 1.526654 
2.000000 2.185000 21.852594 4.774792 1.526654 
2.000000 2.175000 21.852594 4.752939 1.526654 
2.000000 2.165000 21.852594 4.731087 1.526654 
2.000000 2.155000 21.852594 4.709234 1.526654 
2.000000 2.145000 21.852594 4.687381 1.526654 
2.000000 2.135000 21.852594 4.665529 1.526654 
2.000000 2.125000 21.852594 4.643676 1.526654 
2.000000 2.115000 21.852594 4.621824 1.526654 
2.000000 2.105000 21.852594 4.599971 1.526654 
2.000000 2.095000 21.852594 4.578119 1.526654 
2.000000 2.085000 21.852594 4.556266 1.526654 
2.000000 2.075000 21.852594 4.534413 1.526654 
2.000000 2.065000 21.852594 4.512561 1.526654 
2.000000 2.055000 21.852594 4.490708 1.526654 
2.000000 2.045000 21.852594 4.468856 1.526654 
2.000000 2.035000 21.852594 4.447003 1.526654 
2.000000 2.025000 21.852594 4.425150 1.526654 
2.000000 2.015000 21.852594 4.403298 1.526654 
2.000000 2.005000 21.852594 4.381445 1.526654 
2.000000 1.995000 21.852594 4.359593 1.526654 
2.000000 1.985000 21.852594 4.337740 1.526654 
2.000000 1.975000 21.852594 4.315887 1.526654 
2.000000 1.965000 21.852594 4.294035 1.526654 
2.000000 1.955000 21.852594 4.272182 1.526654 
2.000000 1.945000 21.852594 4.250330 1.526654 
2.000000 1.935000 21.852594 4.228477 1.526654 
2.000000 1.925000 21.852594 4.206624 1.526654 
2.000000 1.915000 21.852594 4.184772 1.526654 
2.000000 1.905000 21.852594 4.162919 1.526654 
2.000000 1.895000 21.852594 4.141067 1.526654 
2.000000 1.885000 21.852594 4.119214 1.526654 
2.000000 1.875000 21.852594 4.097361 1.526654 
2.000000 1.865000 21.852594 4.075509 1.526654 
2.000000 1.855000 21.852594 4.053656 1.526654 
2.000000 1.845000 21.852594 4.031804 1.526654 
2.000000 1.835000 21.852594 4.009951 1.526654 
2.000000 1.825000 21.852594 3.988098 1.526654 
2.000000 1.815000 21.852594 3.966246 1.526654 
2.000000 1.805000 21.852594 3.944393 1.526654 
2.000000 1.795000 21.852594 3.922541 1.526654 
2.000000 1.785000 21.852594 3.900688 1.526654 
2.000000 1.775000 21.852594 3.878835 1.526654 
2.000000 1.765000 21.852594 3.856983 1.526654 
2.000000 1.755000 21.852594 3.835130 1.526654 
2.000000 1.745000 21.852594 3.813278 1.526654 
2.000000 1.735000 21.852594 3.791425 1.526654 
2.000000 1.725000 21.852594 3.769573 1.526654 
2.000000 1.715000 21.852594 3.747720 1.526654 
2.000000 1.705000 21.852594 3.725867 1.526654 
2.000000 1.695000 21.852594 3.704015 1.526654 
2.000000 1.685000 21.852594 3.682162 1.526654 
2.000000 1.675000 21.852594 3.660310 1.526654 
2.000000 1.665000 21.852594 3.638457 1.526654 
2.000000 1.655000 21.852594 3.616604 1.526654 
2.000000 1.645000 21.852594 3.594752 1.526654 
2.000000 1.635000 21.852594 3.572899 1.526654 
2.000000 1.625000 21.852594 3.551047 1.526654 
2.000000 1.615000 21.852594 3.529194 1.526654 
2.000000 1.605000 21.852594 3.507341 1.526654 
2.000000 1.595000 21.852594 3.485489 1.526654 
2.000000 1.585000 21.852594 3.463636 1.526654 
2.000000 1.575000 21.852594 3.441784 1.526654 
2.000000 1.565000 21.852594 3.419931 1.526654 
2.000000 1.555000 21.852594 3.398078 1.526654 
2.000000 1.545000 21.852594 3.376226 1.526654 
2.000000 1.535000 21.852594 3.354373 1.526654 
1.996663 1.525000 21.852594 3.332521 1.524644 
1.983237 1.515000 21.852594 3.310668 1.514756 
1.969690 1.505000 21.852594 3.288815 1.504803 
1.956020 1.495000 21.852594 3.266963 1.494781 
1.942226 1.485000 21.852594 3.245110 1.484689 
1.928308 1.475000 21.852594 3.223258 1.474525 
1.914265 1.465000 21.852594 3.201405 1.464287 
1.900095 1.455000 21.852594 3.179552 1.453971 
1.885797 1.445000 21.852594 3.157700 1.443576 
1.871370 1.435000 21.852594 3.135847 1.433098 
1.856814 1.425000 21.852594 3.113995 1.422537 
1.845812 1.415000 21.852594 3.092142 1.414559 
1.831026 1.405000 21.852594 3.070289 1.403843 
1.816107 1.395000 21.852594 3.048437 1.393035 
1.804831 1.385000 21.852594 3.026584 1.384867 
1.789677 1.375000 21.852594 3.004732 1.373891 
1.774387 1.365000 21.852594 2.982879 1.362815 
1.762830 1.355000 21.852594 2.961027 1.354440 
1.747299 1.345000 21.852594 2.939174 1.343180 
1.735559 1.335000 21.852594 2.917321 1.334664 
1.719783 1.325000 21.852594 2.895469 1.323212 
1.707858 1.315000 21.852594 2.873616 1.314546 
1.691833 1.305000 21.852594 2.851764 1.302889 
1.679720 1.295000 21.852594 2.829911 1.294066 
1.663442 1.285000 21.852594 2.808058 1.282192 
1.651137 1.275000 21.852594 2.786206 1.273202 
1.638749 1.265000 21.852594 2.764353 1.264137 
1.626277 1.255000 21.852594 2.742501 1.254996 
1.609517 1.245000 21.852594 2.720648 1.242685 
1.596847 1.235000 21.852594 2.698795 1.233358 
1.584091 1.225000 21.852594 2.676943 1.223948 
1.571249 1.215000 21.852594 2.655090 1.214453 
1.558320 1.205000 21.852594 2.633238 1.204870 
1.540944 1.195000 21.852594 2.611385 1.191953 
1.527808 1.185000 21.852594 2.589532 1.182157 
1.514583 1.175000 21.852594 2.567680 1.172266 
1.501268 1.165000 21.852594 2.545827 1.162277 
1.487861 1.155000 21.852594 2.523975 1.152188 
1.474363 1.145000 21.852594 2.502122 1.141995 
1.460772 1.135000 21.852594 2.480269 1.131697 
1.451659 1.125000 21.852594 2.458417 1.124771 
1.437913 1.115000 21.852594 2.436564 1.114289 
1.424071 1.105000 21.852594 2.414712 1.103693 
1.410134 1.095000 21.852594 2.392859 1.092980 
1.396101 1.085000 21.852594 2.371006 1.082147 
1.386692 1.075000 21.852594 2.349154 1.074856 
1.372497 1.065000 21.852594 2.327301 1.063814 
1.358203 1.055000 21.852594 2.305449 1.052641 
1.343810 1.045000 21.852594 2.283596 1.041335 
1.334159 1.035000 21.852594 2.261744 1.033721 
1.319599 1.025000 21.852594 2.239891 1.022182 
1.309836 1.015000 21.852594 2.218038 1.014410 
1.295106 1.005000 21.852594 2.196186 1.002627 
1.285229 0.995000 21.852594 2.174333 0.994688 
1.270327 0.985000 21.852594 2.152481 0.982648 
1.260334 0.975000 21.852594 2.130628 0.974533 
1.245257 0.965000 21.852594 2.108775 0.962224 
1.235147 0.955000 21.852594 2.086923 0.953924 
1.219893 0.945000 21.852594 2.065070 0.941329 
1.209665 0.935000 21.852594 2.043218 0.932834 
1.199388 0.925000 21.852594 2.021365 0.924258 
1.183882 0.915000 21.852594 1.999512 0.911239 
1.173484 0.905000 21.852594 1.977660 0.902452 
1.163037 0.895000 21.852594 1.955807 0.893579 
1.152541 0.885000 21.852594 1.933955 0.884615 
1.136704 0.875000 21.852594 1.912102 0.870998 
1.126083 0.865000 21.852594 1.890249 0.861802 
1.115413 0.855000 21.852594 1.868397 0.852510 
1.104692 0.845000 21.852594 1.846544 0.843118 
1.093921 0.835000 21.852594 1.824692 0.833624 
1.083099 0.825000 21.852594 1.802839 0.824027 
1.072226 0.815000 21.852594 1.780986 0.814323 
1.061301 0.805000 21.852594 1.759134 0.804510 
1.050326 0.795000 21.852594 1.737281 0.794586 
1.039298 0.785000 21.852594 1.715429 0.784547 
1.028219 0.775000 21.852594 1.693576 0.774391 
1.017087 0.765000 21.852594 1.671723 0.764115 
1.005903 0.755000 21.852594 1.649871 0.753715 
0.994667 0.745000 21.852594 1.628018 0.743189 
0.983378 0.735000 21.852594 1.606166 0.732533 
0.972037 0.725000 21.852594 1.584313 0.721745 
0.960642 0.715000 21.852594 1.562460 0.710819 
0.949195 0.705000 21.852594 1.540608 0.699754 
0.943452 0.695000 21.852594 1.518755 0.694168 
0.931925 0.685000 21.852594 1.496903 0.682885 
0.920346 0.675000 21.852594 1.475050 0.671453 
0.908713 0.665000 21.852594 1.453198 0.659866 
0.902877 0.655000 21.852594 1.431345 0.654014 
0.891165 0.645000 21.852594 1.409492 0.642189 
0.879399 0.635000 21.852594 1.387640 0.630200 
0.873497 0.625000 21.852594 1.365787 0.624142 
0.861653 0.615000 21.852594 1.343935 0.611897 
0.849757 0.605000 21.852594 1.322082 0.599475 
0.843789 0.595000 21.852594 1.300229 0.593197 
0.831814 0.585000 21.852594 1.278377 0.580501 
0.825807 0.575000 21.852594 1.256524 0.574083 
0.813755 0.565000 21.852594 1.234672 0.561102 
0.807710 0.555000 21.852594 1.212819 0.554537 
0.795581 0.545000 21.852594 1.190966 0.541257 
0.789498 0.535000 21.852594 1.169114 0.534540 
0.777295 0.525000 21.852594 1.147261 0.520949 
0.771174 0.515000 21.852594 1.125409 0.514073 
0.758897 0.505000 21.852594 1.103556 0.500156 
0.752741 0.495000 21.852594 1.081703 0.493114 
0.740392 0.485000 21.852594 1.059851 0.478858 
0.734201 0.475000 21.852594 1.037998 0.471642 
0.727997 0.465000 21.852594 1.016146 0.464366 
0.715558 0.455000 21.852594 0.994293 0.449634 
0.709321 0.445000 21.852594 0.972440 0.442174 
0.703074 0.435000 21.852594 0.950588 0.434652 
0.690549 0.425000 21.852594 0.928735 0.419415 
0.684271 0.415000 21.852594 0.906883 0.411698 
0.677983 0.405000 21.852594 0.885030 0.403914 
0.665379 0.395000 21.852594 0.863177 0.388143 
0.659063 0.385000 21.852594 0.841325 0.380153 
0.652739 0.375000 21.852594 0.819472 0.372093 
0.646407 0.365000 21.852594 0.797620 0.363961 
0.633718 0.355000 21.852594 0.775767 0.347480 
0.627363 0.345000 21.852594 0.753915 0.339128 
0.621001 0.335000 21.852594 0.732062 0.330700 
0.614632 0.325000 21.852594 0.710209 0.322197 
0.608258 0.315000 21.852594 0.688357 0.313616 
0.601878 0.305000 21.852594 0.666504 0.304956 
0.589105 0.295000 21.852594 0.644652 0.287400 
0.582712 0.285000 21.852594 0.622799 0.278500 
0.576317 0.275000 21.852594 0.600946 0.269519 
0.569919 0.265000 21.852594 0.579094 0.260456 
0.563519 0.255000 21.852594 0.557241 0.251309 
0.557119 0.245000 21.852594 0.535389 0.242078 
0.550718 0.235000 21.852594 0.513536 0.232761 
0.544318 0.225000 21.852594 0.491683 0.223360 
0.537920 0.215000 21.852594 0.469831 0.213872 
0.531524 0.205000 21.852594 0.447978 0.204297 
0.525132 0.195000 21.852594 0.426126 0.194636 
0.518745 0.185000 21.852594 0.404273 0.184887 
0.505989 0.175000 21.852594 0.382420 0.165125 
0.499622 0.165000 21.852594 0.360568 0.155112 
0.493266 0.155000 21.852594 0.338715 0.145012 
0.486920 0.145000 21.852594 0.316863 0.134824 
0.486920 0.135000 21.852594 0.295010 0.134824 
0.480587 0.125000 21.852594 0.273157 0.124548 
0.474268 0.115000 21.852594 0.251305 0.114186 
0.467965 0.105000 21.852594 0.229452 0.103739 
0.461680 0.095000 21.852594 0.207600 0.093206 
0.455415 0.085000 21.852594 0.185747 0.082591 
0.449171 0.075000 21.852594 0.163894 0.071893 
0.442951 0.065000 21.852594 0.142042 0.061116 
0.436757 0.055000 21.852594 0.120189 0.050262 
0.430592 0.045000 21.852594 0.098337 0.039332 
0.424458 0.035000 21.852594 0.076484 0.028331 
0.418359 0.025000 21.852594 0.054631 0.017262 
0.412296 0.015000 21.852594 0.032779 0.006128 
