2.000000 9.985000 5.674014 5.665503 0.536769 
2.000000 9.975000 5.674014 5.659829 0.536769 
2.000000 9.965000 5.674014 5.654155 0.536769 
2.000000 9.955000 5.674014 5.648481 0.536769 
2.000000 9.945000 5.674014 5.642807 0.536769 
2.000000 9.935000 5.674014 5.637133 0.536769 
2.000000 9.925000 5.674014 5.631459 0.536769 
2.000000 9.915000 5.674014 5.625785 0.536769 
2.000000 9.905000 5.674014 5.620110 0.536769 
2.000000 9.895000 5.674014 5.614436 0.536769 
2.000000 9.885000 5.674014 5.608762 0.536769 
2.000000 9.875000 5.674014 5.603088 0.536769 
2.000000 9.865000 5.674014 5.597414 0.536769 
2.000000 9.855000 5.674014 5.591740 0.536769 
2.000000 9.845000 5.674014 5.586066 0.536769 
2.000000 9.835000 5.674014 5.580392 0.536769 
2.000000 9.825000 5.674014 5.574718 0.536769 
2.000000 9.815000 5.674014 5.569044 0.536769 
2.000000 9.805000 5.674014 5.563370 0.536769 
2.000000 9.795000 5.674014 5.557696 0.536769 
2.000000 9.785000 5.674014 5.552022 0.536769 
2.000000 9.775000 5.674014 5.546348 0.536769 
2.000000 9.765000 5.674014 5.540674 0.536769 
2.000000 9.755000 5.674014 5.535000 0.536769 
2.000000 9.745000 5.674014 5.529326 0.536769 
2.000000 9.735000 5.674014 5.523652 0.536769 
2.000000 9.725000 5.674014 5.517978 0.536769 
2.000000 9.715000 5.674014 5.512304 0.536769 
2.000000 9.705000 5.674014 5.506630 0.536769 
2.000000 9.695000 5.674014 5.500956 0.536769 
2.000000 9.685000 5.674014 5.495282 0.536769 
2.000000 9.675000 5.674014 5.489608 0.536769 
2.000000 9.665000 5.674014 5.483934 0.536769 
2.000000 9.655000 5.674014 5.478260 0.536769 
2.000000 9.645000 5.674014 5.472586 0.536769 
2.000000 9.635000 5.674014 5.466912 0.536769 
2.000000 9.625000 5.674014 5.461238 0.536769 
2.000000 9.615000 5.674014 5.455564 0.536769 
2.000000 9.605000 5.674014 5.449890 0.536769 
2.000000 9.595000 5.674014 5.444216 0.536769 
2.000000 9.585000 5.674014 5.438542 0.536769 
2.000000 9.575000 5.674014 5.432868 0.536769 
2.000000 9.565000 5.674014 5.427194 0.536769 
2.000000 9.555000 5.674014 5.421520 0.536769 
2.000000 9.545000 5.674014 5.415846 0.536769 
2.000000 9.535000 5.674014 5.410172 0.536769 
2.000000 9.525000 5.674014 5.404498 0.536769 
2.000000 9.515000 5.674014 5.398824 0.536769 
2.000000 9.505000 5.674014 5.393150 0.536769 
2.000000 9.495000 5.674014 5.387476 0.536769 
2.000000 9.485000 5.674014 5.381802 0.536769 
2.000000 9.475000 5.674014 5.376128 0.536769 
2.000000 9.465000 5.674014 5.370454 0.536769 
2.000000 9.455000 5.674014 5.364780 0.536769 
2.000000 9.445000 5.674014 5.359106 0.536769 
2.000000 9.435000 5.674014 5.353432 0.536769 
2.000000 9.425000 5.674014 5.347758 0.536769 
2.000000 9.415000 5.674014 5.342084 0.536769 
2.000000 9.405000 5.674014 5.336410 0.536769 
2.000000 9.395000 5.674014 5.330736 0.536769 
2.000000 9.385000 5.674014 5.325062 0.536769 
2.000000 9.375000 5.674014 5.319388 0.536769 
2.000000 9.365000 5.674014 5.313714 0.536769 
2.000000 9.355000 5.674014 5.308040 0.536769 
2.000000 9.345000 5.674014 5.302366 0.536769 
2.000000 9.335000 5.674014 5.296692 0.536769 
2.000000 9.325000 5.674014 5.291018 0.536769 
2.000000 9.315000 5.674014 5.285344 0.536769 
2.000000 9.305000 5.674014 5.279670 0.536769 
2.000000 9.295000 5.674014 5.273996 0.536769 
2.000000 9.285000 5.674014 5.268322 0.536769 
2.000000 9.275000 5.674014 5.262648 0.536769 
2.000000 9.265000 5.674014 5.256974 0.536769 
2.000000 9.255000 5.674014 5.251300 0.536769 
2.000000 9.245000 5.674014 5.245626 0.536769 
2.000000 9.235000 5.674014 5.239952 0.536769 
2.000000 9.225000 5.674014 5.234278 0.536769 
2.000000 9.215000 5.674014 5.228604 0.536769 
2.000000 9.205000 5.674014 5.222930 0.536769 
2.000000 9.195000 5.674014 5.217256 0.536769 
2.000000 9.185000 5.674014 5.211582 0.536769 
2.000000 9.175000 5.674014 5.205908 0.536769 
2.000000 9.165000 5.674014 5.200233 0.536769 
2.000000 9.155000 5.674014 5.194559 0.536769 
2.000000 9.145000 5.674014 5.188885 0.536769 
2.000000 9.135000 5.674014 5.183211 0.536769 
2.000000 9.125000 5.674014 5.177537 0.536769 
2.000000 9.115000 5.674014 5.171863 0.536769 
2.000000 9.105000 5.674014 5.166189 0.536769 
2.000000 9.095000 5.674014 5.160515 0.536769 
2.000000 9.085000 5.674014 5.154841 0.536769 
2.000000 9.075000 5.674014 5.149167 0.536769 
2.000000 9.065000 5.674014 5.143493 0.536769 
2.000000 9.055000 5.674014 5.137819 0.536769 
2.000000 9.045000 5.674014 5.132145 0.536769 
2.000000 9.035000 5.674014 5.126471 0.536769 
2.000000 9.025000 5.674014 5.120797 0.536769 
2.000000 9.015000 5.674014 5.115123 0.536769 
2.000000 9.005000 5.674014 5.109449 0.536769 
2.000000 8.995000 5.674014 5.103775 0.536769 
2.000000 8.985000 5.674014 5.098101 0.536769 
2.000000 8.975000 5.674014 5.092427 0.536769 
2.000000 8.965000 5.674014 5.086753 0.536769 
2.000000 8.955000 5.674014 5.081079 0.536769 
2.000000 8.945000 5.674014 5.075405 0.536769 
2.000000 8.935000 5.674014 5.069731 0.536769 
2.000000 8.925000 5.674014 5.064057 0.536769 
2.000000 8.915000 5.674014 5.058383 0.536769 
2.000000 8.905000 5.674014 5.052709 0.536769 
2.000000 8.895000 5.674014 5.047035 0.536769 
2.000000 8.885000 5.674014 5.041361 0.536769 
2.000000 8.875000 5.674014 5.035687 0.536769 
2.000000 8.865000 5.674014 5.030013 0.536769 
2.000000 8.855000 5.674014 5.024339 0.536769 
2.000000 8.845000 5.674014 5.018665 0.536769 
2.000000 8.835000 5.674014 5.012991 0.536769 
2.000000 8.825000 5.674014 5.007317 0.536769 
2.000000 8.815000 5.674014 5.001643 0.536769 
2.000000 8.805000 5.674014 4.995969 0.536769 
2.000000 8.795000 5.674014 4.990295 0.536769 
2.000000 8.785000 5.674014 4.984621 0.536769 
2.000000 8.775000 5.674014 4.978947 0.536769 
2.000000 8.765000 5.674014 4.973273 0.536769 
2.000000 8.755000 5.674014 4.967599 0.536769 
2.000000 8.745000 5.674014 4.961925 0.536769 
2.000000 8.735000 5.674014 4.956251 0.536769 
2.000000 8.725000 5.674014 4.950577 0.536769 
2.000000 8.715000 5.674014 4.944903 0.536769 
2.000000 8.705000 5.674014 4.939229 0.536769 
2.000000 8.695000 5.674014 4.933555 0.536769 
2.000000 8.685000 5.674014 4.927881 0.536769 
2.000000 8.675000 5.674014 4.922207 0.536769 
2.000000 8.665000 5.674014 4.916533 0.536769 
2.000000 8.655000 5.674014 4.910859 0.536769 
2.000000 8.645000 5.674014 4.905185 0.536769 
2.000000 8.635000 5.674014 4.899511 0.536769 
2.000000 8.625000 5.674014 4.893837 0.536769 
2.000000 8.615000 5.674014 4.888163 0.536769 
2.000000 8.605000 5.674014 4.882489 0.536769 
2.000000 8.595000 5.674014 4.876815 0.536769 
2.000000 8.585000 5.674014 4.871141 0.536769 
2.000000 8.575000 5.674014 4.865467 0.536769 
2.000000 8.565000 5.674014 4.859793 0.536769 
2.000000 8.555000 5.674014 4.854119 0.536769 
2.000000 8.545000 5.674014 4.848445 0.536769 
2.000000 8.535000 5.674014 4.842771 0.536769 
2.000000 8.525000 5.674014 4.837097 0.536769 
2.000000 8.515000 5.674014 4.831423 0.536769 
2.000000 8.505000 5.674014 4.825749 0.536769 
2.000000 8.495000 5.674014 4.820075 0.536769 
2.000000 8.485000 5.674014 4.814401 0.536769 
2.000000 8.475000 5.674014 4.808727 0.536769 
2.000000 8.465000 5.674014 4.803053 0.536769 
2.000000 8.455000 5.674014 4.797379 0.536769 
2.000000 8.445000 5.674014 4.791705 0.536769 
2.000000 8.435000 5.674014 4.786030 0.536769 
2.000000 8.425000 5.674014 4.780356 0.536769 
2.000000 8.415000 5.674014 4.774682 0.536769 
2.000000 8.405000 5.674014 4.769008 0.536769 
2.000000 8.395000 5.674014 4.763334 0.536769 
2.000000 8.385000 5.674014 4.757660 0.536769 
2.000000 8.375000 5.674014 4.751986 0.536769 
2.000000 8.365000 5.674014 4.746312 0.536769 
2.000000 8.355000 5.674014 4.740638 0.536769 
2.000000 8.345000 5.674014 4.734964 0.536769 
2.000000 8.335000 5.674014 4.729290 0.536769 
2.000000 8.325000 5.674014 4.723616 0.536769 
2.000000 8.315000 5.674014 4.717942 0.536769 
2.000000 8.305000 5.674014 4.712268 0.536769 
2.000000 8.295000 5.674014 4.706594 0.536769 
2.000000 8.285000 5.674014 4.700920 0.536769 
2.000000 8.275000 5.674014 4.695246 0.536769 
2.000000 8.265000 5.674014 4.689572 0.536769 
2.000000 8.255000 5.674014 4.683898 0.536769 
2.000000 8.245000 5.674014 4.678224 0.536769 
2.000000 8.235000 5.674014 4.672550 0.536769 
2.000000 8.225000 5.674014 4.666876 0.536769 
2.000000 8.215000 5.674014 4.661202 0.536769 
2.000000 8.205000 5.674014 4.655528 0.536769 
2.000000 8.195000 5.674014 4.649854 0.536769 
2.000000 8.185000 5.674014 4.644180 0.536769 
2.000000 8.175000 5.674014 4.638506 0.536769 
2.000000 8.165000 5.674014 4.632832 0.536769 
2.000000 8.155000 5.674014 4.627158 0.536769 
2.000000 8.145000 5.674014 4.621484 0.536769 
2.000000 8.135000 5.674014 4.615810 0.536769 
2.000000 8.125000 5.674014 4.610136 0.536769 
2.000000 8.115000 5.674014 4.604462 0.536769 
2.000000 8.105000 5.674014 4.598788 0.536769 
2.000000 8.095000 5.674014 4.593114 0.536769 
2.000000 8.085000 5.674014 4.587440 0.536769 
2.000000 8.075000 5.674014 4.581766 0.536769 
2.000000 8.065000 5.674014 4.576092 0.536769 
2.000000 8.055000 5.674014 4.570418 0.536769 
2.000000 8.045000 5.674014 4.564744 0.536769 
2.000000 8.035000 5.674014 4.559070 0.536769 
2.000000 8.025000 5.674014 4.553396 0.536769 
2.000000 8.015000 5.674014 4.547722 0.536769 
2.000000 8.005000 5.674014 4.542048 0.536769 
2.000000 7.995000 5.674014 4.536374 0.536769 
2.000000 7.985000 5.674014 4.530700 0.536769 
2.000000 7.975000 5.674014 4.525026 0.536769 
2.000000 7.965000 5.674014 4.519352 0.536769 
2.000000 7.955000 5.674014 4.513678 0.536769 
2.000000 7.945000 5.674014 4.508004 0.536769 
2.000000 7.935000 5.674014 4.502330 0.536769 
2.000000 7.925000 5.674014 4.496656 0.536769 
2.000000 7.915000 5.674014 4.490982 0.536769 
2.000000 7.905000 5.674014 4.485308 0.536769 
2.000000 7.895000 5.674014 4.479634 0.536769 
2.000000 7.885000 5.674014 4.473960 0.536769 
2.000000 7.875000 5.674014 4.468286 0.536769 
2.000000 7.865000 5.674014 4.462612 0.536769 
2.000000 7.855000 5.674014 4.456938 0.536769 
2.000000 7.845000 5.674014 4.451264 0.536769 
2.000000 7.835000 5.674014 4.445590 0.536769 
2.000000 7.825000 5.674014 4.439916 0.536769 
2.000000 7.815000 5.674014 4.434242 0.536769 
2.000000 7.805000 5.674014 4.428568 0.536769 
2.000000 7.795000 5.674014 4.422894 0.536769 
2.000000 7.785000 5.674014 4.417220 0.536769 
2.000000 7.775000 5.674014 4.411546 0.536769 
2.000000 7.765000 5.674014 4.405872 0.536769 
2.000000 7.755000 5.674014 4.400198 0.536769 
2.000000 7.745000 5.674014 4.394524 0.536769 
2.000000 7.735000 5.674014 4.388850 0.536769 
2.000000 7.725000 5.674014 4.383176 0.536769 
2.000000 7.715000 5.674014 4.377502 0.536769 
2.000000 7.705000 5.674014 4.371827 0.536769 
2.000000 7.695000 5.674014 4.366153 0.536769 
2.000000 7.685000 5.674014 4.360479 0.536769 
2.000000 7.675000 5.674014 4.354805 0.536769 
2.000000 7.665000 5.674014 4.349131 0.536769 
2.000000 7.655000 5.674014 4.343457 0.536769 
2.000000 7.645000 5.674014 4.337783 0.536769 
2.000000 7.635000 5.674014 4.332109 0.536769 
2.000000 7.625000 5.674014 4.326435 0.536769 
2.000000 7.615000 5.674014 4.320761 0.536769 
2.000000 7.605000 5.674014 4.315087 0.536769 
2.000000 7.595000 5.674014 4.309413 0.536769 
2.000000 7.585000 5.674014 4.303739 0.536769 
2.000000 7.575000 5.674014 4.298065 0.536769 
2.000000 7.565000 5.674014 4.292391 0.536769 
2.000000 7.555000 5.674014 4.286717 0.536769 
2.000000 7.545000 5.674014 4.281043 0.536769 
2.000000 7.535000 5.674014 4.275369 0.536769 
2.000000 7.525000 5.674014 4.269695 0.536769 
2.000000 7.515000 5.674014 4.264021 0.536769 
2.000000 7.505000 5.674014 4.258347 0.536769 
2.000000 7.495000 5.674014 4.252673 0.536769 
2.000000 7.485000 5.674014 4.246999 0.536769 
2.000000 7.475000 5.674014 4.241325 0.536769 
2.000000 7.465000 5.674014 4.235651 0.536769 
2.000000 7.455000 5.674014 4.229977 0.536769 
2.000000 7.445000 5.674014 4.224303 0.536769 
2.000000 7.435000 5.674014 4.218629 0.536769 
2.000000 7.425000 5.674014 4.212955 0.536769 
2.000000 7.415000 5.674014 4.207281 0.536769 
2.000000 7.405000 5.674014 4.201607 0.536769 
2.000000 7.395000 5.674014 4.195933 0.536769 
2.000000 7.385000 5.674014 4.190259 0.536769 
2.000000 7.375000 5.674014 4.184585 0.536769 
2.000000 7.365000 5.674014 4.178911 0.536769 
2.000000 7.355000 5.674014 4.173237 0.536769 
2.000000 7.345000 5.674014 4.167563 0.536769 
2.000000 7.335000 5.674014 4.161889 0.536769 
2.000000 7.325000 5.674014 4.156215 0.536769 
2.000000 7.315000 5.674014 4.150541 0.536769 
2.000000 7.305000 5.674014 4.144867 0.536769 
2.000000 7.295000 5.674014 4.139193 0.536769 
2.000000 7.285000 5.674014 4.133519 0.536769 
2.000000 7.275000 5.674014 4.127845 0.536769 
2.000000 7.265000 5.674014 4.122171 0.536769 
2.000000 7.255000 5.674014 4.116497 0.536769 
2.000000 7.245000 5.674014 4.110823 0.536769 
2.000000 7.235000 5.674014 4.105149 0.536769 
2.000000 7.225000 5.674014 4.099475 0.536769 
2.000000 7.215000 5.674014 4.093801 0.536769 
2.000000 7.205000 5.674014 4.088127 0.536769 
2.000000 7.195000 5.674014 4.082453 0.536769 
2.000000 7.185000 5.674014 4.076779 0.536769 
2.000000 7.175000 5.674014 4.071105 0.536769 
2.000000 7.165000 5.674014 4.065431 0.536769 
2.000000 7.155000 5.674014 4.059757 0.536769 
2.000000 7.145000 5.674014 4.054083 0.536769 
2.000000 7.135000 5.674014 4.048409 0.536769 
2.000000 7.125000 5.674014 4.042735 0.536769 
2.000000 7.115000 5.674014 4.037061 0.536769 
2.000000 7.105000 5.674014 4.031387 0.536769 
2.000000 7.095000 5.674014 4.025713 0.536769 
2.000000 7.085000 5.674014 4.020039 0.536769 
2.000000 7.075000 5.674014 4.014365 0.536769 
2.000000 7.065000 5.674014 4.008691 0.536769 
2.000000 7.055000 5.674014 4.003017 0.536769 
2.000000 7.045000 5.674014 3.997343 0.536769 
2.000000 7.035000 5.674014 3.991669 0.536769 
2.000000 7.025000 5.674014 3.985995 0.536769 
2.000000 7.015000 5.674014 3.980321 0.536769 
2.000000 7.005000 5.674014 3.974647 0.536769 
2.000000 6.995000 5.674014 3.968973 0.536769 
2.000000 6.985000 5.674014 3.963299 0.536769 
2.000000 6.975000 5.674014 3.957625 0.536769 
2.000000 6.965000 5.674014 3.951950 0.536769 
2.000000 6.955000 5.674014 3.946276 0.536769 
2.000000 6.945000 5.674014 3.940602 0.536769 
2.000000 6.935000 5.674014 3.934928 0.536769 
2.000000 6.925000 5.674014 3.929254 0.536769 
2.000000 6.915000 5.674014 3.923580 0.536769 
2.000000 6.905000 5.674014 3.917906 0.536769 
2.000000 6.895000 5.674014 3.912232 0.536769 
2.000000 6.885000 5.674014 3.906558 0.536769 
2.000000 6.875000 5.674014 3.900884 0.536769 
2.000000 6.865000 5.674014 3.895210 0.536769 
2.000000 6.855000 5.674014 3.889536 0.536769 
2.000000 6.845000 5.674014 3.883862 0.536769 
2.000000 6.835000 5.674014 3.878188 0.536769 
2.000000 6.825000 5.674014 3.872514 0.536769 
2.000000 6.815000 5.674014 3.866840 0.536769 
2.000000 6.805000 5.674014 3.861166 0.536769 
2.000000 6.795000 5.674014 3.855492 0.536769 
2.000000 6.785000 5.674014 3.849818 0.536769 
2.000000 6.775000 5.674014 3.844144 0.536769 
2.000000 6.765000 5.674014 3.838470 0.536769 
2.000000 6.755000 5.674014 3.832796 0.536769 
2.000000 6.745000 5.674014 3.827122 0.536769 
2.000000 6.735000 5.674014 3.821448 0.536769 
2.000000 6.725000 5.674014 3.815774 0.536769 
2.000000 6.715000 5.674014 3.810100 0.536769 
2.000000 6.705000 5.674014 3.804426 0.536769 
2.000000 6.695000 5.674014 3.798752 0.536769 
2.000000 6.685000 5.674014 3.793078 0.536769 
2.000000 6.675000 5.674014 3.787404 0.536769 
2.000000 6.665000 5.674014 3.781730 0.536769 
2.000000 6.655000 5.674014 3.776056 0.536769 
2.000000 6.645000 5.674014 3.770382 0.536769 
2.000000 6.635000 5.674014 3.764708 0.536769 
2.000000 6.625000 5.674014 3.759034 0.536769 
2.000000 6.615000 5.674014 3.753360 0.536769 
2.000000 6.605000 5.674014 3.747686 0.536769 
2.000000 6.595000 5.674014 3.742012 0.536769 
2.000000 6.585000 5.674014 3.736338 0.536769 
2.000000 6.575000 5.674014 3.730664 0.536769 
2.000000 6.565000 5.674014 3.724990 0.536769 
2.000000 6.555000 5.674014 3.719316 0.536769 
2.000000 6.545000 5.674014 3.713642 0.536769 
2.000000 6.535000 5.674014 3.707968 0.536769 
2.000000 6.525000 5.674014 3.702294 0.536769 
2.000000 6.515000 5.674014 3.696620 0.536769 
2.000000 6.505000 5.674014 3.690946 0.536769 
2.000000 6.495000 5.674014 3.685272 0.536769 
2.000000 6.485000 5.674014 3.679598 0.536769 
2.000000 6.475000 5.674014 3.673924 0.536769 
2.000000 6.465000 5.674014 3.668250 0.536769 
2.000000 6.455000 5.674014 3.662576 0.536769 
2.000000 6.445000 5.674014 3.656902 0.536769 
2.000000 6.435000 5.674014 3.651228 0.536769 
2.000000 6.425000 5.674014 3.645554 0.536769 
2.000000 6.415000 5.674014 3.639880 0.536769 
2.000000 6.405000 5.674014 3.634206 0.536769 
2.000000 6.395000 5.674014 3.628532 0.536769 
2.000000 6.385000 5.674014 3.622858 0.536769 
2.000000 6.375000 5.674014 3.617184 0.536769 
2.000000 6.365000 5.674014 3.611510 0.536769 
2.000000 6.355000 5.674014 3.605836 0.536769 
2.000000 6.345000 5.674014 3.600162 0.536769 
2.000000 6.335000 5.674014 3.594488 0.536769 
2.000000 6.325000 5.674014 3.588814 0.536769 
2.000000 6.315000 5.674014 3.583140 0.536769 
2.000000 6.305000 5.674014 3.577466 0.536769 
2.000000 6.295000 5.674014 3.571792 0.536769 
2.000000 6.285000 5.674014 3.566118 0.536769 
2.000000 6.275000 5.674014 3.560444 0.536769 
2.000000 6.265000 5.674014 3.554770 0.536769 
2.000000 6.255000 5.674014 3.549096 0.536769 
2.000000 6.245000 5.674014 3.543422 0.536769 
2.000000 6.235000 5.674014 3.537747 0.536769 
2.000000 6.225000 5.674014 3.532073 0.536769 
2.000000 6.215000 5.674014 3.526399 0.536769 
2.000000 6.205000 5.674014 3.520725 0.536769 
2.000000 6.195000 5.674014 3.515051 0.536769 
2.000000 6.185000 5.674014 3.509377 0.536769 
2.000000 6.175000 5.674014 3.503703 0.536769 
2.000000 6.165000 5.674014 3.498029 0.536769 
2.000000 6.155000 5.674014 3.492355 0.536769 
2.000000 6.145000 5.674014 3.486681 0.536769 
2.000000 6.135000 5.674014 3.481007 0.536769 
2.000000 6.125000 5.674014 3.475333 0.536769 
2.000000 6.115000 5.674014 3.469659 0.536769 
2.000000 6.105000 5.674014 3.463985 0.536769 
2.000000 6.095000 5.674014 3.458311 0.536769 
2.000000 6.085000 5.674014 3.452637 0.536769 
2.000000 6.075000 5.674014 3.446963 0.536769 
2.000000 6.065000 5.674014 3.441289 0.536769 
2.000000 6.055000 5.674014 3.435615 0.536769 
2.000000 6.045000 5.674014 3.429941 0.536769 
2.000000 6.035000 5.674014 3.424267 0.536769 
2.000000 6.025000 5.674014 3.418593 0.536769 
2.000000 6.015000 5.674014 3.412919 0.536769 
2.000000 6.005000 5.674014 3.407245 0.536769 
2.000000 5.995000 5.674014 3.401571 0.536769 
2.000000 5.985000 5.674014 3.395897 0.536769 
2.000000 5.975000 5.674014 3.390223 0.536769 
2.000000 5.965000 5.674014 3.384549 0.536769 
2.000000 5.955000 5.674014 3.378875 0.536769 
2.000000 5.945000 5.674014 3.373201 0.536769 
2.000000 5.935000 5.674014 3.367527 0.536769 
2.000000 5.925000 5.674014 3.361853 0.536769 
2.000000 5.915000 5.674014 3.356179 0.536769 
2.000000 5.905000 5.674014 3.350505 0.536769 
2.000000 5.895000 5.674014 3.344831 0.536769 
2.000000 5.885000 5.674014 3.339157 0.536769 
2.000000 5.875000 5.674014 3.333483 0.536769 
2.000000 5.865000 5.674014 3.327809 0.536769 
2.000000 5.855000 5.674014 3.322135 0.536769 
2.000000 5.845000 5.674014 3.316461 0.536769 
2.000000 5.835000 5.674014 3.310787 0.536769 
2.000000 5.825000 5.674014 3.305113 0.536769 
2.000000 5.815000 5.674014 3.299439 0.536769 
2.000000 5.805000 5.674014 3.293765 0.536769 
2.000000 5.795000 5.674014 3.288091 0.536769 
2.000000 5.785000 5.674014 3.282417 0.536769 
2.000000 5.775000 5.674014 3.276743 0.536769 
2.000000 5.765000 5.674014 3.271069 0.536769 
2.000000 5.755000 5.674014 3.265395 0.536769 
2.000000 5.745000 5.674014 3.259721 0.536769 
2.000000 5.735000 5.674014 3.254047 0.536769 
2.000000 5.725000 5.674014 3.248373 0.536769 
2.000000 5.715000 5.674014 3.242699 0.536769 
2.000000 5.705000 5.674014 3.237025 0.536769 
2.000000 5.695000 5.674014 3.231351 0.536769 
2.000000 5.685000 5.674014 3.225677 0.536769 
2.000000 5.675000 5.674014 3.220003 0.536769 
2.000000 5.665000 5.674014 3.214329 0.536769 
2.000000 5.655000 5.674014 3.208655 0.536769 
2.000000 5.645000 5.674014 3.202981 0.536769 
2.000000 5.635000 5.674014 3.197307 0.536769 
2.000000 5.625000 5.674014 3.191633 0.536769 
2.000000 5.615000 5.674014 3.185959 0.536769 
2.000000 5.605000 5.674014 3.180285 0.536769 
2.000000 5.595000 5.674014 3.174611 0.536769 
2.000000 5.585000 5.674014 3.168937 0.536769 
2.000000 5.575000 5.674014 3.163263 0.536769 
2.000000 5.565000 5.674014 3.157589 0.536769 
2.000000 5.555000 5.674014 3.151915 0.536769 
2.000000 5.545000 5.674014 3.146241 0.536769 
2.000000 5.535000 5.674014 3.140567 0.536769 
2.000000 5.525000 5.674014 3.134893 0.536769 
2.000000 5.515000 5.674014 3.129219 0.536769 
2.000000 5.505000 5.674014 3.123545 0.536769 
2.000000 5.495000 5.674014 3.117870 0.536769 
2.000000 5.485000 5.674014 3.112196 0.536769 
2.000000 5.475000 5.674014 3.106522 0.536769 
2.000000 5.465000 5.674014 3.100848 0.536769 
2.000000 5.455000 5.674014 3.095174 0.536769 
2.000000 5.445000 5.674014 3.089500 0.536769 
2.000000 5.435000 5.674014 3.083826 0.536769 
2.000000 5.425000 5.674014 3.078152 0.536769 
2.000000 5.415000 5.674014 3.072478 0.536769 
2.000000 5.405000 5.674014 3.066804 0.536769 
2.000000 5.395000 5.674014 3.061130 0.536769 
2.000000 5.385000 5.674014 3.055456 0.536769 
2.000000 5.375000 5.674014 3.049782 0.536769 
2.000000 5.365000 5.674014 3.044108 0.536769 
2.000000 5.355000 5.674014 3.038434 0.536769 
2.000000 5.345000 5.674014 3.032760 0.536769 
2.000000 5.335000 5.674014 3.027086 0.536769 
2.000000 5.325000 5.674014 3.021412 0.536769 
2.000000 5.315000 5.674014 3.015738 0.536769 
2.000000 5.305000 5.674014 3.010064 0.536769 
2.000000 5.295000 5.674014 3.004390 0.536769 
2.000000 5.285000 5.674014 2.998716 0.536769 
2.000000 5.275000 5.674014 2.993042 0.536769 
2.000000 5.265000 5.674014 2.987368 0.536769 
2.000000 5.255000 5.674014 2.981694 0.536769 
2.000000 5.245000 5.674014 2.976020 0.536769 
2.000000 5.235000 5.674014 2.970346 0.536769 
2.000000 5.225000 5.674014 2.964672 0.536769 
2.000000 5.215000 5.674014 2.958998 0.536769 
2.000000 5.205000 5.674014 2.953324 0.536769 
2.000000 5.195000 5.674014 2.947650 0.536769 
2.000000 5.185000 5.674014 2.941976 0.536769 
2.000000 5.175000 5.674014 2.936302 0.536769 
2.000000 5.165000 5.674014 2.930628 0.536769 
2.000000 5.155000 5.674014 2.924954 0.536769 
2.000000 5.145000 5.674014 2.919280 0.536769 
2.000000 5.135000 5.674014 2.913606 0.536769 
2.000000 5.125000 5.674014 2.907932 0.536769 
2.000000 5.115000 5.674014 2.902258 0.536769 
2.000000 5.105000 5.674014 2.896584 0.536769 
2.000000 5.095000 5.674014 2.890910 0.536769 
2.000000 5.085000 5.674014 2.885236 0.536769 
2.000000 5.075000 5.674014 2.879562 0.536769 
2.000000 5.065000 5.674014 2.873888 0.536769 
2.000000 5.055000 5.674014 2.868214 0.536769 
2.000000 5.045000 5.674014 2.862540 0.536769 
2.000000 5.035000 5.674014 2.856866 0.536769 
2.000000 5.025000 5.674014 2.851192 0.536769 
2.000000 5.015000 5.674014 2.845518 0.536769 
2.000000 5.005000 5.674014 2.839844 0.536769 
2.000000 4.995000 5.674014 2.834170 0.536769 
2.000000 4.985000 5.674014 2.828496 0.536769 
2.000000 4.975000 5.674014 2.822822 0.536769 
2.000000 4.965000 5.674014 2.817148 0.536769 
2.000000 4.955000 5.674014 2.811474 0.536769 
2.000000 4.945000 5.674014 2.805800 0.536769 
2.000000 4.935000 5.674014 2.800126 0.536769 
2.000000 4.925000 5.674014 2.794452 0.536769 
2.000000 4.915000 5.674014 2.788778 0.536769 
2.000000 4.905000 5.674014 2.783104 0.536769 
2.000000 4.895000 5.674014 2.777430 0.536769 
2.000000 4.885000 5.674014 2.771756 0.536769 
2.000000 4.875000 5.674014 2.766082 0.536769 
2.000000 4.865000 5.674014 2.760408 0.536769 
2.000000 4.855000 5.674014 2.754734 0.536769 
2.000000 4.845000 5.674014 2.749060 0.536769 
2.000000 4.835000 5.674014 2.743386 0.536769 
2.000000 4.825000 5.674014 2.737712 0.536769 
2.000000 4.815000 5.674014 2.732038 0.536769 
2.000000 4.805000 5.674014 2.726364 0.536769 
2.000000 4.795000 5.674014 2.720690 0.536769 
2.000000 4.785000 5.674014 2.715016 0.536769 
2.000000 4.775000 5.674014 2.709342 0.536769 
2.000000 4.765000 5.674014 2.703667 0.536769 
2.000000 4.755000 5.674014 2.697993 0.536769 
2.000000 4.745000 5.674014 2.692319 0.536769 
2.000000 4.735000 5.674014 2.686645 0.536769 
2.000000 4.725000 5.674014 2.680971 0.536769 
2.000000 4.715000 5.674014 2.675297 0.536769 
2.000000 4.705000 5.674014 2.669623 0.536769 
2.000000 4.695000 5.674014 2.663949 0.536769 
2.000000 4.685000 5.674014 2.658275 0.536769 
2.000000 4.675000 5.674014 2.652601 0.536769 
2.000000 4.665000 5.674014 2.646927 0.536769 
2.000000 4.655000 5.674014 2.641253 0.536769 
2.000000 4.645000 5.674014 2.635579 0.536769 
2.000000 4.635000 5.674014 2.629905 0.536769 
2.000000 4.625000 5.674014 2.624231 0.536769 
2.000000 4.615000 5.674014 2.618557 0.536769 
2.000000 4.605000 5.674014 2.612883 0.536769 
2.000000 4.595000 5.674014 2.607209 0.536769 
2.000000 4.585000 5.674014 2.601535 0.536769 
2.000000 4.575000 5.674014 2.595861 0.536769 
2.000000 4.565000 5.674014 2.590187 0.536769 
2.000000 4.555000 5.674014 2.584513 0.536769 
2.000000 4.545000 5.674014 2.578839 0.536769 
2.000000 4.535000 5.674014 2.573165 0.536769 
2.000000 4.525000 5.674014 2.567491 0.536769 
2.000000 4.515000 5.674014 2.561817 0.536769 
2.000000 4.505000 5.674014 2.556143 0.536769 
2.000000 4.495000 5.674014 2.550469 0.536769 
2.000000 4.485000 5.674014 2.544795 0.536769 
2.000000 4.475000 5.674014 2.539121 0.536769 
2.000000 4.465000 5.674014 2.533447 0.536769 
2.000000 4.455000 5.674014 2.527773 0.536769 
2.000000 4.445000 5.674014 2.522099 0.536769 
2.000000 4.435000 5.674014 2.516425 0.536769 
2.000000 4.425000 5.674014 2.510751 0.536769 
2.000000 4.415000 5.674014 2.505077 0.536769 
2.000000 4.405000 5.674014 2.499403 0.536769 
2.000000 4.395000 5.674014 2.493729 0.536769 
2.000000 4.385000 5.674014 2.488055 0.536769 
2.000000 4.375000 5.674014 2.482381 0.536769 
2.000000 4.365000 5.674014 2.476707 0.536769 
2.000000 4.355000 5.674014 2.471033 0.536769 
2.000000 4.345000 5.674014 2.465359 0.536769 
2.000000 4.335000 5.674014 2.459685 0.536769 
2.000000 4.325000 5.674014 2.454011 0.536769 
2.000000 4.315000 5.674014 2.448337 0.536769 
2.000000 4.305000 5.674014 2.442663 0.536769 
2.000000 4.295000 5.674014 2.436989 0.536769 
2.000000 4.285000 5.674014 2.431315 0.536769 
2.000000 4.275000 5.674014 2.425641 0.536769 
2.000000 4.265000 5.674014 2.419967 0.536769 
2.000000 4.255000 5.674014 2.414293 0.536769 
2.000000 4.245000 5.674014 2.408619 0.536769 
2.000000 4.235000 5.674014 2.402945 0.536769 
2.000000 4.225000 5.674014 2.397271 0.536769 
2.000000 4.215000 5.674014 2.391597 0.536769 
2.000000 4.205000 5.674014 2.385923 0.536769 
2.000000 4.195000 5.674014 2.380249 0.536769 
2.000000 4.185000 5.674014 2.374575 0.536769 
2.000000 4.175000 5.674014 2.368901 0.536769 
2.000000 4.165000 5.674014 2.363227 0.536769 
2.000000 4.155000 5.674014 2.357553 0.536769 
2.000000 4.145000 5.674014 2.351879 0.536769 
2.000000 4.135000 5.674014 2.346205 0.536769 
2.000000 4.125000 5.674014 2.340531 0.536769 
2.000000 4.115000 5.674014 2.334857 0.536769 
2.000000 4.105000 5.674014 2.329183 0.536769 
2.000000 4.095000 5.674014 2.323509 0.536769 
2.000000 4.085000 5.674014 2.317835 0.536769 
2.000000 4.075000 5.674014 2.312161 0.536769 
2.000000 4.065000 5.674014 2.306487 0.536769 
2.000000 4.055000 5.674014 2.300813 0.536769 
2.000000 4.045000 5.674014 2.295139 0.536769 
2.000000 4.035000 5.674014 2.289464 0.536769 
2.000000 4.025000 5.674014 2.283790 0.536769 
2.000000 4.015000 5.674014 2.278116 0.536769 
2.000000 4.005000 5.674014 2.272442 0.536769 
2.000000 3.995000 5.674014 2.266768 0.536769 
2.000000 3.985000 5.674014 2.261094 0.536769 
2.000000 3.975000 5.674014 2.255420 0.536769 
2.000000 3.965000 5.674014 2.249746 0.536769 
2.000000 3.955000 5.674014 2.244072 0.536769 
2.000000 3.945000 5.674014 2.238398 0.536769 
2.000000 3.935000 5.674014 2.232724 0.536769 
2.000000 3.925000 5.674014 2.227050 0.536769 
2.000000 3.915000 5.674014 2.221376 0.536769 
2.000000 3.905000 5.674014 2.215702 0.536769 
2.000000 3.895000 5.674014 2.210028 0.536769 
2.000000 3.885000 5.674014 2.204354 0.536769 
2.000000 3.875000 5.674014 2.198680 0.536769 
2.000000 3.865000 5.674014 2.193006 0.536769 
2.000000 3.855000 5.674014 2.187332 0.536769 
2.000000 3.845000 5.674014 2.181658 0.536769 
2.000000 3.835000 5.674014 2.175984 0.536769 
2.000000 3.825000 5.674014 2.170310 0.536769 
2.000000 3.815000 5.674014 2.164636 0.536769 
2.000000 3.805000 5.674014 2.158962 0.536769 
2.000000 3.795000 5.674014 2.153288 0.536769 
2.000000 3.785000 5.674014 2.147614 0.536769 
2.000000 3.775000 5.674014 2.141940 0.536769 
2.000000 3.765000 5.674014 2.136266 0.536769 
2.000000 3.755000 5.674014 2.130592 0.536769 
2.000000 3.745000 5.674014 2.124918 0.536769 
2.000000 3.735000 5.674014 2.119244 0.536769 
2.000000 3.725000 5.674014 2.113570 0.536769 
2.000000 3.715000 5.674014 2.107896 0.536769 
2.000000 3.705000 5.674014 2.102222 0.536769 
2.000000 3.695000 5.674014 2.096548 0.536769 
2.000000 3.685000 5.674014 2.090874 0.536769 
2.000000 3.675000 5.674014 2.085200 0.536769 
2.000000 3.665000 5.674014 2.079526 0.536769 
2.000000 3.655000 5.674014 2.073852 0.536769 
2.000000 3.645000 5.674014 2.068178 0.536769 
2.000000 3.635000 5.674014 2.062504 0.536769 
2.000000 3.625000 5.674014 2.056830 0.536769 
2.000000 3.615000 5.674014 2.051156 0.536769 
2.000000 3.605000 5.674014 2.045482 0.536769 
2.000000 3.595000 5.674014 2.039808 0.536769 
2.000000 3.585000 5.674014 2.034134 0.536769 
2.000000 3.575000 5.674014 2.028460 0.536769 
2.000000 3.565000 5.674014 2.022786 0.536769 
2.000000 3.555000 5.674014 2.017112 0.536769 
2.000000 3.545000 5.674014 2.011438 0.536769 
2.000000 3.535000 5.674014 2.005764 0.536769 
2.000000 3.525000 5.674014 2.000090 0.536769 
2.000000 3.515000 5.674014 1.994416 0.536769 
2.000000 3.505000 5.674014 1.988742 0.536769 
2.000000 3.495000 5.674014 1.983068 0.536769 
2.000000 3.485000 5.674014 1.977394 0.536769 
2.000000 3.475000 5.674014 1.971720 0.536769 
2.000000 3.465000 5.674014 1.966046 0.536769 
2.000000 3.455000 5.674014 1.960372 0.536769 
2.000000 3.445000 5.674014 1.954698 0.536769 
2.000000 3.435000 5.674014 1.949024 0.536769 
2.000000 3.425000 5.674014 1.943350 0.536769 
2.000000 3.415000 5.674014 1.937676 0.536769 
2.000000 3.405000 5.674014 1.932002 0.536769 
2.000000 3.395000 5.674014 1.926328 0.536769 
2.000000 3.385000 5.674014 1.920654 0.536769 
2.000000 3.375000 5.674014 1.914980 0.536769 
2.000000 3.365000 5.674014 1.909306 0.536769 
2.000000 3.355000 5.674014 1.903632 0.536769 
2.000000 3.345000 5.674014 1.897958 0.536769 
2.000000 3.335000 5.674014 1.892284 0.536769 
2.000000 3.325000 5.674014 1.886610 0.536769 
2.000000 3.315000 5.674014 1.880936 0.536769 
2.000000 3.305000 5.674014 1.875262 0.536769 
2.000000 3.295000 5.674014 1.869587 0.536769 
2.000000 3.285000 5.674014 1.863913 0.536769 
2.000000 3.275000 5.674014 1.858239 0.536769 
2.000000 3.265000 5.674014 1.852565 0.536769 
2.000000 3.255000 5.674014 1.846891 0.536769 
2.000000 3.245000 5.674014 1.841217 0.536769 
2.000000 3.235000 5.674014 1.835543 0.536769 
2.000000 3.225000 5.674014 1.829869 0.536769 
2.000000 3.215000 5.674014 1.824195 0.536769 
2.000000 3.205000 5.674014 1.818521 0.536769 
2.000000 3.195000 5.674014 1.812847 0.536769 
2.000000 3.185000 5.674014 1.807173 0.536769 
2.000000 3.175000 5.674014 1.801499 0.536769 
2.000000 3.165000 5.674014 1.795825 0.536769 
2.000000 3.155000 5.674014 1.790151 0.536769 
2.000000 3.145000 5.674014 1.784477 0.536769 
2.000000 3.135000 5.674014 1.778803 0.536769 
2.000000 3.125000 5.674014 1.773129 0.536769 
2.000000 3.115000 5.674014 1.767455 0.536769 
2.000000 3.105000 5.674014 1.761781 0.536769 
2.000000 3.095000 5.674014 1.756107 0.536769 
2.000000 3.085000 5.674014 1.750433 0.536769 
2.000000 3.075000 5.674014 1.744759 0.536769 
2.000000 3.065000 5.674014 1.739085 0.536769 
2.000000 3.055000 5.674014 1.733411 0.536769 
2.000000 3.045000 5.674014 1.727737 0.536769 
2.000000 3.035000 5.674014 1.722063 0.536769 
2.000000 3.025000 5.674014 1.716389 0.536769 
2.000000 3.015000 5.674014 1.710715 0.536769 
2.000000 3.005000 5.674014 1.705041 0.536769 
2.000000 2.995000 5.674014 1.699367 0.536769 
2.000000 2.985000 5.674014 1.693693 0.536769 
2.000000 2.975000 5.674014 1.688019 0.536769 
2.000000 2.965000 5.674014 1.682345 0.536769 
2.000000 2.955000 5.674014 1.676671 0.536769 
2.000000 2.945000 5.674014 1.670997 0.536769 
2.000000 2.935000 5.674014 1.665323 0.536769 
2.000000 2.925000 5.674014 1.659649 0.536769 
2.000000 2.915000 5.674014 1.653975 0.536769 
2.000000 2.905000 5.674014 1.648301 0.536769 
2.000000 2.895000 5.674014 1.642627 0.536769 
2.000000 2.885000 5.674014 1.636953 0.536769 
2.000000 2.875000 5.674014 1.631279 0.536769 
2.000000 2.865000 5.674014 1.625605 0.536769 
2.000000 2.855000 5.674014 1.619931 0.536769 
2.000000 2.845000 5.674014 1.614257 0.536769 
2.000000 2.835000 5.674014 1.608583 0.536769 
2.000000 2.825000 5.674014 1.602909 0.536769 
2.000000 2.815000 5.674014 1.597235 0.536769 
2.000000 2.805000 5.674014 1.591561 0.536769 
2.000000 2.795000 5.674014 1.585887 0.536769 
2.000000 2.785000 5.674014 1.580213 0.536769 
2.000000 2.775000 5.674014 1.574539 0.536769 
2.000000 2.765000 5.674014 1.568865 0.536769 
2.000000 2.755000 5.674014 1.563191 0.536769 
2.000000 2.745000 5.674014 1.557517 0.536769 
2.000000 2.735000 5.674014 1.551843 0.536769 
2.000000 2.725000 5.674014 1.546169 0.536769 
2.000000 2.715000 5.674014 1.540495 0.536769 
2.000000 2.705000 5.674014 1.534821 0.536769 
2.000000 2.695000 5.674014 1.529147 0.536769 
2.000000 2.685000 5.674014 1.523473 0.536769 
2.000000 2.675000 5.674014 1.517799 0.536769 
2.000000 2.665000 5.674014 1.512125 0.536769 
2.000000 2.655000 5.674014 1.506451 0.536769 
2.000000 2.645000 5.674014 1.500777 0.536769 
2.000000 2.635000 5.674014 1.495103 0.536769 
2.000000 2.625000 5.674014 1.489429 0.536769 
2.000000 2.615000 5.674014 1.483755 0.536769 
2.000000 2.605000 5.674014 1.478081 0.536769 
2.000000 2.595000 5.674014 1.472407 0.536769 
2.000000 2.585000 5.674014 1.466733 0.536769 
2.000000 2.575000 5.674014 1.461059 0.536769 
2.000000 2.565000 5.674014 1.455384 0.536769 
2.000000 2.555000 5.674014 1.449710 0.536769 
2.000000 2.545000 5.674014 1.444036 0.536769 
2.000000 2.535000 5.674014 1.438362 0.536769 
2.000000 2.525000 5.674014 1.432688 0.536769 
2.000000 2.515000 5.674014 1.427014 0.536769 
2.000000 2.505000 5.674014 1.421340 0.536769 
2.000000 2.495000 5.674014 1.415666 0.536769 
2.000000 2.485000 5.674014 1.409992 0.536769 
2.000000 2.475000 5.674014 1.404318 0.536769 
2.000000 2.465000 5.674014 1.398644 0.536769 
2.000000 2.455000 5.674014 1.392970 0.536769 
2.000000 2.445000 5.674014 1.387296 0.536769 
2.000000 2.435000 5.674014 1.381622 0.536769 
2.000000 2.425000 5.674014 1.375948 0.536769 
2.000000 2.415000 5.674014 1.370274 0.536769 
2.000000 2.405000 5.674014 1.364600 0.536769 
2.000000 2.395000 5.674014 1.358926 0.536769 
2.000000 2.385000 5.674014 1.353252 0.536769 
2.000000 2.375000 5.674014 1.347578 0.536769 
2.000000 2.365000 5.674014 1.341904 0.536769 
2.000000 2.355000 5.674014 1.336230 0.536769 
2.000000 2.345000 5.674014 1.330556 0.536769 
2.000000 2.335000 5.674014 1.324882 0.536769 
2.000000 2.325000 5.674014 1.319208 0.536769 
2.000000 2.315000 5.674014 1.313534 0.536769 
2.000000 2.305000 5.674014 1.307860 0.536769 
2.000000 2.295000 5.674014 1.302186 0.536769 
2.000000 2.285000 5.674014 1.296512 0.536769 
2.000000 2.275000 5.674014 1.290838 0.536769 
2.000000 2.265000 5.674014 1.285164 0.536769 
2.000000 2.255000 5.674014 1.279490 0.536769 
2.000000 2.245000 5.674014 1.273816 0.536769 
2.000000 2.235000 5.674014 1.268142 0.536769 
2.000000 2.225000 5.674014 1.262468 0.536769 
2.000000 2.215000 5.674014 1.256794 0.536769 
2.000000 2.205000 5.674014 1.251120 0.536769 
2.000000 2.195000 5.674014 1.245446 0.536769 
2.000000 2.185000 5.674014 1.239772 0.536769 
2.000000 2.175000 5.674014 1.234098 0.536769 
2.000000 2.165000 5.674014 1.228424 0.536769 
2.000000 2.155000 5.674014 1.222750 0.536769 
2.000000 2.145000 5.674014 1.217076 0.536769 
2.000000 2.135000 5.674014 1.211402 0.536769 
2.000000 2.125000 5.674014 1.205728 0.536769 
2.000000 2.115000 5.674014 1.200054 0.536769 
2.000000 2.105000 5.674014 1.194380 0.536769 
2.000000 2.095000 5.674014 1.188706 0.536769 
2.000000 2.085000 5.674014 1.183032 0.536769 
2.000000 2.075000 5.674014 1.177358 0.536769 
2.000000 2.065000 5.674014 1.171684 0.536769 
2.000000 2.055000 5.674014 1.166010 0.536769 
2.000000 2.045000 5.674014 1.160336 0.536769 
2.000000 2.035000 5.674014 1.154662 0.536769 
2.000000 2.025000 5.674014 1.148988 0.536769 
2.000000 2.015000 5.674014 1.143314 0.536769 
2.000000 2.005000 5.674014 1.137640 0.536769 
2.000000 1.995000 5.674014 1.131966 0.536769 
2.000000 1.985000 5.674014 1.126292 0.536769 
2.000000 1.975000 5.674014 1.120618 0.536769 
2.000000 1.965000 5.674014 1.114944 0.536769 
2.000000 1.955000 5.674014 1.109270 0.536769 
2.000000 1.945000 5.674014 1.103596 0.536769 
2.000000 1.935000 5.674014 1.097922 0.536769 
2.000000 1.925000 5.674014 1.092248 0.536769 
2.000000 1.915000 5.674014 1.086574 0.536769 
2.000000 1.905000 5.674014 1.080900 0.536769 
2.000000 1.895000 5.674014 1.075226 0.536769 
2.000000 1.885000 5.674014 1.069552 0.536769 
2.000000 1.875000 5.674014 1.063878 0.536769 
2.000000 1.865000 5.674014 1.058204 0.536769 
2.000000 1.855000 5.674014 1.052530 0.536769 
2.000000 1.845000 5.674014 1.046856 0.536769 
2.000000 1.835000 5.674014 1.041182 0.536769 
2.000000 1.825000 5.674014 1.035507 0.536769 
2.000000 1.815000 5.674014 1.029833 0.536769 
2.000000 1.805000 5.674014 1.024159 0.536769 
2.000000 1.795000 5.674014 1.018485 0.536769 
2.000000 1.785000 5.674014 1.012811 0.536769 
2.000000 1.775000 5.674014 1.007137 0.536769 
2.000000 1.765000 5.674014 1.001463 0.536769 
2.000000 1.755000 5.674014 0.995789 0.536769 
2.000000 1.745000 5.674014 0.990115 0.536769 
2.000000 1.735000 5.674014 0.984441 0.536769 
2.000000 1.725000 5.674014 0.978767 0.536769 
2.000000 1.715000 5.674014 0.973093 0.536769 
2.000000 1.705000 5.674014 0.967419 0.536769 
2.000000 1.695000 5.674014 0.961745 0.536769 
2.000000 1.685000 5.674014 0.956071 0.536769 
2.000000 1.675000 5.674014 0.950397 0.536769 
2.000000 1.665000 5.674014 0.944723 0.536769 
2.000000 1.655000 5.674014 0.939049 0.536769 
2.000000 1.645000 5.674014 0.933375 0.536769 
2.000000 1.635000 5.674014 0.927701 0.536769 
2.000000 1.625000 5.674014 0.922027 0.536769 
2.000000 1.615000 5.674014 0.916353 0.536769 
2.000000 1.605000 5.674014 0.910679 0.536769 
2.000000 1.595000 5.674014 0.905005 0.536769 
2.000000 1.585000 5.674014 0.899331 0.536769 
2.000000 1.575000 5.674014 0.893657 0.536769 
2.000000 1.565000 5.674014 0.887983 0.536769 
2.000000 1.555000 5.674014 0.882309 0.536769 
2.000000 1.545000 5.674014 0.876635 0.536769 
2.000000 1.535000 5.674014 0.870961 0.536769 
2.000000 1.525000 5.674014 0.865287 0.536769 
2.000000 1.515000 5.674014 0.859613 0.536769 
2.000000 1.505000 5.674014 0.853939 0.536769 
2.000000 1.495000 5.674014 0.848265 0.536769 
2.000000 1.485000 5.674014 0.842591 0.536769 
2.000000 1.475000 5.674014 0.836917 0.536769 
2.000000 1.465000 5.674014 0.831243 0.536769 
2.000000 1.455000 5.674014 0.825569 0.536769 
2.000000 1.445000 5.674014 0.819895 0.536769 
2.000000 1.435000 5.674014 0.814221 0.536769 
2.000000 1.425000 5.674014 0.808547 0.536769 
2.000000 1.415000 5.674014 0.802873 0.536769 
2.000000 1.405000 5.674014 0.797199 0.536769 
2.000000 1.395000 5.674014 0.791525 0.536769 
2.000000 1.385000 5.674014 0.785851 0.536769 
2.000000 1.375000 5.674014 0.780177 0.536769 
2.000000 1.365000 5.674014 0.774503 0.536769 
2.000000 1.355000 5.674014 0.768829 0.536769 
2.000000 1.345000 5.674014 0.763155 0.536769 
2.000000 1.335000 5.674014 0.757481 0.536769 
2.000000 1.325000 5.674014 0.751807 0.536769 
2.000000 1.315000 5.674014 0.746133 0.536769 
2.000000 1.305000 5.674014 0.740459 0.536769 
2.000000 1.295000 5.674014 0.734785 0.536769 
2.000000 1.285000 5.674014 0.729111 0.536769 
2.000000 1.275000 5.674014 0.723437 0.536769 
2.000000 1.265000 5.674014 0.717763 0.536769 
2.000000 1.255000 5.674014 0.712089 0.536769 
2.000000 1.245000 5.674014 0.706415 0.536769 
2.000000 1.235000 5.674014 0.700741 0.536769 
2.000000 1.225000 5.674014 0.695067 0.536769 
2.000000 1.215000 5.674014 0.689393 0.536769 
2.000000 1.205000 5.674014 0.683719 0.536769 
2.000000 1.195000 5.674014 0.678045 0.536769 
2.000000 1.185000 5.674014 0.672371 0.536769 
2.000000 1.175000 5.674014 0.666697 0.536769 
2.000000 1.165000 5.674014 0.661023 0.536769 
2.000000 1.155000 5.674014 0.655349 0.536769 
2.000000 1.145000 5.674014 0.649675 0.536769 
2.000000 1.135000 5.674014 0.644001 0.536769 
2.000000 1.125000 5.674014 0.638327 0.536769 
2.000000 1.115000 5.674014 0.632653 0.536769 
2.000000 1.105000 5.674014 0.626979 0.536769 
2.000000 1.095000 5.674014 0.621304 0.536769 
2.000000 1.085000 5.674014 0.615630 0.536769 
2.000000 1.075000 5.674014 0.609956 0.536769 
2.000000 1.065000 5.674014 0.604282 0.536769 
2.000000 1.055000 5.674014 0.598608 0.536769 
2.000000 1.045000 5.674014 0.592934 0.536769 
2.000000 1.035000 5.674014 0.587260 0.536769 
2.000000 1.025000 5.674014 0.581586 0.536769 
2.000000 1.015000 5.674014 0.575912 0.536769 
2.000000 1.005000 5.674014 0.570238 0.536769 
2.000000 0.995000 5.674014 0.564564 0.536769 
2.000000 0.985000 5.674014 0.558890 0.536769 
2.000000 0.975000 5.674014 0.553216 0.536769 
2.000000 0.965000 5.674014 0.547542 0.536769 
2.000000 0.955000 5.674014 0.541868 0.536769 
2.000000 0.945000 5.674014 0.536194 0.536769 
2.000000 0.935000 5.674014 0.530520 0.536769 
2.000000 0.925000 5.674014 0.524846 0.536769 
2.000000 0.915000 5.674014 0.519172 0.536769 
2.000000 0.905000 5.674014 0.513498 0.536769 
2.000000 0.895000 5.674014 0.507824 0.536769 
2.000000 0.885000 5.674014 0.502150 0.536769 
2.000000 0.875000 5.674014 0.496476 0.536769 
2.000000 0.865000 5.674014 0.490802 0.536769 
2.000000 0.855000 5.674014 0.485128 0.536769 
2.000000 0.845000 5.674014 0.479454 0.536769 
2.000000 0.835000 5.674014 0.473780 0.536769 
2.000000 0.825000 5.674014 0.468106 0.536769 
2.000000 0.815000 5.674014 0.462432 0.536769 
2.000000 0.805000 5.674014 0.456758 0.536769 
2.000000 0.795000 5.674014 0.451084 0.536769 
2.000000 0.785000 5.674014 0.445410 0.536769 
2.000000 0.775000 5.674014 0.439736 0.536769 
2.000000 0.765000 5.674014 0.434062 0.536769 
2.000000 0.755000 5.674014 0.428388 0.536769 
2.000000 0.745000 5.674014 0.422714 0.536769 
2.000000 0.735000 5.674014 0.417040 0.536769 
2.000000 0.725000 5.674014 0.411366 0.536769 
2.000000 0.715000 5.674014 0.405692 0.536769 
2.000000 0.705000 5.674014 0.400018 0.536769 
2.000000 0.695000 5.674014 0.394344 0.536769 
2.000000 0.685000 5.674014 0.388670 0.536769 
2.000000 0.675000 5.674014 0.382996 0.536769 
2.000000 0.665000 5.674014 0.377322 0.536769 
2.000000 0.655000 5.674014 0.371648 0.536769 
2.000000 0.645000 5.674014 0.365974 0.536769 
2.000000 0.635000 5.674014 0.360300 0.536769 
2.000000 0.625000 5.674014 0.354626 0.536769 
2.000000 0.615000 5.674014 0.348952 0.536769 
2.000000 0.605000 5.674014 0.343278 0.536769 
2.000000 0.595000 5.674014 0.337604 0.536769 
2.000000 0.585000 5.674014 0.331930 0.536769 
2.000000 0.575000 5.674014 0.326256 0.536769 
2.000000 0.565000 5.674014 0.320582 0.536769 
2.000000 0.555000 5.674014 0.314908 0.536769 
2.000000 0.545000 5.674014 0.309234 0.536769 
1.996448 0.535000 5.674014 0.303560 0.534390 
1.982131 0.525000 5.674014 0.297886 0.521958 
1.971278 0.515000 5.674014 0.292212 0.512592 
1.960327 0.505000 5.674014 0.286538 0.503189 
1.949275 0.495000 5.674014 0.280864 0.493746 
1.938122 0.485000 5.674014 0.275190 0.484261 
1.926868 0.475000 5.674014 0.269516 0.474734 
1.911704 0.465000 5.674014 0.263842 0.461961 
1.900210 0.455000 5.674014 0.258168 0.452327 
1.888612 0.445000 5.674014 0.252494 0.442644 
1.876909 0.435000 5.674014 0.246820 0.432910 
1.865100 0.425000 5.674014 0.241146 0.423123 
1.853184 0.415000 5.674014 0.235472 0.413282 
1.841161 0.405000 5.674014 0.229798 0.403384 
1.829029 0.395000 5.674014 0.224124 0.393427 
1.816787 0.385000 5.674014 0.218450 0.383409 
1.804435 0.375000 5.674014 0.212776 0.373327 
1.791972 0.365000 5.674014 0.207101 0.363181 
1.779396 0.355000 5.674014 0.201427 0.352966 
1.766706 0.345000 5.674014 0.195753 0.342682 
1.753902 0.335000 5.674014 0.190079 0.332325 
1.740982 0.325000 5.674014 0.184405 0.321892 
1.732304 0.315000 5.674014 0.178731 0.314895 
1.719188 0.305000 5.674014 0.173057 0.304332 
1.705954 0.295000 5.674014 0.167383 0.293686 
1.692600 0.285000 5.674014 0.161709 0.282956 
1.679125 0.275000 5.674014 0.156035 0.272138 
1.670073 0.265000 5.674014 0.150361 0.264876 
1.656393 0.255000 5.674014 0.144687 0.253904 
1.642589 0.245000 5.674014 0.139013 0.242837 
1.628658 0.235000 5.674014 0.133339 0.231670 
1.619300 0.225000 5.674014 0.127665 0.224168 
1.605157 0.215000 5.674014 0.121991 0.212828 
1.590883 0.205000 5.674014 0.116317 0.201379 
1.581295 0.195000 5.674014 0.110643 0.193683 
1.566802 0.185000 5.674014 0.104969 0.182044 
1.557065 0.175000 5.674014 0.099295 0.174219 
1.542348 0.165000 5.674014 0.093621 0.162379 
1.532461 0.155000 5.674014 0.087947 0.154415 
1.517516 0.145000 5.674014 0.082273 0.142362 
1.507475 0.135000 5.674014 0.076599 0.134252 
1.492296 0.125000 5.674014 0.070925 0.121973 
1.482097 0.115000 5.674014 0.065251 0.113709 
1.466680 0.105000 5.674014 0.059577 0.101190 
1.456321 0.095000 5.674014 0.053903 0.092761 
1.445897 0.085000 5.674014 0.048229 0.084263 
1.430137 0.075000 5.674014 0.042555 0.071384 
1.419547 0.065000 5.674014 0.036881 0.062707 
1.408890 0.055000 5.674014 0.031207 0.053956 
1.392776 0.045000 5.674014 0.025533 0.040684 
1.381948 0.035000 5.674014 0.019859 0.031737 
1.371049 0.025000 5.674014 0.014185 0.022709 
1.360081 0.015000 5.674014 0.008511 0.013596 
