2.000000 9.985000 8.285115 8.272687 1.000960 
2.000000 9.975000 8.285115 8.264402 1.000960 
2.000000 9.965000 8.285115 8.256117 1.000960 
2.000000 9.955000 8.285115 8.247832 1.000960 
2.000000 9.945000 8.285115 8.239547 1.000960 
2.000000 9.935000 8.285115 8.231262 1.000960 
2.000000 9.925000 8.285115 8.222976 1.000960 
2.000000 9.915000 8.285115 8.214691 1.000960 
2.000000 9.905000 8.285115 8.206406 1.000960 
2.000000 9.895000 8.285115 8.198121 1.000960 
2.000000 9.885000 8.285115 8.189836 1.000960 
2.000000 9.875000 8.285115 8.181551 1.000960 
2.000000 9.865000 8.285115 8.173266 1.000960 
2.000000 9.855000 8.285115 8.164981 1.000960 
2.000000 9.845000 8.285115 8.156695 1.000960 
2.000000 9.835000 8.285115 8.148410 1.000960 
2.000000 9.825000 8.285115 8.140125 1.000960 
2.000000 9.815000 8.285115 8.131840 1.000960 
2.000000 9.805000 8.285115 8.123555 1.000960 
2.000000 9.795000 8.285115 8.115270 1.000960 
2.000000 9.785000 8.285115 8.106985 1.000960 
2.000000 9.775000 8.285115 8.098700 1.000960 
2.000000 9.765000 8.285115 8.090415 1.000960 
2.000000 9.755000 8.285115 8.082129 1.000960 
2.000000 9.745000 8.285115 8.073844 1.000960 
2.000000 9.735000 8.285115 8.065559 1.000960 
2.000000 9.725000 8.285115 8.057274 1.000960 
2.000000 9.715000 8.285115 8.048989 1.000960 
2.000000 9.705000 8.285115 8.040704 1.000960 
2.000000 9.695000 8.285115 8.032419 1.000960 
2.000000 9.685000 8.285115 8.024134 1.000960 
2.000000 9.675000 8.285115 8.015849 1.000960 
2.000000 9.665000 8.285115 8.007563 1.000960 
2.000000 9.655000 8.285115 7.999278 1.000960 
2.000000 9.645000 8.285115 7.990993 1.000960 
2.000000 9.635000 8.285115 7.982708 1.000960 
2.000000 9.625000 8.285115 7.974423 1.000960 
2.000000 9.615000 8.285115 7.966138 1.000960 
2.000000 9.605000 8.285115 7.957853 1.000960 
2.000000 9.595000 8.285115 7.949568 1.000960 
2.000000 9.585000 8.285115 7.941283 1.000960 
2.000000 9.575000 8.285115 7.932997 1.000960 
2.000000 9.565000 8.285115 7.924712 1.000960 
2.000000 9.555000 8.285115 7.916427 1.000960 
2.000000 9.545000 8.285115 7.908142 1.000960 
2.000000 9.535000 8.285115 7.899857 1.000960 
2.000000 9.525000 8.285115 7.891572 1.000960 
2.000000 9.515000 8.285115 7.883287 1.000960 
2.000000 9.505000 8.285115 7.875002 1.000960 
2.000000 9.495000 8.285115 7.866716 1.000960 
2.000000 9.485000 8.285115 7.858431 1.000960 
2.000000 9.475000 8.285115 7.850146 1.000960 
2.000000 9.465000 8.285115 7.841861 1.000960 
2.000000 9.455000 8.285115 7.833576 1.000960 
2.000000 9.445000 8.285115 7.825291 1.000960 
2.000000 9.435000 8.285115 7.817006 1.000960 
2.000000 9.425000 8.285115 7.808721 1.000960 
2.000000 9.415000 8.285115 7.800436 1.000960 
2.000000 9.405000 8.285115 7.792150 1.000960 
2.000000 9.395000 8.285115 7.783865 1.000960 
2.000000 9.385000 8.285115 7.775580 1.000960 
2.000000 9.375000 8.285115 7.767295 1.000960 
2.000000 9.365000 8.285115 7.759010 1.000960 
2.000000 9.355000 8.285115 7.750725 1.000960 
2.000000 9.345000 8.285115 7.742440 1.000960 
2.000000 9.335000 8.285115 7.734155 1.000960 
2.000000 9.325000 8.285115 7.725870 1.000960 
2.000000 9.315000 8.285115 7.717584 1.000960 
2.000000 9.305000 8.285115 7.709299 1.000960 
2.000000 9.295000 8.285115 7.701014 1.000960 
2.000000 9.285000 8.285115 7.692729 1.000960 
2.000000 9.275000 8.285115 7.684444 1.000960 
2.000000 9.265000 8.285115 7.676159 1.000960 
2.000000 9.255000 8.285115 7.667874 1.000960 
2.000000 9.245000 8.285115 7.659589 1.000960 
2.000000 9.235000 8.285115 7.651303 1.000960 
2.000000 9.225000 8.285115 7.643018 1.000960 
2.000000 9.215000 8.285115 7.634733 1.000960 
2.000000 9.205000 8.285115 7.626448 1.000960 
2.000000 9.195000 8.285115 7.618163 1.000960 
2.000000 9.185000 8.285115 7.609878 1.000960 
2.000000 9.175000 8.285115 7.601593 1.000960 
2.000000 9.165000 8.285115 7.593308 1.000960 
2.000000 9.155000 8.285115 7.585023 1.000960 
2.000000 9.145000 8.285115 7.576737 1.000960 
2.000000 9.135000 8.285115 7.568452 1.000960 
2.000000 9.125000 8.285115 7.560167 1.000960 
2.000000 9.115000 8.285115 7.551882 1.000960 
2.000000 9.105000 8.285115 7.543597 1.000960 
2.000000 9.095000 8.285115 7.535312 1.000960 
2.000000 9.085000 8.285115 7.527027 1.000960 
2.000000 9.075000 8.285115 7.518742 1.000960 
2.000000 9.065000 8.285115 7.510457 1.000960 
2.000000 9.055000 8.285115 7.502171 1.000960 
2.000000 9.045000 8.285115 7.493886 1.000960 
2.000000 9.035000 8.285115 7.485601 1.000960 
2.000000 9.025000 8.285115 7.477316 1.000960 
2.000000 9.015000 8.285115 7.469031 1.000960 
2.000000 9.005000 8.285115 7.460746 1.000960 
2.000000 8.995000 8.285115 7.452461 1.000960 
2.000000 8.985000 8.285115 7.444176 1.000960 
2.000000 8.975000 8.285115 7.435891 1.000960 
2.000000 8.965000 8.285115 7.427605 1.000960 
2.000000 8.955000 8.285115 7.419320 1.000960 
2.000000 8.945000 8.285115 7.411035 1.000960 
2.000000 8.935000 8.285115 7.402750 1.000960 
2.000000 8.925000 8.285115 7.394465 1.000960 
2.000000 8.915000 8.285115 7.386180 1.000960 
2.000000 8.905000 8.285115 7.377895 1.000960 
2.000000 8.895000 8.285115 7.369610 1.000960 
2.000000 8.885000 8.285115 7.361324 1.000960 
2.000000 8.875000 8.285115 7.353039 1.000960 
2.000000 8.865000 8.285115 7.344754 1.000960 
2.000000 8.855000 8.285115 7.336469 1.000960 
2.000000 8.845000 8.285115 7.328184 1.000960 
2.000000 8.835000 8.285115 7.319899 1.000960 
2.000000 8.825000 8.285115 7.311614 1.000960 
2.000000 8.815000 8.285115 7.303329 1.000960 
2.000000 8.805000 8.285115 7.295044 1.000960 
2.000000 8.795000 8.285115 7.286758 1.000960 
2.000000 8.785000 8.285115 7.278473 1.000960 
2.000000 8.775000 8.285115 7.270188 1.000960 
2.000000 8.765000 8.285115 7.261903 1.000960 
2.000000 8.755000 8.285115 7.253618 1.000960 
2.000000 8.745000 8.285115 7.245333 1.000960 
2.000000 8.735000 8.285115 7.237048 1.000960 
2.000000 8.725000 8.285115 7.228763 1.000960 
2.000000 8.715000 8.285115 7.220478 1.000960 
2.000000 8.705000 8.285115 7.212192 1.000960 
2.000000 8.695000 8.285115 7.203907 1.000960 
2.000000 8.685000 8.285115 7.195622 1.000960 
2.000000 8.675000 8.285115 7.187337 1.000960 
2.000000 8.665000 8.285115 7.179052 1.000960 
2.000000 8.655000 8.285115 7.170767 1.000960 
2.000000 8.645000 8.285115 7.162482 1.000960 
2.000000 8.635000 8.285115 7.154197 1.000960 
2.000000 8.625000 8.285115 7.145911 1.000960 
2.000000 8.615000 8.285115 7.137626 1.000960 
2.000000 8.605000 8.285115 7.129341 1.000960 
2.000000 8.595000 8.285115 7.121056 1.000960 
2.000000 8.585000 8.285115 7.112771 1.000960 
2.000000 8.575000 8.285115 7.104486 1.000960 
2.000000 8.565000 8.285115 7.096201 1.000960 
2.000000 8.555000 8.285115 7.087916 1.000960 
2.000000 8.545000 8.285115 7.079631 1.000960 
2.000000 8.535000 8.285115 7.071345 1.000960 
2.000000 8.525000 8.285115 7.063060 1.000960 
2.000000 8.515000 8.285115 7.054775 1.000960 
2.000000 8.505000 8.285115 7.046490 1.000960 
2.000000 8.495000 8.285115 7.038205 1.000960 
2.000000 8.485000 8.285115 7.029920 1.000960 
2.000000 8.475000 8.285115 7.021635 1.000960 
2.000000 8.465000 8.285115 7.013350 1.000960 
2.000000 8.455000 8.285115 7.005065 1.000960 
2.000000 8.445000 8.285115 6.996779 1.000960 
2.000000 8.435000 8.285115 6.988494 1.000960 
2.000000 8.425000 8.285115 6.980209 1.000960 
2.000000 8.415000 8.285115 6.971924 1.000960 
2.000000 8.405000 8.285115 6.963639 1.000960 
2.000000 8.395000 8.285115 6.955354 1.000960 
2.000000 8.385000 8.285115 6.947069 1.000960 
2.000000 8.375000 8.285115 6.938784 1.000960 
2.000000 8.365000 8.285115 6.930499 1.000960 
2.000000 8.355000 8.285115 6.922213 1.000960 
2.000000 8.345000 8.285115 6.913928 1.000960 
2.000000 8.335000 8.285115 6.905643 1.000960 
2.000000 8.325000 8.285115 6.897358 1.000960 
2.000000 8.315000 8.285115 6.889073 1.000960 
2.000000 8.305000 8.285115 6.880788 1.000960 
2.000000 8.295000 8.285115 6.872503 1.000960 
2.000000 8.285000 8.285115 6.864218 1.000960 
2.000000 8.275000 8.285115 6.855932 1.000960 
2.000000 8.265000 8.285115 6.847647 1.000960 
2.000000 8.255000 8.285115 6.839362 1.000960 
2.000000 8.245000 8.285115 6.831077 1.000960 
2.000000 8.235000 8.285115 6.822792 1.000960 
2.000000 8.225000 8.285115 6.814507 1.000960 
2.000000 8.215000 8.285115 6.806222 1.000960 
2.000000 8.205000 8.285115 6.797937 1.000960 
2.000000 8.195000 8.285115 6.789652 1.000960 
2.000000 8.185000 8.285115 6.781366 1.000960 
2.000000 8.175000 8.285115 6.773081 1.000960 
2.000000 8.165000 8.285115 6.764796 1.000960 
2.000000 8.155000 8.285115 6.756511 1.000960 
2.000000 8.145000 8.285115 6.748226 1.000960 
2.000000 8.135000 8.285115 6.739941 1.000960 
2.000000 8.125000 8.285115 6.731656 1.000960 
2.000000 8.115000 8.285115 6.723371 1.000960 
2.000000 8.105000 8.285115 6.715086 1.000960 
2.000000 8.095000 8.285115 6.706800 1.000960 
2.000000 8.085000 8.285115 6.698515 1.000960 
2.000000 8.075000 8.285115 6.690230 1.000960 
2.000000 8.065000 8.285115 6.681945 1.000960 
2.000000 8.055000 8.285115 6.673660 1.000960 
2.000000 8.045000 8.285115 6.665375 1.000960 
2.000000 8.035000 8.285115 6.657090 1.000960 
2.000000 8.025000 8.285115 6.648805 1.000960 
2.000000 8.015000 8.285115 6.640519 1.000960 
2.000000 8.005000 8.285115 6.632234 1.000960 
2.000000 7.995000 8.285115 6.623949 1.000960 
2.000000 7.985000 8.285115 6.615664 1.000960 
2.000000 7.975000 8.285115 6.607379 1.000960 
2.000000 7.965000 8.285115 6.599094 1.000960 
2.000000 7.955000 8.285115 6.590809 1.000960 
2.000000 7.945000 8.285115 6.582524 1.000960 
2.000000 7.935000 8.285115 6.574239 1.000960 
2.000000 7.925000 8.285115 6.565953 1.000960 
2.000000 7.915000 8.285115 6.557668 1.000960 
2.000000 7.905000 8.285115 6.549383 1.000960 
2.000000 7.895000 8.285115 6.541098 1.000960 
2.000000 7.885000 8.285115 6.532813 1.000960 
2.000000 7.875000 8.285115 6.524528 1.000960 
2.000000 7.865000 8.285115 6.516243 1.000960 
2.000000 7.855000 8.285115 6.507958 1.000960 
2.000000 7.845000 8.285115 6.499673 1.000960 
2.000000 7.835000 8.285115 6.491387 1.000960 
2.000000 7.825000 8.285115 6.483102 1.000960 
2.000000 7.815000 8.285115 6.474817 1.000960 
2.000000 7.805000 8.285115 6.466532 1.000960 
2.000000 7.795000 8.285115 6.458247 1.000960 
2.000000 7.785000 8.285115 6.449962 1.000960 
2.000000 7.775000 8.285115 6.441677 1.000960 
2.000000 7.765000 8.285115 6.433392 1.000960 
2.000000 7.755000 8.285115 6.425107 1.000960 
2.000000 7.745000 8.285115 6.416821 1.000960 
2.000000 7.735000 8.285115 6.408536 1.000960 
2.000000 7.725000 8.285115 6.400251 1.000960 
2.000000 7.715000 8.285115 6.391966 1.000960 
2.000000 7.705000 8.285115 6.383681 1.000960 
2.000000 7.695000 8.285115 6.375396 1.000960 
2.000000 7.685000 8.285115 6.367111 1.000960 
2.000000 7.675000 8.285115 6.358826 1.000960 
2.000000 7.665000 8.285115 6.350540 1.000960 
2.000000 7.655000 8.285115 6.342255 1.000960 
2.000000 7.645000 8.285115 6.333970 1.000960 
2.000000 7.635000 8.285115 6.325685 1.000960 
2.000000 7.625000 8.285115 6.317400 1.000960 
2.000000 7.615000 8.285115 6.309115 1.000960 
2.000000 7.605000 8.285115 6.300830 1.000960 
2.000000 7.595000 8.285115 6.292545 1.000960 
2.000000 7.585000 8.285115 6.284260 1.000960 
2.000000 7.575000 8.285115 6.275974 1.000960 
2.000000 7.565000 8.285115 6.267689 1.000960 
2.000000 7.555000 8.285115 6.259404 1.000960 
2.000000 7.545000 8.285115 6.251119 1.000960 
2.000000 7.535000 8.285115 6.242834 1.000960 
2.000000 7.525000 8.285115 6.234549 1.000960 
2.000000 7.515000 8.285115 6.226264 1.000960 
2.000000 7.505000 8.285115 6.217979 1.000960 
2.000000 7.495000 8.285115 6.209694 1.000960 
2.000000 7.485000 8.285115 6.201408 1.000960 
2.000000 7.475000 8.285115 6.193123 1.000960 
2.000000 7.465000 8.285115 6.184838 1.000960 
2.000000 7.455000 8.285115 6.176553 1.000960 
2.000000 7.445000 8.285115 6.168268 1.000960 
2.000000 7.435000 8.285115 6.159983 1.000960 
2.000000 7.425000 8.285115 6.151698 1.000960 
2.000000 7.415000 8.285115 6.143413 1.000960 
2.000000 7.405000 8.285115 6.135127 1.000960 
2.000000 7.395000 8.285115 6.126842 1.000960 
2.000000 7.385000 8.285115 6.118557 1.000960 
2.000000 7.375000 8.285115 6.110272 1.000960 
2.000000 7.365000 8.285115 6.101987 1.000960 
2.000000 7.355000 8.285115 6.093702 1.000960 
2.000000 7.345000 8.285115 6.085417 1.000960 
2.000000 7.335000 8.285115 6.077132 1.000960 
2.000000 7.325000 8.285115 6.068847 1.000960 
2.000000 7.315000 8.285115 6.060561 1.000960 
2.000000 7.305000 8.285115 6.052276 1.000960 
2.000000 7.295000 8.285115 6.043991 1.000960 
2.000000 7.285000 8.285115 6.035706 1.000960 
2.000000 7.275000 8.285115 6.027421 1.000960 
2.000000 7.265000 8.285115 6.019136 1.000960 
2.000000 7.255000 8.285115 6.010851 1.000960 
2.000000 7.245000 8.285115 6.002566 1.000960 
2.000000 7.235000 8.285115 5.994281 1.000960 
2.000000 7.225000 8.285115 5.985995 1.000960 
2.000000 7.215000 8.285115 5.977710 1.000960 
2.000000 7.205000 8.285115 5.969425 1.000960 
2.000000 7.195000 8.285115 5.961140 1.000960 
2.000000 7.185000 8.285115 5.952855 1.000960 
2.000000 7.175000 8.285115 5.944570 1.000960 
2.000000 7.165000 8.285115 5.936285 1.000960 
2.000000 7.155000 8.285115 5.928000 1.000960 
2.000000 7.145000 8.285115 5.919715 1.000960 
2.000000 7.135000 8.285115 5.911429 1.000960 
2.000000 7.125000 8.285115 5.903144 1.000960 
2.000000 7.115000 8.285115 5.894859 1.000960 
2.000000 7.105000 8.285115 5.886574 1.000960 
2.000000 7.095000 8.285115 5.878289 1.000960 
2.000000 7.085000 8.285115 5.870004 1.000960 
2.000000 7.075000 8.285115 5.861719 1.000960 
2.000000 7.065000 8.285115 5.853434 1.000960 
2.000000 7.055000 8.285115 5.845148 1.000960 
2.000000 7.045000 8.285115 5.836863 1.000960 
2.000000 7.035000 8.285115 5.828578 1.000960 
2.000000 7.025000 8.285115 5.820293 1.000960 
2.000000 7.015000 8.285115 5.812008 1.000960 
2.000000 7.005000 8.285115 5.803723 1.000960 
2.000000 6.995000 8.285115 5.795438 1.000960 
2.000000 6.985000 8.285115 5.787153 1.000960 
2.000000 6.975000 8.285115 5.778868 1.000960 
2.000000 6.965000 8.285115 5.770582 1.000960 
2.000000 6.955000 8.285115 5.762297 1.000960 
2.000000 6.945000 8.285115 5.754012 1.000960 
2.000000 6.935000 8.285115 5.745727 1.000960 
2.000000 6.925000 8.285115 5.737442 1.000960 
2.000000 6.915000 8.285115 5.729157 1.000960 
2.000000 6.905000 8.285115 5.720872 1.000960 
2.000000 6.895000 8.285115 5.712587 1.000960 
2.000000 6.885000 8.285115 5.704302 1.000960 
2.000000 6.875000 8.285115 5.696016 1.000960 
2.000000 6.865000 8.285115 5.687731 1.000960 
2.000000 6.855000 8.285115 5.679446 1.000960 
2.000000 6.845000 8.285115 5.671161 1.000960 
2.000000 6.835000 8.285115 5.662876 1.000960 
2.000000 6.825000 8.285115 5.654591 1.000960 
2.000000 6.815000 8.285115 5.646306 1.000960 
2.000000 6.805000 8.285115 5.638021 1.000960 
2.000000 6.795000 8.285115 5.629735 1.000960 
2.000000 6.785000 8.285115 5.621450 1.000960 
2.000000 6.775000 8.285115 5.613165 1.000960 
2.000000 6.765000 8.285115 5.604880 1.000960 
2.000000 6.755000 8.285115 5.596595 1.000960 
2.000000 6.745000 8.285115 5.588310 1.000960 
2.000000 6.735000 8.285115 5.580025 1.000960 
2.000000 6.725000 8.285115 5.571740 1.000960 
2.000000 6.715000 8.285115 5.563455 1.000960 
2.000000 6.705000 8.285115 5.555169 1.000960 
2.000000 6.695000 8.285115 5.546884 1.000960 
2.000000 6.685000 8.285115 5.538599 1.000960 
2.000000 6.675000 8.285115 5.530314 1.000960 
2.000000 6.665000 8.285115 5.522029 1.000960 
2.000000 6.655000 8.285115 5.513744 1.000960 
2.000000 6.645000 8.285115 5.505459 1.000960 
2.000000 6.635000 8.285115 5.497174 1.000960 
2.000000 6.625000 8.285115 5.488889 1.000960 
2.000000 6.615000 8.285115 5.480603 1.000960 
2.000000 6.605000 8.285115 5.472318 1.000960 
2.000000 6.595000 8.285115 5.464033 1.000960 
2.000000 6.585000 8.285115 5.455748 1.000960 
2.000000 6.575000 8.285115 5.447463 1.000960 
2.000000 6.565000 8.285115 5.439178 1.000960 
2.000000 6.555000 8.285115 5.430893 1.000960 
2.000000 6.545000 8.285115 5.422608 1.000960 
2.000000 6.535000 8.285115 5.414323 1.000960 
2.000000 6.525000 8.285115 5.406037 1.000960 
2.000000 6.515000 8.285115 5.397752 1.000960 
2.000000 6.505000 8.285115 5.389467 1.000960 
2.000000 6.495000 8.285115 5.381182 1.000960 
2.000000 6.485000 8.285115 5.372897 1.000960 
2.000000 6.475000 8.285115 5.364612 1.000960 
2.000000 6.465000 8.285115 5.356327 1.000960 
2.000000 6.455000 8.285115 5.348042 1.000960 
2.000000 6.445000 8.285115 5.339756 1.000960 
2.000000 6.435000 8.285115 5.331471 1.000960 
2.000000 6.425000 8.285115 5.323186 1.000960 
2.000000 6.415000 8.285115 5.314901 1.000960 
2.000000 6.405000 8.285115 5.306616 1.000960 
2.000000 6.395000 8.285115 5.298331 1.000960 
2.000000 6.385000 8.285115 5.290046 1.000960 
2.000000 6.375000 8.285115 5.281761 1.000960 
2.000000 6.365000 8.285115 5.273476 1.000960 
2.000000 6.355000 8.285115 5.265190 1.000960 
2.000000 6.345000 8.285115 5.256905 1.000960 
2.000000 6.335000 8.285115 5.248620 1.000960 
2.000000 6.325000 8.285115 5.240335 1.000960 
2.000000 6.315000 8.285115 5.232050 1.000960 
2.000000 6.305000 8.285115 5.223765 1.000960 
2.000000 6.295000 8.285115 5.215480 1.000960 
2.000000 6.285000 8.285115 5.207195 1.000960 
2.000000 6.275000 8.285115 5.198910 1.000960 
2.000000 6.265000 8.285115 5.190624 1.000960 
2.000000 6.255000 8.285115 5.182339 1.000960 
2.000000 6.245000 8.285115 5.174054 1.000960 
2.000000 6.235000 8.285115 5.165769 1.000960 
2.000000 6.225000 8.285115 5.157484 1.000960 
2.000000 6.215000 8.285115 5.149199 1.000960 
2.000000 6.205000 8.285115 5.140914 1.000960 
2.000000 6.195000 8.285115 5.132629 1.000960 
2.000000 6.185000 8.285115 5.124343 1.000960 
2.000000 6.175000 8.285115 5.116058 1.000960 
2.000000 6.165000 8.285115 5.107773 1.000960 
2.000000 6.155000 8.285115 5.099488 1.000960 
2.000000 6.145000 8.285115 5.091203 1.000960 
2.000000 6.135000 8.285115 5.082918 1.000960 
2.000000 6.125000 8.285115 5.074633 1.000960 
2.000000 6.115000 8.285115 5.066348 1.000960 
2.000000 6.105000 8.285115 5.058063 1.000960 
2.000000 6.095000 8.285115 5.049777 1.000960 
2.000000 6.085000 8.285115 5.041492 1.000960 
2.000000 6.075000 8.285115 5.033207 1.000960 
2.000000 6.065000 8.285115 5.024922 1.000960 
2.000000 6.055000 8.285115 5.016637 1.000960 
2.000000 6.045000 8.285115 5.008352 1.000960 
2.000000 6.035000 8.285115 5.000067 1.000960 
2.000000 6.025000 8.285115 4.991782 1.000960 
2.000000 6.015000 8.285115 4.983497 1.000960 
2.000000 6.005000 8.285115 4.975211 1.000960 
2.000000 5.995000 8.285115 4.966926 1.000960 
2.000000 5.985000 8.285115 4.958641 1.000960 
2.000000 5.975000 8.285115 4.950356 1.000960 
2.000000 5.965000 8.285115 4.942071 1.000960 
2.000000 5.955000 8.285115 4.933786 1.000960 
2.000000 5.945000 8.285115 4.925501 1.000960 
2.000000 5.935000 8.285115 4.917216 1.000960 
2.000000 5.925000 8.285115 4.908931 1.000960 
2.000000 5.915000 8.285115 4.900645 1.000960 
2.000000 5.905000 8.285115 4.892360 1.000960 
2.000000 5.895000 8.285115 4.884075 1.000960 
2.000000 5.885000 8.285115 4.875790 1.000960 
2.000000 5.875000 8.285115 4.867505 1.000960 
2.000000 5.865000 8.285115 4.859220 1.000960 
2.000000 5.855000 8.285115 4.850935 1.000960 
2.000000 5.845000 8.285115 4.842650 1.000960 
2.000000 5.835000 8.285115 4.834364 1.000960 
2.000000 5.825000 8.285115 4.826079 1.000960 
2.000000 5.815000 8.285115 4.817794 1.000960 
2.000000 5.805000 8.285115 4.809509 1.000960 
2.000000 5.795000 8.285115 4.801224 1.000960 
2.000000 5.785000 8.285115 4.792939 1.000960 
2.000000 5.775000 8.285115 4.784654 1.000960 
2.000000 5.765000 8.285115 4.776369 1.000960 
2.000000 5.755000 8.285115 4.768084 1.000960 
2.000000 5.745000 8.285115 4.759798 1.000960 
2.000000 5.735000 8.285115 4.751513 1.000960 
2.000000 5.725000 8.285115 4.743228 1.000960 
2.000000 5.715000 8.285115 4.734943 1.000960 
2.000000 5.705000 8.285115 4.726658 1.000960 
2.000000 5.695000 8.285115 4.718373 1.000960 
2.000000 5.685000 8.285115 4.710088 1.000960 
2.000000 5.675000 8.285115 4.701803 1.000960 
2.000000 5.665000 8.285115 4.693518 1.000960 
2.000000 5.655000 8.285115 4.685232 1.000960 
2.000000 5.645000 8.285115 4.676947 1.000960 
2.000000 5.635000 8.285115 4.668662 1.000960 
2.000000 5.625000 8.285115 4.660377 1.000960 
2.000000 5.615000 8.285115 4.652092 1.000960 
2.000000 5.605000 8.285115 4.643807 1.000960 
2.000000 5.595000 8.285115 4.635522 1.000960 
2.000000 5.585000 8.285115 4.627237 1.000960 
2.000000 5.575000 8.285115 4.618951 1.000960 
2.000000 5.565000 8.285115 4.610666 1.000960 
2.000000 5.555000 8.285115 4.602381 1.000960 
2.000000 5.545000 8.285115 4.594096 1.000960 
2.000000 5.535000 8.285115 4.585811 1.000960 
2.000000 5.525000 8.285115 4.577526 1.000960 
2.000000 5.515000 8.285115 4.569241 1.000960 
2.000000 5.505000 8.285115 4.560956 1.000960 
2.000000 5.495000 8.285115 4.552671 1.000960 
2.000000 5.485000 8.285115 4.544385 1.000960 
2.000000 5.475000 8.285115 4.536100 1.000960 
2.000000 5.465000 8.285115 4.527815 1.000960 
2.000000 5.455000 8.285115 4.519530 1.000960 
2.000000 5.445000 8.285115 4.511245 1.000960 
2.000000 5.435000 8.285115 4.502960 1.000960 
2.000000 5.425000 8.285115 4.494675 1.000960 
2.000000 5.415000 8.285115 4.486390 1.000960 
2.000000 5.405000 8.285115 4.478105 1.000960 
2.000000 5.395000 8.285115 4.469819 1.000960 
2.000000 5.385000 8.285115 4.461534 1.000960 
2.000000 5.375000 8.285115 4.453249 1.000960 
2.000000 5.365000 8.285115 4.444964 1.000960 
2.000000 5.355000 8.285115 4.436679 1.000960 
2.000000 5.345000 8.285115 4.428394 1.000960 
2.000000 5.335000 8.285115 4.420109 1.000960 
2.000000 5.325000 8.285115 4.411824 1.000960 
2.000000 5.315000 8.285115 4.403538 1.000960 
2.000000 5.305000 8.285115 4.395253 1.000960 
2.000000 5.295000 8.285115 4.386968 1.000960 
2.000000 5.285000 8.285115 4.378683 1.000960 
2.000000 5.275000 8.285115 4.370398 1.000960 
2.000000 5.265000 8.285115 4.362113 1.000960 
2.000000 5.255000 8.285115 4.353828 1.000960 
2.000000 5.245000 8.285115 4.345543 1.000960 
2.000000 5.235000 8.285115 4.337258 1.000960 
2.000000 5.225000 8.285115 4.328972 1.000960 
2.000000 5.215000 8.285115 4.320687 1.000960 
2.000000 5.205000 8.285115 4.312402 1.000960 
2.000000 5.195000 8.285115 4.304117 1.000960 
2.000000 5.185000 8.285115 4.295832 1.000960 
2.000000 5.175000 8.285115 4.287547 1.000960 
2.000000 5.165000 8.285115 4.279262 1.000960 
2.000000 5.155000 8.285115 4.270977 1.000960 
2.000000 5.145000 8.285115 4.262692 1.000960 
2.000000 5.135000 8.285115 4.254406 1.000960 
2.000000 5.125000 8.285115 4.246121 1.000960 
2.000000 5.115000 8.285115 4.237836 1.000960 
2.000000 5.105000 8.285115 4.229551 1.000960 
2.000000 5.095000 8.285115 4.221266 1.000960 
2.000000 5.085000 8.285115 4.212981 1.000960 
2.000000 5.075000 8.285115 4.204696 1.000960 
2.000000 5.065000 8.285115 4.196411 1.000960 
2.000000 5.055000 8.285115 4.188126 1.000960 
2.000000 5.045000 8.285115 4.179840 1.000960 
2.000000 5.035000 8.285115 4.171555 1.000960 
2.000000 5.025000 8.285115 4.163270 1.000960 
2.000000 5.015000 8.285115 4.154985 1.000960 
2.000000 5.005000 8.285115 4.146700 1.000960 
2.000000 4.995000 8.285115 4.138415 1.000960 
2.000000 4.985000 8.285115 4.130130 1.000960 
2.000000 4.975000 8.285115 4.121845 1.000960 
2.000000 4.965000 8.285115 4.113559 1.000960 
2.000000 4.955000 8.285115 4.105274 1.000960 
2.000000 4.945000 8.285115 4.096989 1.000960 
2.000000 4.935000 8.285115 4.088704 1.000960 
2.000000 4.925000 8.285115 4.080419 1.000960 
2.000000 4.915000 8.285115 4.072134 1.000960 
2.000000 4.905000 8.285115 4.063849 1.000960 
2.000000 4.895000 8.285115 4.055564 1.000960 
2.000000 4.885000 8.285115 4.047279 1.000960 
2.000000 4.875000 8.285115 4.038993 1.000960 
2.000000 4.865000 8.285115 4.030708 1.000960 
2.000000 4.855000 8.285115 4.022423 1.000960 
2.000000 4.845000 8.285115 4.014138 1.000960 
2.000000 4.835000 8.285115 4.005853 1.000960 
2.000000 4.825000 8.285115 3.997568 1.000960 
2.000000 4.815000 8.285115 3.989283 1.000960 
2.000000 4.805000 8.285115 3.980998 1.000960 
2.000000 4.795000 8.285115 3.972713 1.000960 
2.000000 4.785000 8.285115 3.964427 1.000960 
2.000000 4.775000 8.285115 3.956142 1.000960 
2.000000 4.765000 8.285115 3.947857 1.000960 
2.000000 4.755000 8.285115 3.939572 1.000960 
2.000000 4.745000 8.285115 3.931287 1.000960 
2.000000 4.735000 8.285115 3.923002 1.000960 
2.000000 4.725000 8.285115 3.914717 1.000960 
2.000000 4.715000 8.285115 3.906432 1.000960 
2.000000 4.705000 8.285115 3.898146 1.000960 
2.000000 4.695000 8.285115 3.889861 1.000960 
2.000000 4.685000 8.285115 3.881576 1.000960 
2.000000 4.675000 8.285115 3.873291 1.000960 
2.000000 4.665000 8.285115 3.865006 1.000960 
2.000000 4.655000 8.285115 3.856721 1.000960 
2.000000 4.645000 8.285115 3.848436 1.000960 
2.000000 4.635000 8.285115 3.840151 1.000960 
2.000000 4.625000 8.285115 3.831866 1.000960 
2.000000 4.615000 8.285115 3.823580 1.000960 
2.000000 4.605000 8.285115 3.815295 1.000960 
2.000000 4.595000 8.285115 3.807010 1.000960 
2.000000 4.585000 8.285115 3.798725 1.000960 
2.000000 4.575000 8.285115 3.790440 1.000960 
2.000000 4.565000 8.285115 3.782155 1.000960 
2.000000 4.555000 8.285115 3.773870 1.000960 
2.000000 4.545000 8.285115 3.765585 1.000960 
2.000000 4.535000 8.285115 3.757300 1.000960 
2.000000 4.525000 8.285115 3.749014 1.000960 
2.000000 4.515000 8.285115 3.740729 1.000960 
2.000000 4.505000 8.285115 3.732444 1.000960 
2.000000 4.495000 8.285115 3.724159 1.000960 
2.000000 4.485000 8.285115 3.715874 1.000960 
2.000000 4.475000 8.285115 3.707589 1.000960 
2.000000 4.465000 8.285115 3.699304 1.000960 
2.000000 4.455000 8.285115 3.691019 1.000960 
2.000000 4.445000 8.285115 3.682734 1.000960 
2.000000 4.435000 8.285115 3.674448 1.000960 
2.000000 4.425000 8.285115 3.666163 1.000960 
2.000000 4.415000 8.285115 3.657878 1.000960 
2.000000 4.405000 8.285115 3.649593 1.000960 
2.000000 4.395000 8.285115 3.641308 1.000960 
2.000000 4.385000 8.285115 3.633023 1.000960 
2.000000 4.375000 8.285115 3.624738 1.000960 
2.000000 4.365000 8.285115 3.616453 1.000960 
2.000000 4.355000 8.285115 3.608167 1.000960 
2.000000 4.345000 8.285115 3.599882 1.000960 
2.000000 4.335000 8.285115 3.591597 1.000960 
2.000000 4.325000 8.285115 3.583312 1.000960 
2.000000 4.315000 8.285115 3.575027 1.000960 
2.000000 4.305000 8.285115 3.566742 1.000960 
2.000000 4.295000 8.285115 3.558457 1.000960 
2.000000 4.285000 8.285115 3.550172 1.000960 
2.000000 4.275000 8.285115 3.541887 1.000960 
2.000000 4.265000 8.285115 3.533601 1.000960 
2.000000 4.255000 8.285115 3.525316 1.000960 
2.000000 4.245000 8.285115 3.517031 1.000960 
2.000000 4.235000 8.285115 3.508746 1.000960 
2.000000 4.225000 8.285115 3.500461 1.000960 
2.000000 4.215000 8.285115 3.492176 1.000960 
2.000000 4.205000 8.285115 3.483891 1.000960 
2.000000 4.195000 8.285115 3.475606 1.000960 
2.000000 4.185000 8.285115 3.467321 1.000960 
2.000000 4.175000 8.285115 3.459035 1.000960 
2.000000 4.165000 8.285115 3.450750 1.000960 
2.000000 4.155000 8.285115 3.442465 1.000960 
2.000000 4.145000 8.285115 3.434180 1.000960 
2.000000 4.135000 8.285115 3.425895 1.000960 
2.000000 4.125000 8.285115 3.417610 1.000960 
2.000000 4.115000 8.285115 3.409325 1.000960 
2.000000 4.105000 8.285115 3.401040 1.000960 
2.000000 4.095000 8.285115 3.392754 1.000960 
2.000000 4.085000 8.285115 3.384469 1.000960 
2.000000 4.075000 8.285115 3.376184 1.000960 
2.000000 4.065000 8.285115 3.367899 1.000960 
2.000000 4.055000 8.285115 3.359614 1.000960 
2.000000 4.045000 8.285115 3.351329 1.000960 
2.000000 4.035000 8.285115 3.343044 1.000960 
2.000000 4.025000 8.285115 3.334759 1.000960 
2.000000 4.015000 8.285115 3.326474 1.000960 
2.000000 4.005000 8.285115 3.318188 1.000960 
2.000000 3.995000 8.285115 3.309903 1.000960 
2.000000 3.985000 8.285115 3.301618 1.000960 
2.000000 3.975000 8.285115 3.293333 1.000960 
2.000000 3.965000 8.285115 3.285048 1.000960 
2.000000 3.955000 8.285115 3.276763 1.000960 
2.000000 3.945000 8.285115 3.268478 1.000960 
2.000000 3.935000 8.285115 3.260193 1.000960 
2.000000 3.925000 8.285115 3.251908 1.000960 
2.000000 3.915000 8.285115 3.243622 1.000960 
2.000000 3.905000 8.285115 3.235337 1.000960 
2.000000 3.895000 8.285115 3.227052 1.000960 
2.000000 3.885000 8.285115 3.218767 1.000960 
2.000000 3.875000 8.285115 3.210482 1.000960 
2.000000 3.865000 8.285115 3.202197 1.000960 
2.000000 3.855000 8.285115 3.193912 1.000960 
2.000000 3.845000 8.285115 3.185627 1.000960 
2.000000 3.835000 8.285115 3.177342 1.000960 
2.000000 3.825000 8.285115 3.169056 1.000960 
2.000000 3.815000 8.285115 3.160771 1.000960 
2.000000 3.805000 8.285115 3.152486 1.000960 
2.000000 3.795000 8.285115 3.144201 1.000960 
2.000000 3.785000 8.285115 3.135916 1.000960 
2.000000 3.775000 8.285115 3.127631 1.000960 
2.000000 3.765000 8.285115 3.119346 1.000960 
2.000000 3.755000 8.285115 3.111061 1.000960 
2.000000 3.745000 8.285115 3.102775 1.000960 
2.000000 3.735000 8.285115 3.094490 1.000960 
2.000000 3.725000 8.285115 3.086205 1.000960 
2.000000 3.715000 8.285115 3.077920 1.000960 
2.000000 3.705000 8.285115 3.069635 1.000960 
2.000000 3.695000 8.285115 3.061350 1.000960 
2.000000 3.685000 8.285115 3.053065 1.000960 
2.000000 3.675000 8.285115 3.044780 1.000960 
2.000000 3.665000 8.285115 3.036495 1.000960 
2.000000 3.655000 8.285115 3.028209 1.000960 
2.000000 3.645000 8.285115 3.019924 1.000960 
2.000000 3.635000 8.285115 3.011639 1.000960 
2.000000 3.625000 8.285115 3.003354 1.000960 
2.000000 3.615000 8.285115 2.995069 1.000960 
2.000000 3.605000 8.285115 2.986784 1.000960 
2.000000 3.595000 8.285115 2.978499 1.000960 
2.000000 3.585000 8.285115 2.970214 1.000960 
2.000000 3.575000 8.285115 2.961929 1.000960 
2.000000 3.565000 8.285115 2.953643 1.000960 
2.000000 3.555000 8.285115 2.945358 1.000960 
2.000000 3.545000 8.285115 2.937073 1.000960 
2.000000 3.535000 8.285115 2.928788 1.000960 
2.000000 3.525000 8.285115 2.920503 1.000960 
2.000000 3.515000 8.285115 2.912218 1.000960 
2.000000 3.505000 8.285115 2.903933 1.000960 
2.000000 3.495000 8.285115 2.895648 1.000960 
2.000000 3.485000 8.285115 2.887362 1.000960 
2.000000 3.475000 8.285115 2.879077 1.000960 
2.000000 3.465000 8.285115 2.870792 1.000960 
2.000000 3.455000 8.285115 2.862507 1.000960 
2.000000 3.445000 8.285115 2.854222 1.000960 
2.000000 3.435000 8.285115 2.845937 1.000960 
2.000000 3.425000 8.285115 2.837652 1.000960 
2.000000 3.415000 8.285115 2.829367 1.000960 
2.000000 3.405000 8.285115 2.821082 1.000960 
2.000000 3.395000 8.285115 2.812796 1.000960 
2.000000 3.385000 8.285115 2.804511 1.000960 
2.000000 3.375000 8.285115 2.796226 1.000960 
2.000000 3.365000 8.285115 2.787941 1.000960 
2.000000 3.355000 8.285115 2.779656 1.000960 
2.000000 3.345000 8.285115 2.771371 1.000960 
2.000000 3.335000 8.285115 2.763086 1.000960 
2.000000 3.325000 8.285115 2.754801 1.000960 
2.000000 3.315000 8.285115 2.746516 1.000960 
2.000000 3.305000 8.285115 2.738230 1.000960 
2.000000 3.295000 8.285115 2.729945 1.000960 
2.000000 3.285000 8.285115 2.721660 1.000960 
2.000000 3.275000 8.285115 2.713375 1.000960 
2.000000 3.265000 8.285115 2.705090 1.000960 
2.000000 3.255000 8.285115 2.696805 1.000960 
2.000000 3.245000 8.285115 2.688520 1.000960 
2.000000 3.235000 8.285115 2.680235 1.000960 
2.000000 3.225000 8.285115 2.671950 1.000960 
2.000000 3.215000 8.285115 2.663664 1.000960 
2.000000 3.205000 8.285115 2.655379 1.000960 
2.000000 3.195000 8.285115 2.647094 1.000960 
2.000000 3.185000 8.285115 2.638809 1.000960 
2.000000 3.175000 8.285115 2.630524 1.000960 
2.000000 3.165000 8.285115 2.622239 1.000960 
2.000000 3.155000 8.285115 2.613954 1.000960 
2.000000 3.145000 8.285115 2.605669 1.000960 
2.000000 3.135000 8.285115 2.597383 1.000960 
2.000000 3.125000 8.285115 2.589098 1.000960 
2.000000 3.115000 8.285115 2.580813 1.000960 
2.000000 3.105000 8.285115 2.572528 1.000960 
2.000000 3.095000 8.285115 2.564243 1.000960 
2.000000 3.085000 8.285115 2.555958 1.000960 
2.000000 3.075000 8.285115 2.547673 1.000960 
2.000000 3.065000 8.285115 2.539388 1.000960 
2.000000 3.055000 8.285115 2.531103 1.000960 
2.000000 3.045000 8.285115 2.522817 1.000960 
2.000000 3.035000 8.285115 2.514532 1.000960 
2.000000 3.025000 8.285115 2.506247 1.000960 
2.000000 3.015000 8.285115 2.497962 1.000960 
2.000000 3.005000 8.285115 2.489677 1.000960 
2.000000 2.995000 8.285115 2.481392 1.000960 
2.000000 2.985000 8.285115 2.473107 1.000960 
2.000000 2.975000 8.285115 2.464822 1.000960 
2.000000 2.965000 8.285115 2.456537 1.000960 
2.000000 2.955000 8.285115 2.448251 1.000960 
2.000000 2.945000 8.285115 2.439966 1.000960 
2.000000 2.935000 8.285115 2.431681 1.000960 
2.000000 2.925000 8.285115 2.423396 1.000960 
2.000000 2.915000 8.285115 2.415111 1.000960 
2.000000 2.905000 8.285115 2.406826 1.000960 
2.000000 2.895000 8.285115 2.398541 1.000960 
2.000000 2.885000 8.285115 2.390256 1.000960 
2.000000 2.875000 8.285115 2.381970 1.000960 
2.000000 2.865000 8.285115 2.373685 1.000960 
2.000000 2.855000 8.285115 2.365400 1.000960 
2.000000 2.845000 8.285115 2.357115 1.000960 
2.000000 2.835000 8.285115 2.348830 1.000960 
2.000000 2.825000 8.285115 2.340545 1.000960 
2.000000 2.815000 8.285115 2.332260 1.000960 
2.000000 2.805000 8.285115 2.323975 1.000960 
2.000000 2.795000 8.285115 2.315690 1.000960 
2.000000 2.785000 8.285115 2.307404 1.000960 
2.000000 2.775000 8.285115 2.299119 1.000960 
2.000000 2.765000 8.285115 2.290834 1.000960 
2.000000 2.755000 8.285115 2.282549 1.000960 
2.000000 2.745000 8.285115 2.274264 1.000960 
2.000000 2.735000 8.285115 2.265979 1.000960 
2.000000 2.725000 8.285115 2.257694 1.000960 
2.000000 2.715000 8.285115 2.249409 1.000960 
2.000000 2.705000 8.285115 2.241124 1.000960 
2.000000 2.695000 8.285115 2.232838 1.000960 
2.000000 2.685000 8.285115 2.224553 1.000960 
2.000000 2.675000 8.285115 2.216268 1.000960 
2.000000 2.665000 8.285115 2.207983 1.000960 
2.000000 2.655000 8.285115 2.199698 1.000960 
2.000000 2.645000 8.285115 2.191413 1.000960 
2.000000 2.635000 8.285115 2.183128 1.000960 
2.000000 2.625000 8.285115 2.174843 1.000960 
2.000000 2.615000 8.285115 2.166558 1.000960 
2.000000 2.605000 8.285115 2.158272 1.000960 
2.000000 2.595000 8.285115 2.149987 1.000960 
2.000000 2.585000 8.285115 2.141702 1.000960 
2.000000 2.575000 8.285115 2.133417 1.000960 
2.000000 2.565000 8.285115 2.125132 1.000960 
2.000000 2.555000 8.285115 2.116847 1.000960 
2.000000 2.545000 8.285115 2.108562 1.000960 
2.000000 2.535000 8.285115 2.100277 1.000960 
2.000000 2.525000 8.285115 2.091991 1.000960 
2.000000 2.515000 8.285115 2.083706 1.000960 
2.000000 2.505000 8.285115 2.075421 1.000960 
2.000000 2.495000 8.285115 2.067136 1.000960 
2.000000 2.485000 8.285115 2.058851 1.000960 
2.000000 2.475000 8.285115 2.050566 1.000960 
2.000000 2.465000 8.285115 2.042281 1.000960 
2.000000 2.455000 8.285115 2.033996 1.000960 
2.000000 2.445000 8.285115 2.025711 1.000960 
2.000000 2.435000 8.285115 2.017425 1.000960 
2.000000 2.425000 8.285115 2.009140 1.000960 
2.000000 2.415000 8.285115 2.000855 1.000960 
2.000000 2.405000 8.285115 1.992570 1.000960 
2.000000 2.395000 8.285115 1.984285 1.000960 
2.000000 2.385000 8.285115 1.976000 1.000960 
2.000000 2.375000 8.285115 1.967715 1.000960 
2.000000 2.365000 8.285115 1.959430 1.000960 
2.000000 2.355000 8.285115 1.951145 1.000960 
2.000000 2.345000 8.285115 1.942859 1.000960 
2.000000 2.335000 8.285115 1.934574 1.000960 
2.000000 2.325000 8.285115 1.926289 1.000960 
2.000000 2.315000 8.285115 1.918004 1.000960 
2.000000 2.305000 8.285115 1.909719 1.000960 
2.000000 2.295000 8.285115 1.901434 1.000960 
2.000000 2.285000 8.285115 1.893149 1.000960 
2.000000 2.275000 8.285115 1.884864 1.000960 
2.000000 2.265000 8.285115 1.876578 1.000960 
2.000000 2.255000 8.285115 1.868293 1.000960 
2.000000 2.245000 8.285115 1.860008 1.000960 
2.000000 2.235000 8.285115 1.851723 1.000960 
2.000000 2.225000 8.285115 1.843438 1.000960 
2.000000 2.215000 8.285115 1.835153 1.000960 
2.000000 2.205000 8.285115 1.826868 1.000960 
2.000000 2.195000 8.285115 1.818583 1.000960 
2.000000 2.185000 8.285115 1.810298 1.000960 
2.000000 2.175000 8.285115 1.802012 1.000960 
2.000000 2.165000 8.285115 1.793727 1.000960 
2.000000 2.155000 8.285115 1.785442 1.000960 
2.000000 2.145000 8.285115 1.777157 1.000960 
2.000000 2.135000 8.285115 1.768872 1.000960 
2.000000 2.125000 8.285115 1.760587 1.000960 
2.000000 2.115000 8.285115 1.752302 1.000960 
2.000000 2.105000 8.285115 1.744017 1.000960 
2.000000 2.095000 8.285115 1.735732 1.000960 
2.000000 2.085000 8.285115 1.727446 1.000960 
2.000000 2.075000 8.285115 1.719161 1.000960 
2.000000 2.065000 8.285115 1.710876 1.000960 
2.000000 2.055000 8.285115 1.702591 1.000960 
2.000000 2.045000 8.285115 1.694306 1.000960 
2.000000 2.035000 8.285115 1.686021 1.000960 
2.000000 2.025000 8.285115 1.677736 1.000960 
2.000000 2.015000 8.285115 1.669451 1.000960 
2.000000 2.005000 8.285115 1.661166 1.000960 
2.000000 1.995000 8.285115 1.652880 1.000960 
2.000000 1.985000 8.285115 1.644595 1.000960 
2.000000 1.975000 8.285115 1.636310 1.000960 
2.000000 1.965000 8.285115 1.628025 1.000960 
2.000000 1.955000 8.285115 1.619740 1.000960 
2.000000 1.945000 8.285115 1.611455 1.000960 
2.000000 1.935000 8.285115 1.603170 1.000960 
2.000000 1.925000 8.285115 1.594885 1.000960 
2.000000 1.915000 8.285115 1.586599 1.000960 
2.000000 1.905000 8.285115 1.578314 1.000960 
2.000000 1.895000 8.285115 1.570029 1.000960 
2.000000 1.885000 8.285115 1.561744 1.000960 
2.000000 1.875000 8.285115 1.553459 1.000960 
2.000000 1.865000 8.285115 1.545174 1.000960 
2.000000 1.855000 8.285115 1.536889 1.000960 
2.000000 1.845000 8.285115 1.528604 1.000960 
2.000000 1.835000 8.285115 1.520319 1.000960 
2.000000 1.825000 8.285115 1.512033 1.000960 
2.000000 1.815000 8.285115 1.503748 1.000960 
2.000000 1.805000 8.285115 1.495463 1.000960 
2.000000 1.795000 8.285115 1.487178 1.000960 
2.000000 1.785000 8.285115 1.478893 1.000960 
2.000000 1.775000 8.285115 1.470608 1.000960 
2.000000 1.765000 8.285115 1.462323 1.000960 
2.000000 1.755000 8.285115 1.454038 1.000960 
2.000000 1.745000 8.285115 1.445753 1.000960 
2.000000 1.735000 8.285115 1.437467 1.000960 
2.000000 1.725000 8.285115 1.429182 1.000960 
2.000000 1.715000 8.285115 1.420897 1.000960 
2.000000 1.705000 8.285115 1.412612 1.000960 
2.000000 1.695000 8.285115 1.404327 1.000960 
2.000000 1.685000 8.285115 1.396042 1.000960 
2.000000 1.675000 8.285115 1.387757 1.000960 
2.000000 1.665000 8.285115 1.379472 1.000960 
2.000000 1.655000 8.285115 1.371186 1.000960 
2.000000 1.645000 8.285115 1.362901 1.000960 
2.000000 1.635000 8.285115 1.354616 1.000960 
2.000000 1.625000 8.285115 1.346331 1.000960 
2.000000 1.615000 8.285115 1.338046 1.000960 
2.000000 1.605000 8.285115 1.329761 1.000960 
2.000000 1.595000 8.285115 1.321476 1.000960 
2.000000 1.585000 8.285115 1.313191 1.000960 
2.000000 1.575000 8.285115 1.304906 1.000960 
2.000000 1.565000 8.285115 1.296620 1.000960 
2.000000 1.555000 8.285115 1.288335 1.000960 
2.000000 1.545000 8.285115 1.280050 1.000960 
2.000000 1.535000 8.285115 1.271765 1.000960 
2.000000 1.525000 8.285115 1.263480 1.000960 
2.000000 1.515000 8.285115 1.255195 1.000960 
2.000000 1.505000 8.285115 1.246910 1.000960 
2.000000 1.495000 8.285115 1.238625 1.000960 
2.000000 1.485000 8.285115 1.230340 1.000960 
2.000000 1.475000 8.285115 1.222054 1.000960 
2.000000 1.465000 8.285115 1.213769 1.000960 
2.000000 1.455000 8.285115 1.205484 1.000960 
2.000000 1.445000 8.285115 1.197199 1.000960 
2.000000 1.435000 8.285115 1.188914 1.000960 
2.000000 1.425000 8.285115 1.180629 1.000960 
2.000000 1.415000 8.285115 1.172344 1.000960 
2.000000 1.405000 8.285115 1.164059 1.000960 
2.000000 1.395000 8.285115 1.155774 1.000960 
2.000000 1.385000 8.285115 1.147488 1.000960 
2.000000 1.375000 8.285115 1.139203 1.000960 
2.000000 1.365000 8.285115 1.130918 1.000960 
2.000000 1.355000 8.285115 1.122633 1.000960 
2.000000 1.345000 8.285115 1.114348 1.000960 
2.000000 1.335000 8.285115 1.106063 1.000960 
2.000000 1.325000 8.285115 1.097778 1.000960 
2.000000 1.315000 8.285115 1.089493 1.000960 
2.000000 1.305000 8.285115 1.081207 1.000960 
2.000000 1.295000 8.285115 1.072922 1.000960 
2.000000 1.285000 8.285115 1.064637 1.000960 
2.000000 1.275000 8.285115 1.056352 1.000960 
2.000000 1.265000 8.285115 1.048067 1.000960 
2.000000 1.255000 8.285115 1.039782 1.000960 
2.000000 1.245000 8.285115 1.031497 1.000960 
2.000000 1.235000 8.285115 1.023212 1.000960 
2.000000 1.225000 8.285115 1.014927 1.000960 
2.000000 1.215000 8.285115 1.006641 1.000960 
2.000000 1.205000 8.285115 0.998356 1.000960 
2.000000 1.195000 8.285115 0.990071 1.000960 
2.000000 1.185000 8.285115 0.981786 1.000960 
2.000000 1.175000 8.285115 0.973501 1.000960 
2.000000 1.165000 8.285115 0.965216 1.000960 
2.000000 1.155000 8.285115 0.956931 1.000960 
2.000000 1.145000 8.285115 0.948646 1.000960 
2.000000 1.135000 8.285115 0.940361 1.000960 
2.000000 1.125000 8.285115 0.932075 1.000960 
2.000000 1.115000 8.285115 0.923790 1.000960 
2.000000 1.105000 8.285115 0.915505 1.000960 
2.000000 1.095000 8.285115 0.907220 1.000960 
2.000000 1.085000 8.285115 0.898935 1.000960 
2.000000 1.075000 8.285115 0.890650 1.000960 
2.000000 1.065000 8.285115 0.882365 1.000960 
2.000000 1.055000 8.285115 0.874080 1.000960 
2.000000 1.045000 8.285115 0.865794 1.000960 
2.000000 1.035000 8.285115 0.857509 1.000960 
2.000000 1.025000 8.285115 0.849224 1.000960 
2.000000 1.015000 8.285115 0.840939 1.000960 
2.000000 1.005000 8.285115 0.832654 1.000960 
1.989484 0.995000 8.285115 0.824369 0.994048 
1.975360 0.985000 8.285115 0.816084 0.984238 
1.961118 0.975000 8.285115 0.807799 0.974358 
1.946756 0.965000 8.285115 0.799514 0.964404 
1.932274 0.955000 8.285115 0.791228 0.954375 
1.917670 0.945000 8.285115 0.782943 0.944269 
1.902943 0.935000 8.285115 0.774658 0.934082 
1.888093 0.925000 8.285115 0.766373 0.923812 
1.873118 0.915000 8.285115 0.758088 0.913457 
1.858017 0.905000 8.285115 0.749803 0.903014 
1.842788 0.895000 8.285115 0.741518 0.892480 
1.831282 0.885000 8.285115 0.733233 0.884518 
1.815828 0.875000 8.285115 0.724948 0.873818 
1.800242 0.865000 8.285115 0.716662 0.863020 
1.788466 0.855000 8.285115 0.708377 0.854854 
1.772649 0.845000 8.285115 0.700092 0.843875 
1.756696 0.835000 8.285115 0.691807 0.832788 
1.744643 0.825000 8.285115 0.683522 0.824400 
1.728451 0.815000 8.285115 0.675237 0.813115 
1.716217 0.805000 8.285115 0.666952 0.804575 
1.699782 0.795000 8.285115 0.658667 0.793082 
1.687362 0.785000 8.285115 0.650382 0.784381 
1.670679 0.775000 8.285115 0.642096 0.772667 
1.658072 0.765000 8.285115 0.633811 0.763795 
1.645382 0.755000 8.285115 0.625526 0.754848 
1.628335 0.745000 8.285115 0.617241 0.742795 
1.615452 0.735000 8.285115 0.608956 0.733662 
1.602485 0.725000 8.285115 0.600671 0.724446 
1.585063 0.715000 8.285115 0.592386 0.712025 
1.571896 0.705000 8.285115 0.584101 0.702608 
1.558642 0.695000 8.285115 0.575815 0.693099 
1.545300 0.685000 8.285115 0.567530 0.683499 
1.531870 0.675000 8.285115 0.559245 0.673802 
1.518350 0.665000 8.285115 0.550960 0.664008 
1.504740 0.655000 8.285115 0.542675 0.654114 
1.491038 0.645000 8.285115 0.534390 0.644116 
1.477245 0.635000 8.285115 0.526105 0.634012 
1.463358 0.625000 8.285115 0.517820 0.623799 
1.449377 0.615000 8.285115 0.509535 0.613473 
1.435301 0.605000 8.285115 0.501249 0.603032 
1.421128 0.595000 8.285115 0.492964 0.592472 
1.406859 0.585000 8.285115 0.484679 0.581790 
1.397292 0.575000 8.285115 0.476394 0.574598 
1.382858 0.565000 8.285115 0.468109 0.563703 
1.368324 0.555000 8.285115 0.459824 0.552676 
1.353689 0.545000 8.285115 0.451539 0.541513 
1.343875 0.535000 8.285115 0.443254 0.533992 
1.329069 0.525000 8.285115 0.434969 0.522592 
1.319140 0.515000 8.285115 0.426683 0.514909 
1.304160 0.505000 8.285115 0.418398 0.503259 
1.289072 0.495000 8.285115 0.410113 0.491452 
1.278954 0.485000 8.285115 0.401828 0.483492 
1.263687 0.475000 8.285115 0.393543 0.471413 
1.253447 0.465000 8.285115 0.385258 0.463266 
1.237996 0.455000 8.285115 0.376973 0.450900 
1.227633 0.445000 8.285115 0.368688 0.442557 
1.217219 0.435000 8.285115 0.360402 0.434131 
1.201503 0.425000 8.285115 0.352117 0.421334 
1.190962 0.415000 8.285115 0.343832 0.412695 
1.180369 0.405000 8.285115 0.335547 0.403967 
1.164381 0.395000 8.285115 0.327262 0.390703 
1.153656 0.385000 8.285115 0.318977 0.381743 
1.142878 0.375000 8.285115 0.310692 0.372686 
1.132046 0.365000 8.285115 0.302407 0.363530 
1.121159 0.355000 8.285115 0.294122 0.354273 
1.110217 0.345000 8.285115 0.285836 0.344911 
1.093700 0.335000 8.285115 0.277551 0.330666 
1.082619 0.325000 8.285115 0.269266 0.321032 
1.071481 0.315000 8.285115 0.260981 0.311283 
1.060285 0.305000 8.285115 0.252696 0.301417 
1.049032 0.295000 8.285115 0.244411 0.291430 
1.037720 0.285000 8.285115 0.236126 0.281320 
1.026349 0.275000 8.285115 0.227841 0.271083 
1.014918 0.265000 8.285115 0.219556 0.260715 
1.003428 0.255000 8.285115 0.211270 0.250212 
0.997659 0.245000 8.285115 0.202985 0.244909 
0.986077 0.235000 8.285115 0.194700 0.234197 
0.974433 0.225000 8.285115 0.186415 0.223341 
0.962727 0.215000 8.285115 0.178130 0.212336 
0.950958 0.205000 8.285115 0.169845 0.201177 
0.939124 0.195000 8.285115 0.161560 0.189861 
0.933184 0.185000 8.285115 0.153275 0.184142 
0.921254 0.175000 8.285115 0.144990 0.172578 
0.909259 0.165000 8.285115 0.136704 0.160845 
0.903237 0.155000 8.285115 0.128419 0.154912 
0.891143 0.145000 8.285115 0.120134 0.142911 
0.878981 0.135000 8.285115 0.111849 0.130726 
0.872875 0.125000 8.285115 0.103564 0.124561 
0.860612 0.115000 8.285115 0.095279 0.112086 
0.848280 0.105000 8.285115 0.086994 0.099410 
0.842088 0.095000 8.285115 0.078709 0.092995 
0.829651 0.085000 8.285115 0.070423 0.080003 
0.823406 0.075000 8.285115 0.062138 0.073426 
0.810863 0.065000 8.285115 0.053853 0.060103 
0.804565 0.055000 8.285115 0.045568 0.053355 
0.791914 0.045000 8.285115 0.037283 0.039682 
0.785561 0.035000 8.285115 0.028998 0.032754 
0.772801 0.025000 8.285115 0.020713 0.018711 
0.766393 0.015000 8.285115 0.012428 0.011592 
