2.000000 9.985000 1.784974 1.782296 0.439687 
2.000000 9.975000 1.784974 1.780511 0.439687 
2.000000 9.965000 1.784974 1.778726 0.439687 
2.000000 9.955000 1.784974 1.776941 0.439687 
2.000000 9.945000 1.784974 1.775157 0.439687 
2.000000 9.935000 1.784974 1.773372 0.439687 
2.000000 9.925000 1.784974 1.771587 0.439687 
2.000000 9.915000 1.784974 1.769802 0.439687 
2.000000 9.905000 1.784974 1.768017 0.439687 
2.000000 9.895000 1.784974 1.766232 0.439687 
2.000000 9.885000 1.784974 1.764447 0.439687 
2.000000 9.875000 1.784974 1.762662 0.439687 
2.000000 9.865000 1.784974 1.760877 0.439687 
2.000000 9.855000 1.784974 1.759092 0.439687 
2.000000 9.845000 1.784974 1.757307 0.439687 
2.000000 9.835000 1.784974 1.755522 0.439687 
2.000000 9.825000 1.784974 1.753737 0.439687 
2.000000 9.815000 1.784974 1.751952 0.439687 
2.000000 9.805000 1.784974 1.750167 0.439687 
2.000000 9.795000 1.784974 1.748382 0.439687 
2.000000 9.785000 1.784974 1.746597 0.439687 
2.000000 9.775000 1.784974 1.744812 0.439687 
2.000000 9.765000 1.784974 1.743027 0.439687 
2.000000 9.755000 1.784974 1.741242 0.439687 
2.000000 9.745000 1.784974 1.739457 0.439687 
2.000000 9.735000 1.784974 1.737672 0.439687 
2.000000 9.725000 1.784974 1.735887 0.439687 
2.000000 9.715000 1.784974 1.734102 0.439687 
2.000000 9.705000 1.784974 1.732317 0.439687 
2.000000 9.695000 1.784974 1.730532 0.439687 
2.000000 9.685000 1.784974 1.728747 0.439687 
2.000000 9.675000 1.784974 1.726962 0.439687 
2.000000 9.665000 1.784974 1.725177 0.439687 
2.000000 9.655000 1.784974 1.723392 0.439687 
2.000000 9.645000 1.784974 1.721607 0.439687 
2.000000 9.635000 1.784974 1.719822 0.439687 
2.000000 9.625000 1.784974 1.718037 0.439687 
2.000000 9.615000 1.784974 1.716252 0.439687 
2.000000 9.605000 1.784974 1.714467 0.439687 
2.000000 9.595000 1.784974 1.712682 0.439687 
2.000000 9.585000 1.784974 1.710897 0.439687 
2.000000 9.575000 1.784974 1.709112 0.439687 
2.000000 9.565000 1.784974 1.707328 0.439687 
2.000000 9.555000 1.784974 1.705543 0.439687 
2.000000 9.545000 1.784974 1.703758 0.439687 
2.000000 9.535000 1.784974 1.701973 0.439687 
2.000000 9.525000 1.784974 1.700188 0.439687 
2.000000 9.515000 1.784974 1.698403 0.439687 
2.000000 9.505000 1.784974 1.696618 0.439687 
2.000000 9.495000 1.784974 1.694833 0.439687 
2.000000 9.485000 1.784974 1.693048 0.439687 
2.000000 9.475000 1.784974 1.691263 0.439687 
2.000000 9.465000 1.784974 1.689478 0.439687 
2.000000 9.455000 1.784974 1.687693 0.439687 
2.000000 9.445000 1.784974 1.685908 0.439687 
2.000000 9.435000 1.784974 1.684123 0.439687 
2.000000 9.425000 1.784974 1.682338 0.439687 
2.000000 9.415000 1.784974 1.680553 0.439687 
2.000000 9.405000 1.784974 1.678768 0.439687 
2.000000 9.395000 1.784974 1.676983 0.439687 
2.000000 9.385000 1.784974 1.675198 0.439687 
2.000000 9.375000 1.784974 1.673413 0.439687 
2.000000 9.365000 1.784974 1.671628 0.439687 
2.000000 9.355000 1.784974 1.669843 0.439687 
2.000000 9.345000 1.784974 1.668058 0.439687 
2.000000 9.335000 1.784974 1.666273 0.439687 
2.000000 9.325000 1.784974 1.664488 0.439687 
2.000000 9.315000 1.784974 1.662703 0.439687 
2.000000 9.305000 1.784974 1.660918 0.439687 
2.000000 9.295000 1.784974 1.659133 0.439687 
2.000000 9.285000 1.784974 1.657348 0.439687 
2.000000 9.275000 1.784974 1.655563 0.439687 
2.000000 9.265000 1.784974 1.653778 0.439687 
2.000000 9.255000 1.784974 1.651993 0.439687 
2.000000 9.245000 1.784974 1.650208 0.439687 
2.000000 9.235000 1.784974 1.648423 0.439687 
2.000000 9.225000 1.784974 1.646638 0.439687 
2.000000 9.215000 1.784974 1.644853 0.439687 
2.000000 9.205000 1.784974 1.643068 0.439687 
2.000000 9.195000 1.784974 1.641283 0.439687 
2.000000 9.185000 1.784974 1.639498 0.439687 
2.000000 9.175000 1.784974 1.637714 0.439687 
2.000000 9.165000 1.784974 1.635929 0.439687 
2.000000 9.155000 1.784974 1.634144 0.439687 
2.000000 9.145000 1.784974 1.632359 0.439687 
2.000000 9.135000 1.784974 1.630574 0.439687 
2.000000 9.125000 1.784974 1.628789 0.439687 
2.000000 9.115000 1.784974 1.627004 0.439687 
2.000000 9.105000 1.784974 1.625219 0.439687 
2.000000 9.095000 1.784974 1.623434 0.439687 
2.000000 9.085000 1.784974 1.621649 0.439687 
2.000000 9.075000 1.784974 1.619864 0.439687 
2.000000 9.065000 1.784974 1.618079 0.439687 
2.000000 9.055000 1.784974 1.616294 0.439687 
2.000000 9.045000 1.784974 1.614509 0.439687 
2.000000 9.035000 1.784974 1.612724 0.439687 
2.000000 9.025000 1.784974 1.610939 0.439687 
2.000000 9.015000 1.784974 1.609154 0.439687 
2.000000 9.005000 1.784974 1.607369 0.439687 
2.000000 8.995000 1.784974 1.605584 0.439687 
2.000000 8.985000 1.784974 1.603799 0.439687 
2.000000 8.975000 1.784974 1.602014 0.439687 
2.000000 8.965000 1.784974 1.600229 0.439687 
2.000000 8.955000 1.784974 1.598444 0.439687 
2.000000 8.945000 1.784974 1.596659 0.439687 
2.000000 8.935000 1.784974 1.594874 0.439687 
2.000000 8.925000 1.784974 1.593089 0.439687 
2.000000 8.915000 1.784974 1.591304 0.439687 
2.000000 8.905000 1.784974 1.589519 0.439687 
2.000000 8.895000 1.784974 1.587734 0.439687 
2.000000 8.885000 1.784974 1.585949 0.439687 
2.000000 8.875000 1.784974 1.584164 0.439687 
2.000000 8.865000 1.784974 1.582379 0.439687 
2.000000 8.855000 1.784974 1.580594 0.439687 
2.000000 8.845000 1.784974 1.578809 0.439687 
2.000000 8.835000 1.784974 1.577024 0.439687 
2.000000 8.825000 1.784974 1.575239 0.439687 
2.000000 8.815000 1.784974 1.573454 0.439687 
2.000000 8.805000 1.784974 1.571669 0.439687 
2.000000 8.795000 1.784974 1.569885 0.439687 
2.000000 8.785000 1.784974 1.568100 0.439687 
2.000000 8.775000 1.784974 1.566315 0.439687 
2.000000 8.765000 1.784974 1.564530 0.439687 
2.000000 8.755000 1.784974 1.562745 0.439687 
2.000000 8.745000 1.784974 1.560960 0.439687 
2.000000 8.735000 1.784974 1.559175 0.439687 
2.000000 8.725000 1.784974 1.557390 0.439687 
2.000000 8.715000 1.784974 1.555605 0.439687 
2.000000 8.705000 1.784974 1.553820 0.439687 
2.000000 8.695000 1.784974 1.552035 0.439687 
2.000000 8.685000 1.784974 1.550250 0.439687 
2.000000 8.675000 1.784974 1.548465 0.439687 
2.000000 8.665000 1.784974 1.546680 0.439687 
2.000000 8.655000 1.784974 1.544895 0.439687 
2.000000 8.645000 1.784974 1.543110 0.439687 
2.000000 8.635000 1.784974 1.541325 0.439687 
2.000000 8.625000 1.784974 1.539540 0.439687 
2.000000 8.615000 1.784974 1.537755 0.439687 
2.000000 8.605000 1.784974 1.535970 0.439687 
2.000000 8.595000 1.784974 1.534185 0.439687 
2.000000 8.585000 1.784974 1.532400 0.439687 
2.000000 8.575000 1.784974 1.530615 0.439687 
2.000000 8.565000 1.784974 1.528830 0.439687 
2.000000 8.555000 1.784974 1.527045 0.439687 
2.000000 8.545000 1.784974 1.525260 0.439687 
2.000000 8.535000 1.784974 1.523475 0.439687 
2.000000 8.525000 1.784974 1.521690 0.439687 
2.000000 8.515000 1.784974 1.519905 0.439687 
2.000000 8.505000 1.784974 1.518120 0.439687 
2.000000 8.495000 1.784974 1.516335 0.439687 
2.000000 8.485000 1.784974 1.514550 0.439687 
2.000000 8.475000 1.784974 1.512765 0.439687 
2.000000 8.465000 1.784974 1.510980 0.439687 
2.000000 8.455000 1.784974 1.509195 0.439687 
2.000000 8.445000 1.784974 1.507410 0.439687 
2.000000 8.435000 1.784974 1.505625 0.439687 
2.000000 8.425000 1.784974 1.503840 0.439687 
2.000000 8.415000 1.784974 1.502056 0.439687 
2.000000 8.405000 1.784974 1.500271 0.439687 
2.000000 8.395000 1.784974 1.498486 0.439687 
2.000000 8.385000 1.784974 1.496701 0.439687 
2.000000 8.375000 1.784974 1.494916 0.439687 
2.000000 8.365000 1.784974 1.493131 0.439687 
2.000000 8.355000 1.784974 1.491346 0.439687 
2.000000 8.345000 1.784974 1.489561 0.439687 
2.000000 8.335000 1.784974 1.487776 0.439687 
2.000000 8.325000 1.784974 1.485991 0.439687 
2.000000 8.315000 1.784974 1.484206 0.439687 
2.000000 8.305000 1.784974 1.482421 0.439687 
2.000000 8.295000 1.784974 1.480636 0.439687 
2.000000 8.285000 1.784974 1.478851 0.439687 
2.000000 8.275000 1.784974 1.477066 0.439687 
2.000000 8.265000 1.784974 1.475281 0.439687 
2.000000 8.255000 1.784974 1.473496 0.439687 
2.000000 8.245000 1.784974 1.471711 0.439687 
2.000000 8.235000 1.784974 1.469926 0.439687 
2.000000 8.225000 1.784974 1.468141 0.439687 
2.000000 8.215000 1.784974 1.466356 0.439687 
2.000000 8.205000 1.784974 1.464571 0.439687 
2.000000 8.195000 1.784974 1.462786 0.439687 
2.000000 8.185000 1.784974 1.461001 0.439687 
2.000000 8.175000 1.784974 1.459216 0.439687 
2.000000 8.165000 1.784974 1.457431 0.439687 
2.000000 8.155000 1.784974 1.455646 0.439687 
2.000000 8.145000 1.784974 1.453861 0.439687 
2.000000 8.135000 1.784974 1.452076 0.439687 
2.000000 8.125000 1.784974 1.450291 0.439687 
2.000000 8.115000 1.784974 1.448506 0.439687 
2.000000 8.105000 1.784974 1.446721 0.439687 
2.000000 8.095000 1.784974 1.444936 0.439687 
2.000000 8.085000 1.784974 1.443151 0.439687 
2.000000 8.075000 1.784974 1.441366 0.439687 
2.000000 8.065000 1.784974 1.439581 0.439687 
2.000000 8.055000 1.784974 1.437796 0.439687 
2.000000 8.045000 1.784974 1.436011 0.439687 
2.000000 8.035000 1.784974 1.434227 0.439687 
2.000000 8.025000 1.784974 1.432442 0.439687 
2.000000 8.015000 1.784974 1.430657 0.439687 
2.000000 8.005000 1.784974 1.428872 0.439687 
2.000000 7.995000 1.784974 1.427087 0.439687 
2.000000 7.985000 1.784974 1.425302 0.439687 
2.000000 7.975000 1.784974 1.423517 0.439687 
2.000000 7.965000 1.784974 1.421732 0.439687 
2.000000 7.955000 1.784974 1.419947 0.439687 
2.000000 7.945000 1.784974 1.418162 0.439687 
2.000000 7.935000 1.784974 1.416377 0.439687 
2.000000 7.925000 1.784974 1.414592 0.439687 
2.000000 7.915000 1.784974 1.412807 0.439687 
2.000000 7.905000 1.784974 1.411022 0.439687 
2.000000 7.895000 1.784974 1.409237 0.439687 
2.000000 7.885000 1.784974 1.407452 0.439687 
2.000000 7.875000 1.784974 1.405667 0.439687 
2.000000 7.865000 1.784974 1.403882 0.439687 
2.000000 7.855000 1.784974 1.402097 0.439687 
2.000000 7.845000 1.784974 1.400312 0.439687 
2.000000 7.835000 1.784974 1.398527 0.439687 
2.000000 7.825000 1.784974 1.396742 0.439687 
2.000000 7.815000 1.784974 1.394957 0.439687 
2.000000 7.805000 1.784974 1.393172 0.439687 
2.000000 7.795000 1.784974 1.391387 0.439687 
2.000000 7.785000 1.784974 1.389602 0.439687 
2.000000 7.775000 1.784974 1.387817 0.439687 
2.000000 7.765000 1.784974 1.386032 0.439687 
2.000000 7.755000 1.784974 1.384247 0.439687 
2.000000 7.745000 1.784974 1.382462 0.439687 
2.000000 7.735000 1.784974 1.380677 0.439687 
2.000000 7.725000 1.784974 1.378892 0.439687 
2.000000 7.715000 1.784974 1.377107 0.439687 
2.000000 7.705000 1.784974 1.375322 0.439687 
2.000000 7.695000 1.784974 1.373537 0.439687 
2.000000 7.685000 1.784974 1.371752 0.439687 
2.000000 7.675000 1.784974 1.369967 0.439687 
2.000000 7.665000 1.784974 1.368182 0.439687 
2.000000 7.655000 1.784974 1.366397 0.439687 
2.000000 7.645000 1.784974 1.364613 0.439687 
2.000000 7.635000 1.784974 1.362828 0.439687 
2.000000 7.625000 1.784974 1.361043 0.439687 
2.000000 7.615000 1.784974 1.359258 0.439687 
2.000000 7.605000 1.784974 1.357473 0.439687 
2.000000 7.595000 1.784974 1.355688 0.439687 
2.000000 7.585000 1.784974 1.353903 0.439687 
2.000000 7.575000 1.784974 1.352118 0.439687 
2.000000 7.565000 1.784974 1.350333 0.439687 
2.000000 7.555000 1.784974 1.348548 0.439687 
2.000000 7.545000 1.784974 1.346763 0.439687 
2.000000 7.535000 1.784974 1.344978 0.439687 
2.000000 7.525000 1.784974 1.343193 0.439687 
2.000000 7.515000 1.784974 1.341408 0.439687 
2.000000 7.505000 1.784974 1.339623 0.439687 
2.000000 7.495000 1.784974 1.337838 0.439687 
2.000000 7.485000 1.784974 1.336053 0.439687 
2.000000 7.475000 1.784974 1.334268 0.439687 
2.000000 7.465000 1.784974 1.332483 0.439687 
2.000000 7.455000 1.784974 1.330698 0.439687 
2.000000 7.445000 1.784974 1.328913 0.439687 
2.000000 7.435000 1.784974 1.327128 0.439687 
2.000000 7.425000 1.784974 1.325343 0.439687 
2.000000 7.415000 1.784974 1.323558 0.439687 
2.000000 7.405000 1.784974 1.321773 0.439687 
2.000000 7.395000 1.784974 1.319988 0.439687 
2.000000 7.385000 1.784974 1.318203 0.439687 
2.000000 7.375000 1.784974 1.316418 0.439687 
2.000000 7.365000 1.784974 1.314633 0.439687 
2.000000 7.355000 1.784974 1.312848 0.439687 
2.000000 7.345000 1.784974 1.311063 0.439687 
2.000000 7.335000 1.784974 1.309278 0.439687 
2.000000 7.325000 1.784974 1.307493 0.439687 
2.000000 7.315000 1.784974 1.305708 0.439687 
2.000000 7.305000 1.784974 1.303923 0.439687 
2.000000 7.295000 1.784974 1.302138 0.439687 
2.000000 7.285000 1.784974 1.300353 0.439687 
2.000000 7.275000 1.784974 1.298568 0.439687 
2.000000 7.265000 1.784974 1.296784 0.439687 
2.000000 7.255000 1.784974 1.294999 0.439687 
2.000000 7.245000 1.784974 1.293214 0.439687 
2.000000 7.235000 1.784974 1.291429 0.439687 
2.000000 7.225000 1.784974 1.289644 0.439687 
2.000000 7.215000 1.784974 1.287859 0.439687 
2.000000 7.205000 1.784974 1.286074 0.439687 
2.000000 7.195000 1.784974 1.284289 0.439687 
2.000000 7.185000 1.784974 1.282504 0.439687 
2.000000 7.175000 1.784974 1.280719 0.439687 
2.000000 7.165000 1.784974 1.278934 0.439687 
2.000000 7.155000 1.784974 1.277149 0.439687 
2.000000 7.145000 1.784974 1.275364 0.439687 
2.000000 7.135000 1.784974 1.273579 0.439687 
2.000000 7.125000 1.784974 1.271794 0.439687 
2.000000 7.115000 1.784974 1.270009 0.439687 
2.000000 7.105000 1.784974 1.268224 0.439687 
2.000000 7.095000 1.784974 1.266439 0.439687 
2.000000 7.085000 1.784974 1.264654 0.439687 
2.000000 7.075000 1.784974 1.262869 0.439687 
2.000000 7.065000 1.784974 1.261084 0.439687 
2.000000 7.055000 1.784974 1.259299 0.439687 
2.000000 7.045000 1.784974 1.257514 0.439687 
2.000000 7.035000 1.784974 1.255729 0.439687 
2.000000 7.025000 1.784974 1.253944 0.439687 
2.000000 7.015000 1.784974 1.252159 0.439687 
2.000000 7.005000 1.784974 1.250374 0.439687 
2.000000 6.995000 1.784974 1.248589 0.439687 
2.000000 6.985000 1.784974 1.246804 0.439687 
2.000000 6.975000 1.784974 1.245019 0.439687 
2.000000 6.965000 1.784974 1.243234 0.439687 
2.000000 6.955000 1.784974 1.241449 0.439687 
2.000000 6.945000 1.784974 1.239664 0.439687 
2.000000 6.935000 1.784974 1.237879 0.439687 
2.000000 6.925000 1.784974 1.236094 0.439687 
2.000000 6.915000 1.784974 1.234309 0.439687 
2.000000 6.905000 1.784974 1.232524 0.439687 
2.000000 6.895000 1.784974 1.230739 0.439687 
2.000000 6.885000 1.784974 1.228955 0.439687 
2.000000 6.875000 1.784974 1.227170 0.439687 
2.000000 6.865000 1.784974 1.225385 0.439687 
2.000000 6.855000 1.784974 1.223600 0.439687 
2.000000 6.845000 1.784974 1.221815 0.439687 
2.000000 6.835000 1.784974 1.220030 0.439687 
2.000000 6.825000 1.784974 1.218245 0.439687 
2.000000 6.815000 1.784974 1.216460 0.439687 
2.000000 6.805000 1.784974 1.214675 0.439687 
2.000000 6.795000 1.784974 1.212890 0.439687 
2.000000 6.785000 1.784974 1.211105 0.439687 
2.000000 6.775000 1.784974 1.209320 0.439687 
2.000000 6.765000 1.784974 1.207535 0.439687 
2.000000 6.755000 1.784974 1.205750 0.439687 
2.000000 6.745000 1.784974 1.203965 0.439687 
2.000000 6.735000 1.784974 1.202180 0.439687 
2.000000 6.725000 1.784974 1.200395 0.439687 
2.000000 6.715000 1.784974 1.198610 0.439687 
2.000000 6.705000 1.784974 1.196825 0.439687 
2.000000 6.695000 1.784974 1.195040 0.439687 
2.000000 6.685000 1.784974 1.193255 0.439687 
2.000000 6.675000 1.784974 1.191470 0.439687 
2.000000 6.665000 1.784974 1.189685 0.439687 
2.000000 6.655000 1.784974 1.187900 0.439687 
2.000000 6.645000 1.784974 1.186115 0.439687 
2.000000 6.635000 1.784974 1.184330 0.439687 
2.000000 6.625000 1.784974 1.182545 0.439687 
2.000000 6.615000 1.784974 1.180760 0.439687 
2.000000 6.605000 1.784974 1.178975 0.439687 
2.000000 6.595000 1.784974 1.177190 0.439687 
2.000000 6.585000 1.784974 1.175405 0.439687 
2.000000 6.575000 1.784974 1.173620 0.439687 
2.000000 6.565000 1.784974 1.171835 0.439687 
2.000000 6.555000 1.784974 1.170050 0.439687 
2.000000 6.545000 1.784974 1.168265 0.439687 
2.000000 6.535000 1.784974 1.166480 0.439687 
2.000000 6.525000 1.784974 1.164695 0.439687 
2.000000 6.515000 1.784974 1.162910 0.439687 
2.000000 6.505000 1.784974 1.161126 0.439687 
2.000000 6.495000 1.784974 1.159341 0.439687 
2.000000 6.485000 1.784974 1.157556 0.439687 
2.000000 6.475000 1.784974 1.155771 0.439687 
2.000000 6.465000 1.784974 1.153986 0.439687 
2.000000 6.455000 1.784974 1.152201 0.439687 
2.000000 6.445000 1.784974 1.150416 0.439687 
2.000000 6.435000 1.784974 1.148631 0.439687 
2.000000 6.425000 1.784974 1.146846 0.439687 
2.000000 6.415000 1.784974 1.145061 0.439687 
2.000000 6.405000 1.784974 1.143276 0.439687 
2.000000 6.395000 1.784974 1.141491 0.439687 
2.000000 6.385000 1.784974 1.139706 0.439687 
2.000000 6.375000 1.784974 1.137921 0.439687 
2.000000 6.365000 1.784974 1.136136 0.439687 
2.000000 6.355000 1.784974 1.134351 0.439687 
2.000000 6.345000 1.784974 1.132566 0.439687 
2.000000 6.335000 1.784974 1.130781 0.439687 
2.000000 6.325000 1.784974 1.128996 0.439687 
2.000000 6.315000 1.784974 1.127211 0.439687 
2.000000 6.305000 1.784974 1.125426 0.439687 
2.000000 6.295000 1.784974 1.123641 0.439687 
2.000000 6.285000 1.784974 1.121856 0.439687 
2.000000 6.275000 1.784974 1.120071 0.439687 
2.000000 6.265000 1.784974 1.118286 0.439687 
2.000000 6.255000 1.784974 1.116501 0.439687 
2.000000 6.245000 1.784974 1.114716 0.439687 
2.000000 6.235000 1.784974 1.112931 0.439687 
2.000000 6.225000 1.784974 1.111146 0.439687 
2.000000 6.215000 1.784974 1.109361 0.439687 
2.000000 6.205000 1.784974 1.107576 0.439687 
2.000000 6.195000 1.784974 1.105791 0.439687 
2.000000 6.185000 1.784974 1.104006 0.439687 
2.000000 6.175000 1.784974 1.102221 0.439687 
2.000000 6.165000 1.784974 1.100436 0.439687 
2.000000 6.155000 1.784974 1.098651 0.439687 
2.000000 6.145000 1.784974 1.096866 0.439687 
2.000000 6.135000 1.784974 1.095081 0.439687 
2.000000 6.125000 1.784974 1.093296 0.439687 
2.000000 6.115000 1.784974 1.091512 0.439687 
2.000000 6.105000 1.784974 1.089727 0.439687 
2.000000 6.095000 1.784974 1.087942 0.439687 
2.000000 6.085000 1.784974 1.086157 0.439687 
2.000000 6.075000 1.784974 1.084372 0.439687 
2.000000 6.065000 1.784974 1.082587 0.439687 
2.000000 6.055000 1.784974 1.080802 0.439687 
2.000000 6.045000 1.784974 1.079017 0.439687 
2.000000 6.035000 1.784974 1.077232 0.439687 
2.000000 6.025000 1.784974 1.075447 0.439687 
2.000000 6.015000 1.784974 1.073662 0.439687 
2.000000 6.005000 1.784974 1.071877 0.439687 
2.000000 5.995000 1.784974 1.070092 0.439687 
2.000000 5.985000 1.784974 1.068307 0.439687 
2.000000 5.975000 1.784974 1.066522 0.439687 
2.000000 5.965000 1.784974 1.064737 0.439687 
2.000000 5.955000 1.784974 1.062952 0.439687 
2.000000 5.945000 1.784974 1.061167 0.439687 
2.000000 5.935000 1.784974 1.059382 0.439687 
2.000000 5.925000 1.784974 1.057597 0.439687 
2.000000 5.915000 1.784974 1.055812 0.439687 
2.000000 5.905000 1.784974 1.054027 0.439687 
2.000000 5.895000 1.784974 1.052242 0.439687 
2.000000 5.885000 1.784974 1.050457 0.439687 
2.000000 5.875000 1.784974 1.048672 0.439687 
2.000000 5.865000 1.784974 1.046887 0.439687 
2.000000 5.855000 1.784974 1.045102 0.439687 
2.000000 5.845000 1.784974 1.043317 0.439687 
2.000000 5.835000 1.784974 1.041532 0.439687 
2.000000 5.825000 1.784974 1.039747 0.439687 
2.000000 5.815000 1.784974 1.037962 0.439687 
2.000000 5.805000 1.784974 1.036177 0.439687 
2.000000 5.795000 1.784974 1.034392 0.439687 
2.000000 5.785000 1.784974 1.032607 0.439687 
2.000000 5.775000 1.784974 1.030822 0.439687 
2.000000 5.765000 1.784974 1.029037 0.439687 
2.000000 5.755000 1.784974 1.027252 0.439687 
2.000000 5.745000 1.784974 1.025467 0.439687 
2.000000 5.735000 1.784974 1.023683 0.439687 
2.000000 5.725000 1.784974 1.021898 0.439687 
2.000000 5.715000 1.784974 1.020113 0.439687 
2.000000 5.705000 1.784974 1.018328 0.439687 
2.000000 5.695000 1.784974 1.016543 0.439687 
2.000000 5.685000 1.784974 1.014758 0.439687 
2.000000 5.675000 1.784974 1.012973 0.439687 
2.000000 5.665000 1.784974 1.011188 0.439687 
2.000000 5.655000 1.784974 1.009403 0.439687 
2.000000 5.645000 1.784974 1.007618 0.439687 
2.000000 5.635000 1.784974 1.005833 0.439687 
2.000000 5.625000 1.784974 1.004048 0.439687 
2.000000 5.615000 1.784974 1.002263 0.439687 
2.000000 5.605000 1.784974 1.000478 0.439687 
2.000000 5.595000 1.784974 0.998693 0.439687 
2.000000 5.585000 1.784974 0.996908 0.439687 
2.000000 5.575000 1.784974 0.995123 0.439687 
2.000000 5.565000 1.784974 0.993338 0.439687 
2.000000 5.555000 1.784974 0.991553 0.439687 
2.000000 5.545000 1.784974 0.989768 0.439687 
2.000000 5.535000 1.784974 0.987983 0.439687 
2.000000 5.525000 1.784974 0.986198 0.439687 
2.000000 5.515000 1.784974 0.984413 0.439687 
2.000000 5.505000 1.784974 0.982628 0.439687 
2.000000 5.495000 1.784974 0.980843 0.439687 
2.000000 5.485000 1.784974 0.979058 0.439687 
2.000000 5.475000 1.784974 0.977273 0.439687 
2.000000 5.465000 1.784974 0.975488 0.439687 
2.000000 5.455000 1.784974 0.973703 0.439687 
2.000000 5.445000 1.784974 0.971918 0.439687 
2.000000 5.435000 1.784974 0.970133 0.439687 
2.000000 5.425000 1.784974 0.968348 0.439687 
2.000000 5.415000 1.784974 0.966563 0.439687 
2.000000 5.405000 1.784974 0.964778 0.439687 
2.000000 5.395000 1.784974 0.962993 0.439687 
2.000000 5.385000 1.784974 0.961208 0.439687 
2.000000 5.375000 1.784974 0.959423 0.439687 
2.000000 5.365000 1.784974 0.957638 0.439687 
2.000000 5.355000 1.784974 0.955854 0.439687 
2.000000 5.345000 1.784974 0.954069 0.439687 
2.000000 5.335000 1.784974 0.952284 0.439687 
2.000000 5.325000 1.784974 0.950499 0.439687 
2.000000 5.315000 1.784974 0.948714 0.439687 
2.000000 5.305000 1.784974 0.946929 0.439687 
2.000000 5.295000 1.784974 0.945144 0.439687 
2.000000 5.285000 1.784974 0.943359 0.439687 
2.000000 5.275000 1.784974 0.941574 0.439687 
2.000000 5.265000 1.784974 0.939789 0.439687 
2.000000 5.255000 1.784974 0.938004 0.439687 
2.000000 5.245000 1.784974 0.936219 0.439687 
2.000000 5.235000 1.784974 0.934434 0.439687 
2.000000 5.225000 1.784974 0.932649 0.439687 
2.000000 5.215000 1.784974 0.930864 0.439687 
2.000000 5.205000 1.784974 0.929079 0.439687 
2.000000 5.195000 1.784974 0.927294 0.439687 
2.000000 5.185000 1.784974 0.925509 0.439687 
2.000000 5.175000 1.784974 0.923724 0.439687 
2.000000 5.165000 1.784974 0.921939 0.439687 
2.000000 5.155000 1.784974 0.920154 0.439687 
2.000000 5.145000 1.784974 0.918369 0.439687 
2.000000 5.135000 1.784974 0.916584 0.439687 
2.000000 5.125000 1.784974 0.914799 0.439687 
2.000000 5.115000 1.784974 0.913014 0.439687 
2.000000 5.105000 1.784974 0.911229 0.439687 
2.000000 5.095000 1.784974 0.909444 0.439687 
2.000000 5.085000 1.784974 0.907659 0.439687 
2.000000 5.075000 1.784974 0.905874 0.439687 
2.000000 5.065000 1.784974 0.904089 0.439687 
2.000000 5.055000 1.784974 0.902304 0.439687 
2.000000 5.045000 1.784974 0.900519 0.439687 
2.000000 5.035000 1.784974 0.898734 0.439687 
2.000000 5.025000 1.784974 0.896949 0.439687 
2.000000 5.015000 1.784974 0.895164 0.439687 
2.000000 5.005000 1.784974 0.893379 0.439687 
2.000000 4.995000 1.784974 0.891594 0.439687 
2.000000 4.985000 1.784974 0.889809 0.439687 
2.000000 4.975000 1.784974 0.888024 0.439687 
2.000000 4.965000 1.784974 0.886240 0.439687 
2.000000 4.955000 1.784974 0.884455 0.439687 
2.000000 4.945000 1.784974 0.882670 0.439687 
2.000000 4.935000 1.784974 0.880885 0.439687 
2.000000 4.925000 1.784974 0.879100 0.439687 
2.000000 4.915000 1.784974 0.877315 0.439687 
2.000000 4.905000 1.784974 0.875530 0.439687 
2.000000 4.895000 1.784974 0.873745 0.439687 
2.000000 4.885000 1.784974 0.871960 0.439687 
2.000000 4.875000 1.784974 0.870175 0.439687 
2.000000 4.865000 1.784974 0.868390 0.439687 
2.000000 4.855000 1.784974 0.866605 0.439687 
2.000000 4.845000 1.784974 0.864820 0.439687 
2.000000 4.835000 1.784974 0.863035 0.439687 
2.000000 4.825000 1.784974 0.861250 0.439687 
2.000000 4.815000 1.784974 0.859465 0.439687 
2.000000 4.805000 1.784974 0.857680 0.439687 
2.000000 4.795000 1.784974 0.855895 0.439687 
2.000000 4.785000 1.784974 0.854110 0.439687 
2.000000 4.775000 1.784974 0.852325 0.439687 
2.000000 4.765000 1.784974 0.850540 0.439687 
2.000000 4.755000 1.784974 0.848755 0.439687 
2.000000 4.745000 1.784974 0.846970 0.439687 
2.000000 4.735000 1.784974 0.845185 0.439687 
2.000000 4.725000 1.784974 0.843400 0.439687 
2.000000 4.715000 1.784974 0.841615 0.439687 
2.000000 4.705000 1.784974 0.839830 0.439687 
2.000000 4.695000 1.784974 0.838045 0.439687 
2.000000 4.685000 1.784974 0.836260 0.439687 
2.000000 4.675000 1.784974 0.834475 0.439687 
2.000000 4.665000 1.784974 0.832690 0.439687 
2.000000 4.655000 1.784974 0.830905 0.439687 
2.000000 4.645000 1.784974 0.829120 0.439687 
2.000000 4.635000 1.784974 0.827335 0.439687 
2.000000 4.625000 1.784974 0.825550 0.439687 
2.000000 4.615000 1.784974 0.823765 0.439687 
2.000000 4.605000 1.784974 0.821980 0.439687 
2.000000 4.595000 1.784974 0.820195 0.439687 
2.000000 4.585000 1.784974 0.818411 0.439687 
2.000000 4.575000 1.784974 0.816626 0.439687 
2.000000 4.565000 1.784974 0.814841 0.439687 
2.000000 4.555000 1.784974 0.813056 0.439687 
2.000000 4.545000 1.784974 0.811271 0.439687 
2.000000 4.535000 1.784974 0.809486 0.439687 
2.000000 4.525000 1.784974 0.807701 0.439687 
2.000000 4.515000 1.784974 0.805916 0.439687 
2.000000 4.505000 1.784974 0.804131 0.439687 
2.000000 4.495000 1.784974 0.802346 0.439687 
2.000000 4.485000 1.784974 0.800561 0.439687 
2.000000 4.475000 1.784974 0.798776 0.439687 
2.000000 4.465000 1.784974 0.796991 0.439687 
2.000000 4.455000 1.784974 0.795206 0.439687 
2.000000 4.445000 1.784974 0.793421 0.439687 
2.000000 4.435000 1.784974 0.791636 0.439687 
2.000000 4.425000 1.784974 0.789851 0.439687 
2.000000 4.415000 1.784974 0.788066 0.439687 
2.000000 4.405000 1.784974 0.786281 0.439687 
2.000000 4.395000 1.784974 0.784496 0.439687 
2.000000 4.385000 1.784974 0.782711 0.439687 
2.000000 4.375000 1.784974 0.780926 0.439687 
2.000000 4.365000 1.784974 0.779141 0.439687 
2.000000 4.355000 1.784974 0.777356 0.439687 
2.000000 4.345000 1.784974 0.775571 0.439687 
2.000000 4.335000 1.784974 0.773786 0.439687 
2.000000 4.325000 1.784974 0.772001 0.439687 
2.000000 4.315000 1.784974 0.770216 0.439687 
2.000000 4.305000 1.784974 0.768431 0.439687 
2.000000 4.295000 1.784974 0.766646 0.439687 
2.000000 4.285000 1.784974 0.764861 0.439687 
2.000000 4.275000 1.784974 0.763076 0.439687 
2.000000 4.265000 1.784974 0.761291 0.439687 
2.000000 4.255000 1.784974 0.759506 0.439687 
2.000000 4.245000 1.784974 0.757721 0.439687 
2.000000 4.235000 1.784974 0.755936 0.439687 
2.000000 4.225000 1.784974 0.754151 0.439687 
2.000000 4.215000 1.784974 0.752366 0.439687 
2.000000 4.205000 1.784974 0.750582 0.439687 
2.000000 4.195000 1.784974 0.748797 0.439687 
2.000000 4.185000 1.784974 0.747012 0.439687 
2.000000 4.175000 1.784974 0.745227 0.439687 
2.000000 4.165000 1.784974 0.743442 0.439687 
2.000000 4.155000 1.784974 0.741657 0.439687 
2.000000 4.145000 1.784974 0.739872 0.439687 
2.000000 4.135000 1.784974 0.738087 0.439687 
2.000000 4.125000 1.784974 0.736302 0.439687 
2.000000 4.115000 1.784974 0.734517 0.439687 
2.000000 4.105000 1.784974 0.732732 0.439687 
2.000000 4.095000 1.784974 0.730947 0.439687 
2.000000 4.085000 1.784974 0.729162 0.439687 
2.000000 4.075000 1.784974 0.727377 0.439687 
2.000000 4.065000 1.784974 0.725592 0.439687 
2.000000 4.055000 1.784974 0.723807 0.439687 
2.000000 4.045000 1.784974 0.722022 0.439687 
2.000000 4.035000 1.784974 0.720237 0.439687 
2.000000 4.025000 1.784974 0.718452 0.439687 
2.000000 4.015000 1.784974 0.716667 0.439687 
2.000000 4.005000 1.784974 0.714882 0.439687 
2.000000 3.995000 1.784974 0.713097 0.439687 
2.000000 3.985000 1.784974 0.711312 0.439687 
2.000000 3.975000 1.784974 0.709527 0.439687 
2.000000 3.965000 1.784974 0.707742 0.439687 
2.000000 3.955000 1.784974 0.705957 0.439687 
2.000000 3.945000 1.784974 0.704172 0.439687 
2.000000 3.935000 1.784974 0.702387 0.439687 
2.000000 3.925000 1.784974 0.700602 0.439687 
2.000000 3.915000 1.784974 0.698817 0.439687 
2.000000 3.905000 1.784974 0.697032 0.439687 
2.000000 3.895000 1.784974 0.695247 0.439687 
2.000000 3.885000 1.784974 0.693462 0.439687 
2.000000 3.875000 1.784974 0.691677 0.439687 
2.000000 3.865000 1.784974 0.689892 0.439687 
2.000000 3.855000 1.784974 0.688107 0.439687 
2.000000 3.845000 1.784974 0.686322 0.439687 
2.000000 3.835000 1.784974 0.684537 0.439687 
2.000000 3.825000 1.784974 0.682753 0.439687 
2.000000 3.815000 1.784974 0.680968 0.439687 
2.000000 3.805000 1.784974 0.679183 0.439687 
2.000000 3.795000 1.784974 0.677398 0.439687 
2.000000 3.785000 1.784974 0.675613 0.439687 
2.000000 3.775000 1.784974 0.673828 0.439687 
2.000000 3.765000 1.784974 0.672043 0.439687 
2.000000 3.755000 1.784974 0.670258 0.439687 
2.000000 3.745000 1.784974 0.668473 0.439687 
2.000000 3.735000 1.784974 0.666688 0.439687 
2.000000 3.725000 1.784974 0.664903 0.439687 
2.000000 3.715000 1.784974 0.663118 0.439687 
2.000000 3.705000 1.784974 0.661333 0.439687 
2.000000 3.695000 1.784974 0.659548 0.439687 
2.000000 3.685000 1.784974 0.657763 0.439687 
2.000000 3.675000 1.784974 0.655978 0.439687 
2.000000 3.665000 1.784974 0.654193 0.439687 
2.000000 3.655000 1.784974 0.652408 0.439687 
2.000000 3.645000 1.784974 0.650623 0.439687 
2.000000 3.635000 1.784974 0.648838 0.439687 
2.000000 3.625000 1.784974 0.647053 0.439687 
2.000000 3.615000 1.784974 0.645268 0.439687 
2.000000 3.605000 1.784974 0.643483 0.439687 
2.000000 3.595000 1.784974 0.641698 0.439687 
2.000000 3.585000 1.784974 0.639913 0.439687 
2.000000 3.575000 1.784974 0.638128 0.439687 
2.000000 3.565000 1.784974 0.636343 0.439687 
2.000000 3.555000 1.784974 0.634558 0.439687 
2.000000 3.545000 1.784974 0.632773 0.439687 
2.000000 3.535000 1.784974 0.630988 0.439687 
2.000000 3.525000 1.784974 0.629203 0.439687 
2.000000 3.515000 1.784974 0.627418 0.439687 
2.000000 3.505000 1.784974 0.625633 0.439687 
2.000000 3.495000 1.784974 0.623848 0.439687 
2.000000 3.485000 1.784974 0.622063 0.439687 
2.000000 3.475000 1.784974 0.620278 0.439687 
2.000000 3.465000 1.784974 0.618493 0.439687 
2.000000 3.455000 1.784974 0.616708 0.439687 
2.000000 3.445000 1.784974 0.614923 0.439687 
2.000000 3.435000 1.784974 0.613139 0.439687 
2.000000 3.425000 1.784974 0.611354 0.439687 
2.000000 3.415000 1.784974 0.609569 0.439687 
2.000000 3.405000 1.784974 0.607784 0.439687 
2.000000 3.395000 1.784974 0.605999 0.439687 
2.000000 3.385000 1.784974 0.604214 0.439687 
2.000000 3.375000 1.784974 0.602429 0.439687 
2.000000 3.365000 1.784974 0.600644 0.439687 
2.000000 3.355000 1.784974 0.598859 0.439687 
2.000000 3.345000 1.784974 0.597074 0.439687 
2.000000 3.335000 1.784974 0.595289 0.439687 
2.000000 3.325000 1.784974 0.593504 0.439687 
2.000000 3.315000 1.784974 0.591719 0.439687 
2.000000 3.305000 1.784974 0.589934 0.439687 
2.000000 3.295000 1.784974 0.588149 0.439687 
2.000000 3.285000 1.784974 0.586364 0.439687 
2.000000 3.275000 1.784974 0.584579 0.439687 
2.000000 3.265000 1.784974 0.582794 0.439687 
2.000000 3.255000 1.784974 0.581009 0.439687 
2.000000 3.245000 1.784974 0.579224 0.439687 
2.000000 3.235000 1.784974 0.577439 0.439687 
2.000000 3.225000 1.784974 0.575654 0.439687 
2.000000 3.215000 1.784974 0.573869 0.439687 
2.000000 3.205000 1.784974 0.572084 0.439687 
2.000000 3.195000 1.784974 0.570299 0.439687 
2.000000 3.185000 1.784974 0.568514 0.439687 
2.000000 3.175000 1.784974 0.566729 0.439687 
2.000000 3.165000 1.784974 0.564944 0.439687 
2.000000 3.155000 1.784974 0.563159 0.439687 
2.000000 3.145000 1.784974 0.561374 0.439687 
2.000000 3.135000 1.784974 0.559589 0.439687 
2.000000 3.125000 1.784974 0.557804 0.439687 
2.000000 3.115000 1.784974 0.556019 0.439687 
2.000000 3.105000 1.784974 0.554234 0.439687 
2.000000 3.095000 1.784974 0.552449 0.439687 
2.000000 3.085000 1.784974 0.550664 0.439687 
2.000000 3.075000 1.784974 0.548879 0.439687 
2.000000 3.065000 1.784974 0.547094 0.439687 
2.000000 3.055000 1.784974 0.545310 0.439687 
2.000000 3.045000 1.784974 0.543525 0.439687 
2.000000 3.035000 1.784974 0.541740 0.439687 
2.000000 3.025000 1.784974 0.539955 0.439687 
2.000000 3.015000 1.784974 0.538170 0.439687 
2.000000 3.005000 1.784974 0.536385 0.439687 
2.000000 2.995000 1.784974 0.534600 0.439687 
2.000000 2.985000 1.784974 0.532815 0.439687 
2.000000 2.975000 1.784974 0.531030 0.439687 
2.000000 2.965000 1.784974 0.529245 0.439687 
2.000000 2.955000 1.784974 0.527460 0.439687 
2.000000 2.945000 1.784974 0.525675 0.439687 
2.000000 2.935000 1.784974 0.523890 0.439687 
2.000000 2.925000 1.784974 0.522105 0.439687 
2.000000 2.915000 1.784974 0.520320 0.439687 
2.000000 2.905000 1.784974 0.518535 0.439687 
2.000000 2.895000 1.784974 0.516750 0.439687 
2.000000 2.885000 1.784974 0.514965 0.439687 
2.000000 2.875000 1.784974 0.513180 0.439687 
2.000000 2.865000 1.784974 0.511395 0.439687 
2.000000 2.855000 1.784974 0.509610 0.439687 
2.000000 2.845000 1.784974 0.507825 0.439687 
2.000000 2.835000 1.784974 0.506040 0.439687 
2.000000 2.825000 1.784974 0.504255 0.439687 
2.000000 2.815000 1.784974 0.502470 0.439687 
2.000000 2.805000 1.784974 0.500685 0.439687 
2.000000 2.795000 1.784974 0.498900 0.439687 
2.000000 2.785000 1.784974 0.497115 0.439687 
2.000000 2.775000 1.784974 0.495330 0.439687 
2.000000 2.765000 1.784974 0.493545 0.439687 
2.000000 2.755000 1.784974 0.491760 0.439687 
2.000000 2.745000 1.784974 0.489975 0.439687 
2.000000 2.735000 1.784974 0.488190 0.439687 
2.000000 2.725000 1.784974 0.486405 0.439687 
2.000000 2.715000 1.784974 0.484620 0.439687 
2.000000 2.705000 1.784974 0.482835 0.439687 
2.000000 2.695000 1.784974 0.481050 0.439687 
2.000000 2.685000 1.784974 0.479265 0.439687 
2.000000 2.675000 1.784974 0.477481 0.439687 
2.000000 2.665000 1.784974 0.475696 0.439687 
2.000000 2.655000 1.784974 0.473911 0.439687 
2.000000 2.645000 1.784974 0.472126 0.439687 
2.000000 2.635000 1.784974 0.470341 0.439687 
2.000000 2.625000 1.784974 0.468556 0.439687 
2.000000 2.615000 1.784974 0.466771 0.439687 
2.000000 2.605000 1.784974 0.464986 0.439687 
2.000000 2.595000 1.784974 0.463201 0.439687 
2.000000 2.585000 1.784974 0.461416 0.439687 
2.000000 2.575000 1.784974 0.459631 0.439687 
2.000000 2.565000 1.784974 0.457846 0.439687 
2.000000 2.555000 1.784974 0.456061 0.439687 
2.000000 2.545000 1.784974 0.454276 0.439687 
2.000000 2.535000 1.784974 0.452491 0.439687 
2.000000 2.525000 1.784974 0.450706 0.439687 
2.000000 2.515000 1.784974 0.448921 0.439687 
2.000000 2.505000 1.784974 0.447136 0.439687 
2.000000 2.495000 1.784974 0.445351 0.439687 
2.000000 2.485000 1.784974 0.443566 0.439687 
2.000000 2.475000 1.784974 0.441781 0.439687 
2.000000 2.465000 1.784974 0.439996 0.439687 
2.000000 2.455000 1.784974 0.438211 0.439687 
2.000000 2.445000 1.784974 0.436426 0.439687 
2.000000 2.435000 1.784974 0.434641 0.439687 
2.000000 2.425000 1.784974 0.432856 0.439687 
2.000000 2.415000 1.784974 0.431071 0.439687 
2.000000 2.405000 1.784974 0.429286 0.439687 
2.000000 2.395000 1.784974 0.427501 0.439687 
2.000000 2.385000 1.784974 0.425716 0.439687 
2.000000 2.375000 1.784974 0.423931 0.439687 
2.000000 2.365000 1.784974 0.422146 0.439687 
2.000000 2.355000 1.784974 0.420361 0.439687 
2.000000 2.345000 1.784974 0.418576 0.439687 
2.000000 2.335000 1.784974 0.416791 0.439687 
2.000000 2.325000 1.784974 0.415006 0.439687 
2.000000 2.315000 1.784974 0.413221 0.439687 
2.000000 2.305000 1.784974 0.411436 0.439687 
2.000000 2.295000 1.784974 0.409652 0.439687 
2.000000 2.285000 1.784974 0.407867 0.439687 
2.000000 2.275000 1.784974 0.406082 0.439687 
2.000000 2.265000 1.784974 0.404297 0.439687 
2.000000 2.255000 1.784974 0.402512 0.439687 
2.000000 2.245000 1.784974 0.400727 0.439687 
2.000000 2.235000 1.784974 0.398942 0.439687 
2.000000 2.225000 1.784974 0.397157 0.439687 
2.000000 2.215000 1.784974 0.395372 0.439687 
2.000000 2.205000 1.784974 0.393587 0.439687 
2.000000 2.195000 1.784974 0.391802 0.439687 
2.000000 2.185000 1.784974 0.390017 0.439687 
2.000000 2.175000 1.784974 0.388232 0.439687 
2.000000 2.165000 1.784974 0.386447 0.439687 
2.000000 2.155000 1.784974 0.384662 0.439687 
2.000000 2.145000 1.784974 0.382877 0.439687 
2.000000 2.135000 1.784974 0.381092 0.439687 
2.000000 2.125000 1.784974 0.379307 0.439687 
2.000000 2.115000 1.784974 0.377522 0.439687 
2.000000 2.105000 1.784974 0.375737 0.439687 
2.000000 2.095000 1.784974 0.373952 0.439687 
2.000000 2.085000 1.784974 0.372167 0.439687 
2.000000 2.075000 1.784974 0.370382 0.439687 
2.000000 2.065000 1.784974 0.368597 0.439687 
2.000000 2.055000 1.784974 0.366812 0.439687 
2.000000 2.045000 1.784974 0.365027 0.439687 
2.000000 2.035000 1.784974 0.363242 0.439687 
2.000000 2.025000 1.784974 0.361457 0.439687 
2.000000 2.015000 1.784974 0.359672 0.439687 
2.000000 2.005000 1.784974 0.357887 0.439687 
2.000000 1.995000 1.784974 0.356102 0.439687 
2.000000 1.985000 1.784974 0.354317 0.439687 
2.000000 1.975000 1.784974 0.352532 0.439687 
2.000000 1.965000 1.784974 0.350747 0.439687 
2.000000 1.955000 1.784974 0.348962 0.439687 
2.000000 1.945000 1.784974 0.347177 0.439687 
2.000000 1.935000 1.784974 0.345392 0.439687 
2.000000 1.925000 1.784974 0.343607 0.439687 
2.000000 1.915000 1.784974 0.341822 0.439687 
2.000000 1.905000 1.784974 0.340038 0.439687 
2.000000 1.895000 1.784974 0.338253 0.439687 
2.000000 1.885000 1.784974 0.336468 0.439687 
2.000000 1.875000 1.784974 0.334683 0.439687 
2.000000 1.865000 1.784974 0.332898 0.439687 
2.000000 1.855000 1.784974 0.331113 0.439687 
2.000000 1.845000 1.784974 0.329328 0.439687 
2.000000 1.835000 1.784974 0.327543 0.439687 
2.000000 1.825000 1.784974 0.325758 0.439687 
2.000000 1.815000 1.784974 0.323973 0.439687 
2.000000 1.805000 1.784974 0.322188 0.439687 
2.000000 1.795000 1.784974 0.320403 0.439687 
2.000000 1.785000 1.784974 0.318618 0.439687 
2.000000 1.775000 1.784974 0.316833 0.439687 
2.000000 1.765000 1.784974 0.315048 0.439687 
2.000000 1.755000 1.784974 0.313263 0.439687 
2.000000 1.745000 1.784974 0.311478 0.439687 
2.000000 1.735000 1.784974 0.309693 0.439687 
2.000000 1.725000 1.784974 0.307908 0.439687 
2.000000 1.715000 1.784974 0.306123 0.439687 
2.000000 1.705000 1.784974 0.304338 0.439687 
2.000000 1.695000 1.784974 0.302553 0.439687 
2.000000 1.685000 1.784974 0.300768 0.439687 
2.000000 1.675000 1.784974 0.298983 0.439687 
2.000000 1.665000 1.784974 0.297198 0.439687 
2.000000 1.655000 1.784974 0.295413 0.439687 
2.000000 1.645000 1.784974 0.293628 0.439687 
2.000000 1.635000 1.784974 0.291843 0.439687 
2.000000 1.625000 1.784974 0.290058 0.439687 
2.000000 1.615000 1.784974 0.288273 0.439687 
2.000000 1.605000 1.784974 0.286488 0.439687 
2.000000 1.595000 1.784974 0.284703 0.439687 
2.000000 1.585000 1.784974 0.282918 0.439687 
2.000000 1.575000 1.784974 0.281133 0.439687 
2.000000 1.565000 1.784974 0.279348 0.439687 
2.000000 1.555000 1.784974 0.277563 0.439687 
2.000000 1.545000 1.784974 0.275778 0.439687 
2.000000 1.535000 1.784974 0.273993 0.439687 
2.000000 1.525000 1.784974 0.272209 0.439687 
2.000000 1.515000 1.784974 0.270424 0.439687 
2.000000 1.505000 1.784974 0.268639 0.439687 
2.000000 1.495000 1.784974 0.266854 0.439687 
2.000000 1.485000 1.784974 0.265069 0.439687 
2.000000 1.475000 1.784974 0.263284 0.439687 
2.000000 1.465000 1.784974 0.261499 0.439687 
2.000000 1.455000 1.784974 0.259714 0.439687 
2.000000 1.445000 1.784974 0.257929 0.439687 
2.000000 1.435000 1.784974 0.256144 0.439687 
2.000000 1.425000 1.784974 0.254359 0.439687 
2.000000 1.415000 1.784974 0.252574 0.439687 
2.000000 1.405000 1.784974 0.250789 0.439687 
2.000000 1.395000 1.784974 0.249004 0.439687 
2.000000 1.385000 1.784974 0.247219 0.439687 
2.000000 1.375000 1.784974 0.245434 0.439687 
2.000000 1.365000 1.784974 0.243649 0.439687 
2.000000 1.355000 1.784974 0.241864 0.439687 
2.000000 1.345000 1.784974 0.240079 0.439687 
2.000000 1.335000 1.784974 0.238294 0.439687 
2.000000 1.325000 1.784974 0.236509 0.439687 
2.000000 1.315000 1.784974 0.234724 0.439687 
2.000000 1.305000 1.784974 0.232939 0.439687 
2.000000 1.295000 1.784974 0.231154 0.439687 
2.000000 1.285000 1.784974 0.229369 0.439687 
2.000000 1.275000 1.784974 0.227584 0.439687 
2.000000 1.265000 1.784974 0.225799 0.439687 
2.000000 1.255000 1.784974 0.224014 0.439687 
2.000000 1.245000 1.784974 0.222229 0.439687 
2.000000 1.235000 1.784974 0.220444 0.439687 
2.000000 1.225000 1.784974 0.218659 0.439687 
2.000000 1.215000 1.784974 0.216874 0.439687 
2.000000 1.205000 1.784974 0.215089 0.439687 
2.000000 1.195000 1.784974 0.213304 0.439687 
2.000000 1.185000 1.784974 0.211519 0.439687 
2.000000 1.175000 1.784974 0.209734 0.439687 
2.000000 1.165000 1.784974 0.207949 0.439687 
2.000000 1.155000 1.784974 0.206164 0.439687 
2.000000 1.145000 1.784974 0.204380 0.439687 
2.000000 1.135000 1.784974 0.202595 0.439687 
2.000000 1.125000 1.784974 0.200810 0.439687 
2.000000 1.115000 1.784974 0.199025 0.439687 
2.000000 1.105000 1.784974 0.197240 0.439687 
2.000000 1.095000 1.784974 0.195455 0.439687 
2.000000 1.085000 1.784974 0.193670 0.439687 
2.000000 1.075000 1.784974 0.191885 0.439687 
2.000000 1.065000 1.784974 0.190100 0.439687 
2.000000 1.055000 1.784974 0.188315 0.439687 
2.000000 1.045000 1.784974 0.186530 0.439687 
2.000000 1.035000 1.784974 0.184745 0.439687 
2.000000 1.025000 1.784974 0.182960 0.439687 
2.000000 1.015000 1.784974 0.181175 0.439687 
2.000000 1.005000 1.784974 0.179390 0.439687 
2.000000 0.995000 1.784974 0.177605 0.439687 
2.000000 0.985000 1.784974 0.175820 0.439687 
2.000000 0.975000 1.784974 0.174035 0.439687 
2.000000 0.965000 1.784974 0.172250 0.439687 
2.000000 0.955000 1.784974 0.170465 0.439687 
2.000000 0.945000 1.784974 0.168680 0.439687 
2.000000 0.935000 1.784974 0.166895 0.439687 
2.000000 0.925000 1.784974 0.165110 0.439687 
2.000000 0.915000 1.784974 0.163325 0.439687 
2.000000 0.905000 1.784974 0.161540 0.439687 
2.000000 0.895000 1.784974 0.159755 0.439687 
2.000000 0.885000 1.784974 0.157970 0.439687 
2.000000 0.875000 1.784974 0.156185 0.439687 
2.000000 0.865000 1.784974 0.154400 0.439687 
2.000000 0.855000 1.784974 0.152615 0.439687 
2.000000 0.845000 1.784974 0.150830 0.439687 
2.000000 0.835000 1.784974 0.149045 0.439687 
2.000000 0.825000 1.784974 0.147260 0.439687 
2.000000 0.815000 1.784974 0.145475 0.439687 
2.000000 0.805000 1.784974 0.143690 0.439687 
2.000000 0.795000 1.784974 0.141905 0.439687 
2.000000 0.785000 1.784974 0.140120 0.439687 
2.000000 0.775000 1.784974 0.138335 0.439687 
2.000000 0.765000 1.784974 0.136551 0.439687 
2.000000 0.755000 1.784974 0.134766 0.439687 
2.000000 0.745000 1.784974 0.132981 0.439687 
2.000000 0.735000 1.784974 0.131196 0.439687 
2.000000 0.725000 1.784974 0.129411 0.439687 
2.000000 0.715000 1.784974 0.127626 0.439687 
2.000000 0.705000 1.784974 0.125841 0.439687 
2.000000 0.695000 1.784974 0.124056 0.439687 
2.000000 0.685000 1.784974 0.122271 0.439687 
2.000000 0.675000 1.784974 0.120486 0.439687 
2.000000 0.665000 1.784974 0.118701 0.439687 
2.000000 0.655000 1.784974 0.116916 0.439687 
2.000000 0.645000 1.784974 0.115131 0.439687 
2.000000 0.635000 1.784974 0.113346 0.439687 
2.000000 0.625000 1.784974 0.111561 0.439687 
2.000000 0.615000 1.784974 0.109776 0.439687 
2.000000 0.605000 1.784974 0.107991 0.439687 
2.000000 0.595000 1.784974 0.106206 0.439687 
2.000000 0.585000 1.784974 0.104421 0.439687 
2.000000 0.575000 1.784974 0.102636 0.439687 
2.000000 0.565000 1.784974 0.100851 0.439687 
2.000000 0.555000 1.784974 0.099066 0.439687 
2.000000 0.545000 1.784974 0.097281 0.439687 
2.000000 0.535000 1.784974 0.095496 0.439687 
2.000000 0.525000 1.784974 0.093711 0.439687 
2.000000 0.515000 1.784974 0.091926 0.439687 
2.000000 0.505000 1.784974 0.090141 0.439687 
2.000000 0.495000 1.784974 0.088356 0.439687 
2.000000 0.485000 1.784974 0.086571 0.439687 
2.000000 0.475000 1.784974 0.084786 0.439687 
2.000000 0.465000 1.784974 0.083001 0.439687 
2.000000 0.455000 1.784974 0.081216 0.439687 
2.000000 0.445000 1.784974 0.079431 0.439687 
1.996915 0.435000 1.784974 0.077646 0.434606 
1.990661 0.425000 1.784974 0.075861 0.423059 
1.985895 0.415000 1.784974 0.074076 0.414416 
1.979441 0.405000 1.784974 0.072291 0.402913 
1.974525 0.395000 1.784974 0.070506 0.394301 
1.967870 0.385000 1.784974 0.068721 0.382839 
1.962803 0.375000 1.784974 0.066937 0.374256 
1.955945 0.365000 1.784974 0.065152 0.362830 
1.950726 0.355000 1.784974 0.063367 0.354272 
1.943664 0.345000 1.784974 0.061582 0.342878 
1.938292 0.335000 1.784974 0.059797 0.334342 
1.931025 0.325000 1.784974 0.058012 0.322974 
1.925498 0.315000 1.784974 0.056227 0.314456 
1.918024 0.305000 1.784974 0.054442 0.303110 
1.912341 0.295000 1.784974 0.052657 0.294607 
1.904659 0.285000 1.784974 0.050872 0.283276 
1.898819 0.275000 1.784974 0.049087 0.274783 
1.890927 0.265000 1.784974 0.047302 0.263463 
1.884928 0.255000 1.784974 0.045517 0.254975 
1.876824 0.245000 1.784974 0.043732 0.243660 
1.868599 0.235000 1.784974 0.041947 0.232345 
1.862349 0.225000 1.784974 0.040162 0.223858 
1.853908 0.215000 1.784974 0.038377 0.212538 
1.847496 0.205000 1.784974 0.036592 0.204044 
1.838839 0.195000 1.784974 0.034807 0.192713 
1.832264 0.185000 1.784974 0.033022 0.184209 
1.823388 0.175000 1.784974 0.031237 0.172861 
1.816648 0.165000 1.784974 0.029452 0.164341 
1.807551 0.155000 1.784974 0.027667 0.152969 
1.800645 0.145000 1.784974 0.025882 0.144429 
1.791325 0.135000 1.784974 0.024097 0.133025 
1.784250 0.125000 1.784974 0.022312 0.124459 
1.774705 0.115000 1.784974 0.020527 0.113018 
1.767461 0.105000 1.784974 0.018742 0.104421 
1.757688 0.095000 1.784974 0.016957 0.092935 
1.750272 0.085000 1.784974 0.015172 0.084302 
1.740269 0.075000 1.784974 0.013387 0.072763 
1.732680 0.065000 1.784974 0.011602 0.064087 
1.722444 0.055000 1.784974 0.009817 0.052489 
1.714679 0.045000 1.784974 0.008032 0.043765 
1.704208 0.035000 1.784974 0.006247 0.032099 
1.696266 0.025000 1.784974 0.004462 0.023321 
1.688247 0.015000 1.784974 0.002677 0.014518 
