2.000000 9.985000 38.456096 38.398412 2.486430 
2.000000 9.975000 38.456096 38.359956 2.486430 
2.000000 9.965000 38.456096 38.321500 2.486430 
2.000000 9.955000 38.456096 38.283044 2.486430 
2.000000 9.945000 38.456096 38.244588 2.486430 
2.000000 9.935000 38.456096 38.206132 2.486430 
2.000000 9.925000 38.456096 38.167675 2.486430 
2.000000 9.915000 38.456096 38.129219 2.486430 
2.000000 9.905000 38.456096 38.090763 2.486430 
2.000000 9.895000 38.456096 38.052307 2.486430 
2.000000 9.885000 38.456096 38.013851 2.486430 
2.000000 9.875000 38.456096 37.975395 2.486430 
2.000000 9.865000 38.456096 37.936939 2.486430 
2.000000 9.855000 38.456096 37.898483 2.486430 
2.000000 9.845000 38.456096 37.860027 2.486430 
2.000000 9.835000 38.456096 37.821571 2.486430 
2.000000 9.825000 38.456096 37.783115 2.486430 
2.000000 9.815000 38.456096 37.744658 2.486430 
2.000000 9.805000 38.456096 37.706202 2.486430 
2.000000 9.795000 38.456096 37.667746 2.486430 
2.000000 9.785000 38.456096 37.629290 2.486430 
2.000000 9.775000 38.456096 37.590834 2.486430 
2.000000 9.765000 38.456096 37.552378 2.486430 
2.000000 9.755000 38.456096 37.513922 2.486430 
2.000000 9.745000 38.456096 37.475466 2.486430 
2.000000 9.735000 38.456096 37.437010 2.486430 
2.000000 9.725000 38.456096 37.398554 2.486430 
2.000000 9.715000 38.456096 37.360097 2.486430 
2.000000 9.705000 38.456096 37.321641 2.486430 
2.000000 9.695000 38.456096 37.283185 2.486430 
2.000000 9.685000 38.456096 37.244729 2.486430 
2.000000 9.675000 38.456096 37.206273 2.486430 
2.000000 9.665000 38.456096 37.167817 2.486430 
2.000000 9.655000 38.456096 37.129361 2.486430 
2.000000 9.645000 38.456096 37.090905 2.486430 
2.000000 9.635000 38.456096 37.052449 2.486430 
2.000000 9.625000 38.456096 37.013993 2.486430 
2.000000 9.615000 38.456096 36.975536 2.486430 
2.000000 9.605000 38.456096 36.937080 2.486430 
2.000000 9.595000 38.456096 36.898624 2.486430 
2.000000 9.585000 38.456096 36.860168 2.486430 
2.000000 9.575000 38.456096 36.821712 2.486430 
2.000000 9.565000 38.456096 36.783256 2.486430 
2.000000 9.555000 38.456096 36.744800 2.486430 
2.000000 9.545000 38.456096 36.706344 2.486430 
2.000000 9.535000 38.456096 36.667888 2.486430 
2.000000 9.525000 38.456096 36.629432 2.486430 
2.000000 9.515000 38.456096 36.590976 2.486430 
2.000000 9.505000 38.456096 36.552519 2.486430 
2.000000 9.495000 38.456096 36.514063 2.486430 
2.000000 9.485000 38.456096 36.475607 2.486430 
2.000000 9.475000 38.456096 36.437151 2.486430 
2.000000 9.465000 38.456096 36.398695 2.486430 
2.000000 9.455000 38.456096 36.360239 2.486430 
2.000000 9.445000 38.456096 36.321783 2.486430 
2.000000 9.435000 38.456096 36.283327 2.486430 
2.000000 9.425000 38.456096 36.244871 2.486430 
2.000000 9.415000 38.456096 36.206415 2.486430 
2.000000 9.405000 38.456096 36.167958 2.486430 
2.000000 9.395000 38.456096 36.129502 2.486430 
2.000000 9.385000 38.456096 36.091046 2.486430 
2.000000 9.375000 38.456096 36.052590 2.486430 
2.000000 9.365000 38.456096 36.014134 2.486430 
2.000000 9.355000 38.456096 35.975678 2.486430 
2.000000 9.345000 38.456096 35.937222 2.486430 
2.000000 9.335000 38.456096 35.898766 2.486430 
2.000000 9.325000 38.456096 35.860310 2.486430 
2.000000 9.315000 38.456096 35.821854 2.486430 
2.000000 9.305000 38.456096 35.783398 2.486430 
2.000000 9.295000 38.456096 35.744941 2.486430 
2.000000 9.285000 38.456096 35.706485 2.486430 
2.000000 9.275000 38.456096 35.668029 2.486430 
2.000000 9.265000 38.456096 35.629573 2.486430 
2.000000 9.255000 38.456096 35.591117 2.486430 
2.000000 9.245000 38.456096 35.552661 2.486430 
2.000000 9.235000 38.456096 35.514205 2.486430 
2.000000 9.225000 38.456096 35.475749 2.486430 
2.000000 9.215000 38.456096 35.437293 2.486430 
2.000000 9.205000 38.456096 35.398837 2.486430 
2.000000 9.195000 38.456096 35.360380 2.486430 
2.000000 9.185000 38.456096 35.321924 2.486430 
2.000000 9.175000 38.456096 35.283468 2.486430 
2.000000 9.165000 38.456096 35.245012 2.486430 
2.000000 9.155000 38.456096 35.206556 2.486430 
2.000000 9.145000 38.456096 35.168100 2.486430 
2.000000 9.135000 38.456096 35.129644 2.486430 
2.000000 9.125000 38.456096 35.091188 2.486430 
2.000000 9.115000 38.456096 35.052732 2.486430 
2.000000 9.105000 38.456096 35.014276 2.486430 
2.000000 9.095000 38.456096 34.975819 2.486430 
2.000000 9.085000 38.456096 34.937363 2.486430 
2.000000 9.075000 38.456096 34.898907 2.486430 
2.000000 9.065000 38.456096 34.860451 2.486430 
2.000000 9.055000 38.456096 34.821995 2.486430 
2.000000 9.045000 38.456096 34.783539 2.486430 
2.000000 9.035000 38.456096 34.745083 2.486430 
2.000000 9.025000 38.456096 34.706627 2.486430 
2.000000 9.015000 38.456096 34.668171 2.486430 
2.000000 9.005000 38.456096 34.629715 2.486430 
2.000000 8.995000 38.456096 34.591259 2.486430 
2.000000 8.985000 38.456096 34.552802 2.486430 
2.000000 8.975000 38.456096 34.514346 2.486430 
2.000000 8.965000 38.456096 34.475890 2.486430 
2.000000 8.955000 38.456096 34.437434 2.486430 
2.000000 8.945000 38.456096 34.398978 2.486430 
2.000000 8.935000 38.456096 34.360522 2.486430 
2.000000 8.925000 38.456096 34.322066 2.486430 
2.000000 8.915000 38.456096 34.283610 2.486430 
2.000000 8.905000 38.456096 34.245154 2.486430 
2.000000 8.895000 38.456096 34.206698 2.486430 
2.000000 8.885000 38.456096 34.168241 2.486430 
2.000000 8.875000 38.456096 34.129785 2.486430 
2.000000 8.865000 38.456096 34.091329 2.486430 
2.000000 8.855000 38.456096 34.052873 2.486430 
2.000000 8.845000 38.456096 34.014417 2.486430 
2.000000 8.835000 38.456096 33.975961 2.486430 
2.000000 8.825000 38.456096 33.937505 2.486430 
2.000000 8.815000 38.456096 33.899049 2.486430 
2.000000 8.805000 38.456096 33.860593 2.486430 
2.000000 8.795000 38.456096 33.822137 2.486430 
2.000000 8.785000 38.456096 33.783681 2.486430 
2.000000 8.775000 38.456096 33.745224 2.486430 
2.000000 8.765000 38.456096 33.706768 2.486430 
2.000000 8.755000 38.456096 33.668312 2.486430 
2.000000 8.745000 38.456096 33.629856 2.486430 
2.000000 8.735000 38.456096 33.591400 2.486430 
2.000000 8.725000 38.456096 33.552944 2.486430 
2.000000 8.715000 38.456096 33.514488 2.486430 
2.000000 8.705000 38.456096 33.476032 2.486430 
2.000000 8.695000 38.456096 33.437576 2.486430 
2.000000 8.685000 38.456096 33.399120 2.486430 
2.000000 8.675000 38.456096 33.360663 2.486430 
2.000000 8.665000 38.456096 33.322207 2.486430 
2.000000 8.655000 38.456096 33.283751 2.486430 
2.000000 8.645000 38.456096 33.245295 2.486430 
2.000000 8.635000 38.456096 33.206839 2.486430 
2.000000 8.625000 38.456096 33.168383 2.486430 
2.000000 8.615000 38.456096 33.129927 2.486430 
2.000000 8.605000 38.456096 33.091471 2.486430 
2.000000 8.595000 38.456096 33.053015 2.486430 
2.000000 8.585000 38.456096 33.014559 2.486430 
2.000000 8.575000 38.456096 32.976102 2.486430 
2.000000 8.565000 38.456096 32.937646 2.486430 
2.000000 8.555000 38.456096 32.899190 2.486430 
2.000000 8.545000 38.456096 32.860734 2.486430 
2.000000 8.535000 38.456096 32.822278 2.486430 
2.000000 8.525000 38.456096 32.783822 2.486430 
2.000000 8.515000 38.456096 32.745366 2.486430 
2.000000 8.505000 38.456096 32.706910 2.486430 
2.000000 8.495000 38.456096 32.668454 2.486430 
2.000000 8.485000 38.456096 32.629998 2.486430 
2.000000 8.475000 38.456096 32.591542 2.486430 
2.000000 8.465000 38.456096 32.553085 2.486430 
2.000000 8.455000 38.456096 32.514629 2.486430 
2.000000 8.445000 38.456096 32.476173 2.486430 
2.000000 8.435000 38.456096 32.437717 2.486430 
2.000000 8.425000 38.456096 32.399261 2.486430 
2.000000 8.415000 38.456096 32.360805 2.486430 
2.000000 8.405000 38.456096 32.322349 2.486430 
2.000000 8.395000 38.456096 32.283893 2.486430 
2.000000 8.385000 38.456096 32.245437 2.486430 
2.000000 8.375000 38.456096 32.206981 2.486430 
2.000000 8.365000 38.456096 32.168524 2.486430 
2.000000 8.355000 38.456096 32.130068 2.486430 
2.000000 8.345000 38.456096 32.091612 2.486430 
2.000000 8.335000 38.456096 32.053156 2.486430 
2.000000 8.325000 38.456096 32.014700 2.486430 
2.000000 8.315000 38.456096 31.976244 2.486430 
2.000000 8.305000 38.456096 31.937788 2.486430 
2.000000 8.295000 38.456096 31.899332 2.486430 
2.000000 8.285000 38.456096 31.860876 2.486430 
2.000000 8.275000 38.456096 31.822420 2.486430 
2.000000 8.265000 38.456096 31.783964 2.486430 
2.000000 8.255000 38.456096 31.745507 2.486430 
2.000000 8.245000 38.456096 31.707051 2.486430 
2.000000 8.235000 38.456096 31.668595 2.486430 
2.000000 8.225000 38.456096 31.630139 2.486430 
2.000000 8.215000 38.456096 31.591683 2.486430 
2.000000 8.205000 38.456096 31.553227 2.486430 
2.000000 8.195000 38.456096 31.514771 2.486430 
2.000000 8.185000 38.456096 31.476315 2.486430 
2.000000 8.175000 38.456096 31.437859 2.486430 
2.000000 8.165000 38.456096 31.399403 2.486430 
2.000000 8.155000 38.456096 31.360946 2.486430 
2.000000 8.145000 38.456096 31.322490 2.486430 
2.000000 8.135000 38.456096 31.284034 2.486430 
2.000000 8.125000 38.456096 31.245578 2.486430 
2.000000 8.115000 38.456096 31.207122 2.486430 
2.000000 8.105000 38.456096 31.168666 2.486430 
2.000000 8.095000 38.456096 31.130210 2.486430 
2.000000 8.085000 38.456096 31.091754 2.486430 
2.000000 8.075000 38.456096 31.053298 2.486430 
2.000000 8.065000 38.456096 31.014842 2.486430 
2.000000 8.055000 38.456096 30.976385 2.486430 
2.000000 8.045000 38.456096 30.937929 2.486430 
2.000000 8.035000 38.456096 30.899473 2.486430 
2.000000 8.025000 38.456096 30.861017 2.486430 
2.000000 8.015000 38.456096 30.822561 2.486430 
2.000000 8.005000 38.456096 30.784105 2.486430 
2.000000 7.995000 38.456096 30.745649 2.486430 
2.000000 7.985000 38.456096 30.707193 2.486430 
2.000000 7.975000 38.456096 30.668737 2.486430 
2.000000 7.965000 38.456096 30.630281 2.486430 
2.000000 7.955000 38.456096 30.591825 2.486430 
2.000000 7.945000 38.456096 30.553368 2.486430 
2.000000 7.935000 38.456096 30.514912 2.486430 
2.000000 7.925000 38.456096 30.476456 2.486430 
2.000000 7.915000 38.456096 30.438000 2.486430 
2.000000 7.905000 38.456096 30.399544 2.486430 
2.000000 7.895000 38.456096 30.361088 2.486430 
2.000000 7.885000 38.456096 30.322632 2.486430 
2.000000 7.875000 38.456096 30.284176 2.486430 
2.000000 7.865000 38.456096 30.245720 2.486430 
2.000000 7.855000 38.456096 30.207264 2.486430 
2.000000 7.845000 38.456096 30.168807 2.486430 
2.000000 7.835000 38.456096 30.130351 2.486430 
2.000000 7.825000 38.456096 30.091895 2.486430 
2.000000 7.815000 38.456096 30.053439 2.486430 
2.000000 7.805000 38.456096 30.014983 2.486430 
2.000000 7.795000 38.456096 29.976527 2.486430 
2.000000 7.785000 38.456096 29.938071 2.486430 
2.000000 7.775000 38.456096 29.899615 2.486430 
2.000000 7.765000 38.456096 29.861159 2.486430 
2.000000 7.755000 38.456096 29.822703 2.486430 
2.000000 7.745000 38.456096 29.784247 2.486430 
2.000000 7.735000 38.456096 29.745790 2.486430 
2.000000 7.725000 38.456096 29.707334 2.486430 
2.000000 7.715000 38.456096 29.668878 2.486430 
2.000000 7.705000 38.456096 29.630422 2.486430 
2.000000 7.695000 38.456096 29.591966 2.486430 
2.000000 7.685000 38.456096 29.553510 2.486430 
2.000000 7.675000 38.456096 29.515054 2.486430 
2.000000 7.665000 38.456096 29.476598 2.486430 
2.000000 7.655000 38.456096 29.438142 2.486430 
2.000000 7.645000 38.456096 29.399686 2.486430 
2.000000 7.635000 38.456096 29.361229 2.486430 
2.000000 7.625000 38.456096 29.322773 2.486430 
2.000000 7.615000 38.456096 29.284317 2.486430 
2.000000 7.605000 38.456096 29.245861 2.486430 
2.000000 7.595000 38.456096 29.207405 2.486430 
2.000000 7.585000 38.456096 29.168949 2.486430 
2.000000 7.575000 38.456096 29.130493 2.486430 
2.000000 7.565000 38.456096 29.092037 2.486430 
2.000000 7.555000 38.456096 29.053581 2.486430 
2.000000 7.545000 38.456096 29.015125 2.486430 
2.000000 7.535000 38.456096 28.976668 2.486430 
2.000000 7.525000 38.456096 28.938212 2.486430 
2.000000 7.515000 38.456096 28.899756 2.486430 
2.000000 7.505000 38.456096 28.861300 2.486430 
2.000000 7.495000 38.456096 28.822844 2.486430 
2.000000 7.485000 38.456096 28.784388 2.486430 
2.000000 7.475000 38.456096 28.745932 2.486430 
2.000000 7.465000 38.456096 28.707476 2.486430 
2.000000 7.455000 38.456096 28.669020 2.486430 
2.000000 7.445000 38.456096 28.630564 2.486430 
2.000000 7.435000 38.456096 28.592108 2.486430 
2.000000 7.425000 38.456096 28.553651 2.486430 
2.000000 7.415000 38.456096 28.515195 2.486430 
2.000000 7.405000 38.456096 28.476739 2.486430 
2.000000 7.395000 38.456096 28.438283 2.486430 
2.000000 7.385000 38.456096 28.399827 2.486430 
2.000000 7.375000 38.456096 28.361371 2.486430 
2.000000 7.365000 38.456096 28.322915 2.486430 
2.000000 7.355000 38.456096 28.284459 2.486430 
2.000000 7.345000 38.456096 28.246003 2.486430 
2.000000 7.335000 38.456096 28.207547 2.486430 
2.000000 7.325000 38.456096 28.169090 2.486430 
2.000000 7.315000 38.456096 28.130634 2.486430 
2.000000 7.305000 38.456096 28.092178 2.486430 
2.000000 7.295000 38.456096 28.053722 2.486430 
2.000000 7.285000 38.456096 28.015266 2.486430 
2.000000 7.275000 38.456096 27.976810 2.486430 
2.000000 7.265000 38.456096 27.938354 2.486430 
2.000000 7.255000 38.456096 27.899898 2.486430 
2.000000 7.245000 38.456096 27.861442 2.486430 
2.000000 7.235000 38.456096 27.822986 2.486430 
2.000000 7.225000 38.456096 27.784530 2.486430 
2.000000 7.215000 38.456096 27.746073 2.486430 
2.000000 7.205000 38.456096 27.707617 2.486430 
2.000000 7.195000 38.456096 27.669161 2.486430 
2.000000 7.185000 38.456096 27.630705 2.486430 
2.000000 7.175000 38.456096 27.592249 2.486430 
2.000000 7.165000 38.456096 27.553793 2.486430 
2.000000 7.155000 38.456096 27.515337 2.486430 
2.000000 7.145000 38.456096 27.476881 2.486430 
2.000000 7.135000 38.456096 27.438425 2.486430 
2.000000 7.125000 38.456096 27.399969 2.486430 
2.000000 7.115000 38.456096 27.361512 2.486430 
2.000000 7.105000 38.456096 27.323056 2.486430 
2.000000 7.095000 38.456096 27.284600 2.486430 
2.000000 7.085000 38.456096 27.246144 2.486430 
2.000000 7.075000 38.456096 27.207688 2.486430 
2.000000 7.065000 38.456096 27.169232 2.486430 
2.000000 7.055000 38.456096 27.130776 2.486430 
2.000000 7.045000 38.456096 27.092320 2.486430 
2.000000 7.035000 38.456096 27.053864 2.486430 
2.000000 7.025000 38.456096 27.015408 2.486430 
2.000000 7.015000 38.456096 26.976951 2.486430 
2.000000 7.005000 38.456096 26.938495 2.486430 
2.000000 6.995000 38.456096 26.900039 2.486430 
2.000000 6.985000 38.456096 26.861583 2.486430 
2.000000 6.975000 38.456096 26.823127 2.486430 
2.000000 6.965000 38.456096 26.784671 2.486430 
2.000000 6.955000 38.456096 26.746215 2.486430 
2.000000 6.945000 38.456096 26.707759 2.486430 
2.000000 6.935000 38.456096 26.669303 2.486430 
2.000000 6.925000 38.456096 26.630847 2.486430 
2.000000 6.915000 38.456096 26.592391 2.486430 
2.000000 6.905000 38.456096 26.553934 2.486430 
2.000000 6.895000 38.456096 26.515478 2.486430 
2.000000 6.885000 38.456096 26.477022 2.486430 
2.000000 6.875000 38.456096 26.438566 2.486430 
2.000000 6.865000 38.456096 26.400110 2.486430 
2.000000 6.855000 38.456096 26.361654 2.486430 
2.000000 6.845000 38.456096 26.323198 2.486430 
2.000000 6.835000 38.456096 26.284742 2.486430 
2.000000 6.825000 38.456096 26.246286 2.486430 
2.000000 6.815000 38.456096 26.207830 2.486430 
2.000000 6.805000 38.456096 26.169373 2.486430 
2.000000 6.795000 38.456096 26.130917 2.486430 
2.000000 6.785000 38.456096 26.092461 2.486430 
2.000000 6.775000 38.456096 26.054005 2.486430 
2.000000 6.765000 38.456096 26.015549 2.486430 
2.000000 6.755000 38.456096 25.977093 2.486430 
2.000000 6.745000 38.456096 25.938637 2.486430 
2.000000 6.735000 38.456096 25.900181 2.486430 
2.000000 6.725000 38.456096 25.861725 2.486430 
2.000000 6.715000 38.456096 25.823269 2.486430 
2.000000 6.705000 38.456096 25.784812 2.486430 
2.000000 6.695000 38.456096 25.746356 2.486430 
2.000000 6.685000 38.456096 25.707900 2.486430 
2.000000 6.675000 38.456096 25.669444 2.486430 
2.000000 6.665000 38.456096 25.630988 2.486430 
2.000000 6.655000 38.456096 25.592532 2.486430 
2.000000 6.645000 38.456096 25.554076 2.486430 
2.000000 6.635000 38.456096 25.515620 2.486430 
2.000000 6.625000 38.456096 25.477164 2.486430 
2.000000 6.615000 38.456096 25.438708 2.486430 
2.000000 6.605000 38.456096 25.400252 2.486430 
2.000000 6.595000 38.456096 25.361795 2.486430 
2.000000 6.585000 38.456096 25.323339 2.486430 
2.000000 6.575000 38.456096 25.284883 2.486430 
2.000000 6.565000 38.456096 25.246427 2.486430 
2.000000 6.555000 38.456096 25.207971 2.486430 
2.000000 6.545000 38.456096 25.169515 2.486430 
2.000000 6.535000 38.456096 25.131059 2.486430 
2.000000 6.525000 38.456096 25.092603 2.486430 
2.000000 6.515000 38.456096 25.054147 2.486430 
2.000000 6.505000 38.456096 25.015691 2.486430 
2.000000 6.495000 38.456096 24.977234 2.486430 
2.000000 6.485000 38.456096 24.938778 2.486430 
2.000000 6.475000 38.456096 24.900322 2.486430 
2.000000 6.465000 38.456096 24.861866 2.486430 
2.000000 6.455000 38.456096 24.823410 2.486430 
2.000000 6.445000 38.456096 24.784954 2.486430 
2.000000 6.435000 38.456096 24.746498 2.486430 
2.000000 6.425000 38.456096 24.708042 2.486430 
2.000000 6.415000 38.456096 24.669586 2.486430 
2.000000 6.405000 38.456096 24.631130 2.486430 
2.000000 6.395000 38.456096 24.592674 2.486430 
2.000000 6.385000 38.456096 24.554217 2.486430 
2.000000 6.375000 38.456096 24.515761 2.486430 
2.000000 6.365000 38.456096 24.477305 2.486430 
2.000000 6.355000 38.456096 24.438849 2.486430 
2.000000 6.345000 38.456096 24.400393 2.486430 
2.000000 6.335000 38.456096 24.361937 2.486430 
2.000000 6.325000 38.456096 24.323481 2.486430 
2.000000 6.315000 38.456096 24.285025 2.486430 
2.000000 6.305000 38.456096 24.246569 2.486430 
2.000000 6.295000 38.456096 24.208113 2.486430 
2.000000 6.285000 38.456096 24.169656 2.486430 
2.000000 6.275000 38.456096 24.131200 2.486430 
2.000000 6.265000 38.456096 24.092744 2.486430 
2.000000 6.255000 38.456096 24.054288 2.486430 
2.000000 6.245000 38.456096 24.015832 2.486430 
2.000000 6.235000 38.456096 23.977376 2.486430 
2.000000 6.225000 38.456096 23.938920 2.486430 
2.000000 6.215000 38.456096 23.900464 2.486430 
2.000000 6.205000 38.456096 23.862008 2.486430 
2.000000 6.195000 38.456096 23.823552 2.486430 
2.000000 6.185000 38.456096 23.785095 2.486430 
2.000000 6.175000 38.456096 23.746639 2.486430 
2.000000 6.165000 38.456096 23.708183 2.486430 
2.000000 6.155000 38.456096 23.669727 2.486430 
2.000000 6.145000 38.456096 23.631271 2.486430 
2.000000 6.135000 38.456096 23.592815 2.486430 
2.000000 6.125000 38.456096 23.554359 2.486430 
2.000000 6.115000 38.456096 23.515903 2.486430 
2.000000 6.105000 38.456096 23.477447 2.486430 
2.000000 6.095000 38.456096 23.438991 2.486430 
2.000000 6.085000 38.456096 23.400535 2.486430 
2.000000 6.075000 38.456096 23.362078 2.486430 
2.000000 6.065000 38.456096 23.323622 2.486430 
2.000000 6.055000 38.456096 23.285166 2.486430 
2.000000 6.045000 38.456096 23.246710 2.486430 
2.000000 6.035000 38.456096 23.208254 2.486430 
2.000000 6.025000 38.456096 23.169798 2.486430 
2.000000 6.015000 38.456096 23.131342 2.486430 
2.000000 6.005000 38.456096 23.092886 2.486430 
2.000000 5.995000 38.456096 23.054430 2.486430 
2.000000 5.985000 38.456096 23.015974 2.486430 
2.000000 5.975000 38.456096 22.977517 2.486430 
2.000000 5.965000 38.456096 22.939061 2.486430 
2.000000 5.955000 38.456096 22.900605 2.486430 
2.000000 5.945000 38.456096 22.862149 2.486430 
2.000000 5.935000 38.456096 22.823693 2.486430 
2.000000 5.925000 38.456096 22.785237 2.486430 
2.000000 5.915000 38.456096 22.746781 2.486430 
2.000000 5.905000 38.456096 22.708325 2.486430 
2.000000 5.895000 38.456096 22.669869 2.486430 
2.000000 5.885000 38.456096 22.631413 2.486430 
2.000000 5.875000 38.456096 22.592957 2.486430 
2.000000 5.865000 38.456096 22.554500 2.486430 
2.000000 5.855000 38.456096 22.516044 2.486430 
2.000000 5.845000 38.456096 22.477588 2.486430 
2.000000 5.835000 38.456096 22.439132 2.486430 
2.000000 5.825000 38.456096 22.400676 2.486430 
2.000000 5.815000 38.456096 22.362220 2.486430 
2.000000 5.805000 38.456096 22.323764 2.486430 
2.000000 5.795000 38.456096 22.285308 2.486430 
2.000000 5.785000 38.456096 22.246852 2.486430 
2.000000 5.775000 38.456096 22.208396 2.486430 
2.000000 5.765000 38.456096 22.169939 2.486430 
2.000000 5.755000 38.456096 22.131483 2.486430 
2.000000 5.745000 38.456096 22.093027 2.486430 
2.000000 5.735000 38.456096 22.054571 2.486430 
2.000000 5.725000 38.456096 22.016115 2.486430 
2.000000 5.715000 38.456096 21.977659 2.486430 
2.000000 5.705000 38.456096 21.939203 2.486430 
2.000000 5.695000 38.456096 21.900747 2.486430 
2.000000 5.685000 38.456096 21.862291 2.486430 
2.000000 5.675000 38.456096 21.823835 2.486430 
2.000000 5.665000 38.456096 21.785378 2.486430 
2.000000 5.655000 38.456096 21.746922 2.486430 
2.000000 5.645000 38.456096 21.708466 2.486430 
2.000000 5.635000 38.456096 21.670010 2.486430 
2.000000 5.625000 38.456096 21.631554 2.486430 
2.000000 5.615000 38.456096 21.593098 2.486430 
2.000000 5.605000 38.456096 21.554642 2.486430 
2.000000 5.595000 38.456096 21.516186 2.486430 
2.000000 5.585000 38.456096 21.477730 2.486430 
2.000000 5.575000 38.456096 21.439274 2.486430 
2.000000 5.565000 38.456096 21.400818 2.486430 
2.000000 5.555000 38.456096 21.362361 2.486430 
2.000000 5.545000 38.456096 21.323905 2.486430 
2.000000 5.535000 38.456096 21.285449 2.486430 
2.000000 5.525000 38.456096 21.246993 2.486430 
2.000000 5.515000 38.456096 21.208537 2.486430 
2.000000 5.505000 38.456096 21.170081 2.486430 
2.000000 5.495000 38.456096 21.131625 2.486430 
2.000000 5.485000 38.456096 21.093169 2.486430 
2.000000 5.475000 38.456096 21.054713 2.486430 
2.000000 5.465000 38.456096 21.016257 2.486430 
2.000000 5.455000 38.456096 20.977800 2.486430 
2.000000 5.445000 38.456096 20.939344 2.486430 
2.000000 5.435000 38.456096 20.900888 2.486430 
2.000000 5.425000 38.456096 20.862432 2.486430 
2.000000 5.415000 38.456096 20.823976 2.486430 
2.000000 5.405000 38.456096 20.785520 2.486430 
2.000000 5.395000 38.456096 20.747064 2.486430 
2.000000 5.385000 38.456096 20.708608 2.486430 
2.000000 5.375000 38.456096 20.670152 2.486430 
2.000000 5.365000 38.456096 20.631696 2.486430 
2.000000 5.355000 38.456096 20.593240 2.486430 
2.000000 5.345000 38.456096 20.554783 2.486430 
2.000000 5.335000 38.456096 20.516327 2.486430 
2.000000 5.325000 38.456096 20.477871 2.486430 
2.000000 5.315000 38.456096 20.439415 2.486430 
2.000000 5.305000 38.456096 20.400959 2.486430 
2.000000 5.295000 38.456096 20.362503 2.486430 
2.000000 5.285000 38.456096 20.324047 2.486430 
2.000000 5.275000 38.456096 20.285591 2.486430 
2.000000 5.265000 38.456096 20.247135 2.486430 
2.000000 5.255000 38.456096 20.208679 2.486430 
2.000000 5.245000 38.456096 20.170222 2.486430 
2.000000 5.235000 38.456096 20.131766 2.486430 
2.000000 5.225000 38.456096 20.093310 2.486430 
2.000000 5.215000 38.456096 20.054854 2.486430 
2.000000 5.205000 38.456096 20.016398 2.486430 
2.000000 5.195000 38.456096 19.977942 2.486430 
2.000000 5.185000 38.456096 19.939486 2.486430 
2.000000 5.175000 38.456096 19.901030 2.486430 
2.000000 5.165000 38.456096 19.862574 2.486430 
2.000000 5.155000 38.456096 19.824118 2.486430 
2.000000 5.145000 38.456096 19.785661 2.486430 
2.000000 5.135000 38.456096 19.747205 2.486430 
2.000000 5.125000 38.456096 19.708749 2.486430 
2.000000 5.115000 38.456096 19.670293 2.486430 
2.000000 5.105000 38.456096 19.631837 2.486430 
2.000000 5.095000 38.456096 19.593381 2.486430 
2.000000 5.085000 38.456096 19.554925 2.486430 
2.000000 5.075000 38.456096 19.516469 2.486430 
2.000000 5.065000 38.456096 19.478013 2.486430 
2.000000 5.055000 38.456096 19.439557 2.486430 
2.000000 5.045000 38.456096 19.401101 2.486430 
2.000000 5.035000 38.456096 19.362644 2.486430 
2.000000 5.025000 38.456096 19.324188 2.486430 
2.000000 5.015000 38.456096 19.285732 2.486430 
2.000000 5.005000 38.456096 19.247276 2.486430 
2.000000 4.995000 38.456096 19.208820 2.486430 
2.000000 4.985000 38.456096 19.170364 2.486430 
2.000000 4.975000 38.456096 19.131908 2.486430 
2.000000 4.965000 38.456096 19.093452 2.486430 
2.000000 4.955000 38.456096 19.054996 2.486430 
2.000000 4.945000 38.456096 19.016540 2.486430 
2.000000 4.935000 38.456096 18.978083 2.486430 
2.000000 4.925000 38.456096 18.939627 2.486430 
2.000000 4.915000 38.456096 18.901171 2.486430 
2.000000 4.905000 38.456096 18.862715 2.486430 
2.000000 4.895000 38.456096 18.824259 2.486430 
2.000000 4.885000 38.456096 18.785803 2.486430 
2.000000 4.875000 38.456096 18.747347 2.486430 
2.000000 4.865000 38.456096 18.708891 2.486430 
2.000000 4.855000 38.456096 18.670435 2.486430 
2.000000 4.845000 38.456096 18.631979 2.486430 
2.000000 4.835000 38.456096 18.593523 2.486430 
2.000000 4.825000 38.456096 18.555066 2.486430 
2.000000 4.815000 38.456096 18.516610 2.486430 
2.000000 4.805000 38.456096 18.478154 2.486430 
2.000000 4.795000 38.456096 18.439698 2.486430 
2.000000 4.785000 38.456096 18.401242 2.486430 
2.000000 4.775000 38.456096 18.362786 2.486430 
2.000000 4.765000 38.456096 18.324330 2.486430 
2.000000 4.755000 38.456096 18.285874 2.486430 
2.000000 4.745000 38.456096 18.247418 2.486430 
2.000000 4.735000 38.456096 18.208962 2.486430 
2.000000 4.725000 38.456096 18.170505 2.486430 
2.000000 4.715000 38.456096 18.132049 2.486430 
2.000000 4.705000 38.456096 18.093593 2.486430 
2.000000 4.695000 38.456096 18.055137 2.486430 
2.000000 4.685000 38.456096 18.016681 2.486430 
2.000000 4.675000 38.456096 17.978225 2.486430 
2.000000 4.665000 38.456096 17.939769 2.486430 
2.000000 4.655000 38.456096 17.901313 2.486430 
2.000000 4.645000 38.456096 17.862857 2.486430 
2.000000 4.635000 38.456096 17.824401 2.486430 
2.000000 4.625000 38.456096 17.785944 2.486430 
2.000000 4.615000 38.456096 17.747488 2.486430 
2.000000 4.605000 38.456096 17.709032 2.486430 
2.000000 4.595000 38.456096 17.670576 2.486430 
2.000000 4.585000 38.456096 17.632120 2.486430 
2.000000 4.575000 38.456096 17.593664 2.486430 
2.000000 4.565000 38.456096 17.555208 2.486430 
2.000000 4.555000 38.456096 17.516752 2.486430 
2.000000 4.545000 38.456096 17.478296 2.486430 
2.000000 4.535000 38.456096 17.439840 2.486430 
2.000000 4.525000 38.456096 17.401384 2.486430 
2.000000 4.515000 38.456096 17.362927 2.486430 
2.000000 4.505000 38.456096 17.324471 2.486430 
2.000000 4.495000 38.456096 17.286015 2.486430 
2.000000 4.485000 38.456096 17.247559 2.486430 
2.000000 4.475000 38.456096 17.209103 2.486430 
2.000000 4.465000 38.456096 17.170647 2.486430 
2.000000 4.455000 38.456096 17.132191 2.486430 
2.000000 4.445000 38.456096 17.093735 2.486430 
2.000000 4.435000 38.456096 17.055279 2.486430 
2.000000 4.425000 38.456096 17.016823 2.486430 
2.000000 4.415000 38.456096 16.978366 2.486430 
2.000000 4.405000 38.456096 16.939910 2.486430 
2.000000 4.395000 38.456096 16.901454 2.486430 
2.000000 4.385000 38.456096 16.862998 2.486430 
2.000000 4.375000 38.456096 16.824542 2.486430 
2.000000 4.365000 38.456096 16.786086 2.486430 
2.000000 4.355000 38.456096 16.747630 2.486430 
2.000000 4.345000 38.456096 16.709174 2.486430 
2.000000 4.335000 38.456096 16.670718 2.486430 
2.000000 4.325000 38.456096 16.632262 2.486430 
2.000000 4.315000 38.456096 16.593806 2.486430 
2.000000 4.305000 38.456096 16.555349 2.486430 
2.000000 4.295000 38.456096 16.516893 2.486430 
2.000000 4.285000 38.456096 16.478437 2.486430 
2.000000 4.275000 38.456096 16.439981 2.486430 
2.000000 4.265000 38.456096 16.401525 2.486430 
2.000000 4.255000 38.456096 16.363069 2.486430 
2.000000 4.245000 38.456096 16.324613 2.486430 
2.000000 4.235000 38.456096 16.286157 2.486430 
2.000000 4.225000 38.456096 16.247701 2.486430 
2.000000 4.215000 38.456096 16.209245 2.486430 
2.000000 4.205000 38.456096 16.170788 2.486430 
2.000000 4.195000 38.456096 16.132332 2.486430 
2.000000 4.185000 38.456096 16.093876 2.486430 
2.000000 4.175000 38.456096 16.055420 2.486430 
2.000000 4.165000 38.456096 16.016964 2.486430 
2.000000 4.155000 38.456096 15.978508 2.486430 
2.000000 4.145000 38.456096 15.940052 2.486430 
2.000000 4.135000 38.456096 15.901596 2.486430 
2.000000 4.125000 38.456096 15.863140 2.486430 
2.000000 4.115000 38.456096 15.824684 2.486430 
2.000000 4.105000 38.456096 15.786227 2.486430 
2.000000 4.095000 38.456096 15.747771 2.486430 
2.000000 4.085000 38.456096 15.709315 2.486430 
2.000000 4.075000 38.456096 15.670859 2.486430 
2.000000 4.065000 38.456096 15.632403 2.486430 
2.000000 4.055000 38.456096 15.593947 2.486430 
2.000000 4.045000 38.456096 15.555491 2.486430 
2.000000 4.035000 38.456096 15.517035 2.486430 
2.000000 4.025000 38.456096 15.478579 2.486430 
2.000000 4.015000 38.456096 15.440123 2.486430 
2.000000 4.005000 38.456096 15.401667 2.486430 
2.000000 3.995000 38.456096 15.363210 2.486430 
2.000000 3.985000 38.456096 15.324754 2.486430 
2.000000 3.975000 38.456096 15.286298 2.486430 
2.000000 3.965000 38.456096 15.247842 2.486430 
2.000000 3.955000 38.456096 15.209386 2.486430 
2.000000 3.945000 38.456096 15.170930 2.486430 
2.000000 3.935000 38.456096 15.132474 2.486430 
2.000000 3.925000 38.456096 15.094018 2.486430 
2.000000 3.915000 38.456096 15.055562 2.486430 
2.000000 3.905000 38.456096 15.017106 2.486430 
2.000000 3.895000 38.456096 14.978649 2.486430 
2.000000 3.885000 38.456096 14.940193 2.486430 
2.000000 3.875000 38.456096 14.901737 2.486430 
2.000000 3.865000 38.456096 14.863281 2.486430 
2.000000 3.855000 38.456096 14.824825 2.486430 
2.000000 3.845000 38.456096 14.786369 2.486430 
2.000000 3.835000 38.456096 14.747913 2.486430 
2.000000 3.825000 38.456096 14.709457 2.486430 
2.000000 3.815000 38.456096 14.671001 2.486430 
2.000000 3.805000 38.456096 14.632545 2.486430 
2.000000 3.795000 38.456096 14.594089 2.486430 
2.000000 3.785000 38.456096 14.555632 2.486430 
2.000000 3.775000 38.456096 14.517176 2.486430 
2.000000 3.765000 38.456096 14.478720 2.486430 
2.000000 3.755000 38.456096 14.440264 2.486430 
2.000000 3.745000 38.456096 14.401808 2.486430 
2.000000 3.735000 38.456096 14.363352 2.486430 
2.000000 3.725000 38.456096 14.324896 2.486430 
2.000000 3.715000 38.456096 14.286440 2.486430 
2.000000 3.705000 38.456096 14.247984 2.486430 
2.000000 3.695000 38.456096 14.209528 2.486430 
2.000000 3.685000 38.456096 14.171071 2.486430 
2.000000 3.675000 38.456096 14.132615 2.486430 
2.000000 3.665000 38.456096 14.094159 2.486430 
2.000000 3.655000 38.456096 14.055703 2.486430 
2.000000 3.645000 38.456096 14.017247 2.486430 
2.000000 3.635000 38.456096 13.978791 2.486430 
2.000000 3.625000 38.456096 13.940335 2.486430 
2.000000 3.615000 38.456096 13.901879 2.486430 
2.000000 3.605000 38.456096 13.863423 2.486430 
2.000000 3.595000 38.456096 13.824967 2.486430 
2.000000 3.585000 38.456096 13.786510 2.486430 
2.000000 3.575000 38.456096 13.748054 2.486430 
2.000000 3.565000 38.456096 13.709598 2.486430 
2.000000 3.555000 38.456096 13.671142 2.486430 
2.000000 3.545000 38.456096 13.632686 2.486430 
2.000000 3.535000 38.456096 13.594230 2.486430 
2.000000 3.525000 38.456096 13.555774 2.486430 
2.000000 3.515000 38.456096 13.517318 2.486430 
2.000000 3.505000 38.456096 13.478862 2.486430 
2.000000 3.495000 38.456096 13.440406 2.486430 
2.000000 3.485000 38.456096 13.401950 2.486430 
2.000000 3.475000 38.456096 13.363493 2.486430 
2.000000 3.465000 38.456096 13.325037 2.486430 
2.000000 3.455000 38.456096 13.286581 2.486430 
2.000000 3.445000 38.456096 13.248125 2.486430 
2.000000 3.435000 38.456096 13.209669 2.486430 
2.000000 3.425000 38.456096 13.171213 2.486430 
2.000000 3.415000 38.456096 13.132757 2.486430 
2.000000 3.405000 38.456096 13.094301 2.486430 
2.000000 3.395000 38.456096 13.055845 2.486430 
2.000000 3.385000 38.456096 13.017389 2.486430 
2.000000 3.375000 38.456096 12.978932 2.486430 
2.000000 3.365000 38.456096 12.940476 2.486430 
2.000000 3.355000 38.456096 12.902020 2.486430 
2.000000 3.345000 38.456096 12.863564 2.486430 
2.000000 3.335000 38.456096 12.825108 2.486430 
2.000000 3.325000 38.456096 12.786652 2.486430 
2.000000 3.315000 38.456096 12.748196 2.486430 
2.000000 3.305000 38.456096 12.709740 2.486430 
2.000000 3.295000 38.456096 12.671284 2.486430 
2.000000 3.285000 38.456096 12.632828 2.486430 
2.000000 3.275000 38.456096 12.594372 2.486430 
2.000000 3.265000 38.456096 12.555915 2.486430 
2.000000 3.255000 38.456096 12.517459 2.486430 
2.000000 3.245000 38.456096 12.479003 2.486430 
2.000000 3.235000 38.456096 12.440547 2.486430 
2.000000 3.225000 38.456096 12.402091 2.486430 
2.000000 3.215000 38.456096 12.363635 2.486430 
2.000000 3.205000 38.456096 12.325179 2.486430 
2.000000 3.195000 38.456096 12.286723 2.486430 
2.000000 3.185000 38.456096 12.248267 2.486430 
2.000000 3.175000 38.456096 12.209811 2.486430 
2.000000 3.165000 38.456096 12.171354 2.486430 
2.000000 3.155000 38.456096 12.132898 2.486430 
2.000000 3.145000 38.456096 12.094442 2.486430 
2.000000 3.135000 38.456096 12.055986 2.486430 
2.000000 3.125000 38.456096 12.017530 2.486430 
2.000000 3.115000 38.456096 11.979074 2.486430 
2.000000 3.105000 38.456096 11.940618 2.486430 
2.000000 3.095000 38.456096 11.902162 2.486430 
2.000000 3.085000 38.456096 11.863706 2.486430 
2.000000 3.075000 38.456096 11.825250 2.486430 
2.000000 3.065000 38.456096 11.786793 2.486430 
2.000000 3.055000 38.456096 11.748337 2.486430 
2.000000 3.045000 38.456096 11.709881 2.486430 
2.000000 3.035000 38.456096 11.671425 2.486430 
2.000000 3.025000 38.456096 11.632969 2.486430 
2.000000 3.015000 38.456096 11.594513 2.486430 
2.000000 3.005000 38.456096 11.556057 2.486430 
2.000000 2.995000 38.456096 11.517601 2.486430 
2.000000 2.985000 38.456096 11.479145 2.486430 
2.000000 2.975000 38.456096 11.440689 2.486430 
2.000000 2.965000 38.456096 11.402233 2.486430 
2.000000 2.955000 38.456096 11.363776 2.486430 
2.000000 2.945000 38.456096 11.325320 2.486430 
2.000000 2.935000 38.456096 11.286864 2.486430 
2.000000 2.925000 38.456096 11.248408 2.486430 
2.000000 2.915000 38.456096 11.209952 2.486430 
2.000000 2.905000 38.456096 11.171496 2.486430 
2.000000 2.895000 38.456096 11.133040 2.486430 
2.000000 2.885000 38.456096 11.094584 2.486430 
2.000000 2.875000 38.456096 11.056128 2.486430 
2.000000 2.865000 38.456096 11.017672 2.486430 
2.000000 2.855000 38.456096 10.979215 2.486430 
2.000000 2.845000 38.456096 10.940759 2.486430 
2.000000 2.835000 38.456096 10.902303 2.486430 
2.000000 2.825000 38.456096 10.863847 2.486430 
2.000000 2.815000 38.456096 10.825391 2.486430 
2.000000 2.805000 38.456096 10.786935 2.486430 
2.000000 2.795000 38.456096 10.748479 2.486430 
2.000000 2.785000 38.456096 10.710023 2.486430 
2.000000 2.775000 38.456096 10.671567 2.486430 
2.000000 2.765000 38.456096 10.633111 2.486430 
2.000000 2.755000 38.456096 10.594655 2.486430 
2.000000 2.745000 38.456096 10.556198 2.486430 
2.000000 2.735000 38.456096 10.517742 2.486430 
2.000000 2.725000 38.456096 10.479286 2.486430 
2.000000 2.715000 38.456096 10.440830 2.486430 
2.000000 2.705000 38.456096 10.402374 2.486430 
2.000000 2.695000 38.456096 10.363918 2.486430 
2.000000 2.685000 38.456096 10.325462 2.486430 
2.000000 2.675000 38.456096 10.287006 2.486430 
2.000000 2.665000 38.456096 10.248550 2.486430 
2.000000 2.655000 38.456096 10.210094 2.486430 
2.000000 2.645000 38.456096 10.171637 2.486430 
2.000000 2.635000 38.456096 10.133181 2.486430 
2.000000 2.625000 38.456096 10.094725 2.486430 
2.000000 2.615000 38.456096 10.056269 2.486430 
2.000000 2.605000 38.456096 10.017813 2.486430 
2.000000 2.595000 38.456096 9.979357 2.486430 
2.000000 2.585000 38.456096 9.940901 2.486430 
2.000000 2.575000 38.456096 9.902445 2.486430 
2.000000 2.565000 38.456096 9.863989 2.486430 
2.000000 2.555000 38.456096 9.825533 2.486430 
2.000000 2.545000 38.456096 9.787076 2.486430 
2.000000 2.535000 38.456096 9.748620 2.486430 
2.000000 2.525000 38.456096 9.710164 2.486430 
2.000000 2.515000 38.456096 9.671708 2.486430 
2.000000 2.505000 38.456096 9.633252 2.486430 
2.000000 2.495000 38.456096 9.594796 2.486430 
1.998462 2.485000 38.456096 9.556340 2.484240 
1.992237 2.475000 38.456096 9.517884 2.472689 
1.987494 2.465000 38.456096 9.479428 2.464043 
1.981070 2.455000 38.456096 9.440972 2.452537 
1.976177 2.445000 38.456096 9.402516 2.443923 
1.969552 2.435000 38.456096 9.364059 2.432458 
1.964508 2.425000 38.456096 9.325603 2.423874 
1.957682 2.415000 38.456096 9.287147 2.412445 
1.952486 2.405000 38.456096 9.248691 2.403887 
1.945455 2.395000 38.456096 9.210235 2.392490 
1.940106 2.385000 38.456096 9.171779 2.383954 
1.932871 2.375000 38.456096 9.133323 2.372585 
1.927367 2.365000 38.456096 9.094867 2.364068 
1.919926 2.355000 38.456096 9.056411 2.352721 
1.914267 2.345000 38.456096 9.017955 2.344218 
1.906617 2.335000 38.456096 8.979498 2.332888 
1.900801 2.325000 38.456096 8.941042 2.324396 
1.892941 2.315000 38.456096 8.902586 2.313078 
1.886967 2.305000 38.456096 8.864130 2.304592 
1.878896 2.295000 38.456096 8.825674 2.293279 
1.872763 2.285000 38.456096 8.787218 2.284795 
1.864479 2.275000 38.456096 8.748762 2.273482 
1.858185 2.265000 38.456096 8.710306 2.264995 
1.849685 2.255000 38.456096 8.671850 2.253676 
1.841062 2.245000 38.456096 8.633394 2.242350 
1.834512 2.235000 38.456096 8.594937 2.233850 
1.825670 2.225000 38.456096 8.556481 2.222507 
1.818956 2.215000 38.456096 8.518025 2.213992 
1.809894 2.205000 38.456096 8.479569 2.202627 
1.803014 2.195000 38.456096 8.441113 2.194092 
1.793729 2.185000 38.456096 8.402657 2.182696 
1.786681 2.175000 38.456096 8.364201 2.174137 
1.777172 2.165000 38.456096 8.325745 2.162705 
1.769954 2.155000 38.456096 8.287289 2.154115 
1.760218 2.145000 38.456096 8.248833 2.142638 
1.752829 2.135000 38.456096 8.210377 2.134013 
1.742862 2.125000 38.456096 8.171920 2.122485 
1.735301 2.115000 38.456096 8.133464 2.113818 
1.725102 2.105000 38.456096 8.095008 2.102232 
1.717365 2.095000 38.456096 8.056552 2.093518 
1.709553 2.085000 38.456096 8.018096 2.084782 
1.699018 2.075000 38.456096 7.979640 2.073098 
1.691027 2.065000 38.456096 7.941184 2.064306 
1.680254 2.055000 38.456096 7.902728 2.052543 
1.672083 2.045000 38.456096 7.864272 2.043690 
1.663835 2.035000 38.456096 7.825816 2.034807 
1.652715 2.025000 38.456096 7.787359 2.022918 
1.644283 2.015000 38.456096 7.748903 2.013964 
1.635772 2.005000 38.456096 7.710447 2.004977 
1.624300 1.995000 38.456096 7.671991 1.992942 
1.615602 1.985000 38.456096 7.633535 1.983875 
1.606824 1.975000 38.456096 7.595079 1.974770 
1.594993 1.965000 38.456096 7.556623 1.962569 
1.586024 1.955000 38.456096 7.518167 1.953372 
1.576973 1.945000 38.456096 7.479711 1.944134 
1.567839 1.935000 38.456096 7.441255 1.934851 
1.555530 1.925000 38.456096 7.402799 1.922405 
1.546201 1.915000 38.456096 7.364342 1.913016 
1.536787 1.905000 38.456096 7.325886 1.903578 
1.527288 1.895000 38.456096 7.287430 1.894091 
1.517704 1.885000 38.456096 7.248974 1.884551 
1.508033 1.875000 38.456096 7.210518 1.874958 
1.495003 1.865000 38.456096 7.172062 1.862081 
1.485129 1.855000 38.456096 7.133606 1.852357 
1.475167 1.845000 38.456096 7.095150 1.842573 
1.465116 1.835000 38.456096 7.056694 1.832727 
1.454976 1.825000 38.456096 7.018238 1.822819 
1.444746 1.815000 38.456096 6.979781 1.812845 
1.434426 1.805000 38.456096 6.941325 1.802803 
1.424014 1.795000 38.456096 6.902869 1.792692 
1.413510 1.785000 38.456096 6.864413 1.782510 
1.402914 1.775000 38.456096 6.825957 1.772253 
1.392225 1.765000 38.456096 6.787501 1.761920 
1.385047 1.755000 38.456096 6.749045 1.754988 
1.374200 1.745000 38.456096 6.710589 1.744523 
1.363259 1.735000 38.456096 6.672133 1.733975 
1.352223 1.725000 38.456096 6.633677 1.723342 
1.341089 1.715000 38.456096 6.595220 1.712621 
1.329859 1.705000 38.456096 6.556764 1.701809 
1.322317 1.695000 38.456096 6.518308 1.694549 
1.310923 1.685000 38.456096 6.479852 1.683580 
1.299429 1.675000 38.456096 6.441396 1.672511 
1.287835 1.665000 38.456096 6.402940 1.661342 
1.280050 1.655000 38.456096 6.364484 1.653837 
1.268288 1.645000 38.456096 6.326028 1.642491 
1.260390 1.635000 38.456096 6.287572 1.634866 
1.248456 1.625000 38.456096 6.249116 1.623333 
1.236419 1.615000 38.456096 6.210660 1.611685 
1.228337 1.605000 38.456096 6.172203 1.603852 
1.216125 1.595000 38.456096 6.133747 1.592001 
1.207925 1.585000 38.456096 6.095291 1.584030 
1.195536 1.575000 38.456096 6.056835 1.571965 
1.187217 1.565000 38.456096 6.018379 1.563847 
1.174648 1.555000 38.456096 5.979923 1.551557 
1.166208 1.545000 38.456096 5.941467 1.543285 
1.157720 1.535000 38.456096 5.903011 1.534949 
1.144895 1.525000 38.456096 5.864555 1.522321 
1.136283 1.515000 38.456096 5.826099 1.513818 
1.123272 1.505000 38.456096 5.787642 1.500933 
1.114535 1.495000 38.456096 5.749186 1.492253 
1.105747 1.485000 38.456096 5.710730 1.483500 
1.096909 1.475000 38.456096 5.672274 1.474672 
1.083555 1.465000 38.456096 5.633818 1.461285 
1.074589 1.455000 38.456096 5.595362 1.452260 
1.065570 1.445000 38.456096 5.556906 1.443155 
1.056499 1.435000 38.456096 5.518450 1.433966 
1.047376 1.425000 38.456096 5.479994 1.424691 
1.033592 1.415000 38.456096 5.441538 1.410614 
1.024336 1.405000 38.456096 5.403082 1.401117 
1.015026 1.395000 38.456096 5.364625 1.391526 
1.005662 1.385000 38.456096 5.326169 1.381840 
0.996244 1.375000 38.456096 5.287713 1.372056 
0.986772 1.365000 38.456096 5.249257 1.362172 
0.977244 1.355000 38.456096 5.210801 1.352185 
0.967662 1.345000 38.456096 5.172345 1.342092 
0.958024 1.335000 38.456096 5.133889 1.331892 
0.948330 1.325000 38.456096 5.095433 1.321580 
0.938580 1.315000 38.456096 5.056977 1.311155 
0.928773 1.305000 38.456096 5.018521 1.300612 
0.918910 1.295000 38.456096 4.980064 1.289950 
0.913957 1.285000 38.456096 4.941608 1.284573 
0.904008 1.275000 38.456096 4.903152 1.273724 
0.894002 1.265000 38.456096 4.864696 1.262747 
0.883938 1.255000 38.456096 4.826240 1.251638 
0.873816 1.245000 38.456096 4.787784 1.240393 
0.868733 1.235000 38.456096 4.749328 1.234719 
0.858524 1.225000 38.456096 4.710872 1.223264 
0.848256 1.215000 38.456096 4.672416 1.211663 
0.837929 1.205000 38.456096 4.633960 1.199912 
0.832743 1.195000 38.456096 4.595503 1.193980 
0.822328 1.185000 38.456096 4.557047 1.181997 
0.811853 1.175000 38.456096 4.518591 1.169853 
0.806593 1.165000 38.456096 4.480135 1.163719 
0.796029 1.155000 38.456096 4.441679 1.151325 
0.785405 1.145000 38.456096 4.403223 1.138758 
0.780071 1.135000 38.456096 4.364767 1.132407 
0.769358 1.125000 38.456096 4.326311 1.119570 
0.763978 1.115000 38.456096 4.287855 1.113082 
0.753175 1.105000 38.456096 4.249399 1.099963 
0.747751 1.095000 38.456096 4.210943 1.093330 
0.736858 1.085000 38.456096 4.172486 1.079916 
0.731389 1.075000 38.456096 4.134030 1.073132 
0.720406 1.065000 38.456096 4.095574 1.059407 
0.714893 1.055000 38.456096 4.057118 1.052465 
0.703821 1.045000 38.456096 4.018662 1.038415 
0.698262 1.035000 38.456096 3.980206 1.031307 
0.692690 1.025000 38.456096 3.941750 1.024141 
0.681500 1.015000 38.456096 3.903294 1.009633 
0.675883 1.005000 38.456096 3.864838 1.002290 
0.670251 0.995000 38.456096 3.826382 0.994885 
0.658945 0.985000 38.456096 3.787925 0.979889 
0.653271 0.975000 38.456096 3.749469 0.972295 
0.647582 0.965000 38.456096 3.711013 0.964636 
0.636162 0.955000 38.456096 3.672557 0.949118 
0.630431 0.945000 38.456096 3.634101 0.941257 
0.624686 0.935000 38.456096 3.595645 0.933326 
0.613156 0.925000 38.456096 3.557189 0.917250 
0.607371 0.915000 38.456096 3.518733 0.909103 
0.601572 0.905000 38.456096 3.480277 0.900881 
0.595761 0.895000 38.456096 3.441821 0.892583 
0.589936 0.885000 38.456096 3.403365 0.884209 
0.578250 0.875000 38.456096 3.364908 0.867224 
0.572388 0.865000 38.456096 3.326452 0.858610 
0.566515 0.855000 38.456096 3.287996 0.849915 
0.560630 0.845000 38.456096 3.249540 0.841136 
0.554733 0.835000 38.456096 3.211084 0.832271 
0.548826 0.825000 38.456096 3.172628 0.823321 
0.542908 0.815000 38.456096 3.134172 0.814282 
0.531041 0.805000 38.456096 3.095716 0.795936 
0.525093 0.795000 38.456096 3.057260 0.786625 
0.519135 0.785000 38.456096 3.018804 0.777221 
0.513169 0.775000 38.456096 2.980347 0.767722 
0.507195 0.765000 38.456096 2.941891 0.758126 
0.501214 0.755000 38.456096 2.903435 0.748433 
0.495225 0.745000 38.456096 2.864979 0.738640 
0.489230 0.735000 38.456096 2.826523 0.728747 
0.483229 0.725000 38.456096 2.788067 0.718751 
0.477222 0.715000 38.456096 2.749611 0.708652 
0.471212 0.705000 38.456096 2.711155 0.698448 
0.465197 0.695000 38.456096 2.672699 0.688138 
0.459180 0.685000 38.456096 2.634243 0.677721 
0.453161 0.675000 38.456096 2.595786 0.667195 
0.447142 0.665000 38.456096 2.557330 0.656559 
0.441122 0.655000 38.456096 2.518874 0.645813 
0.435103 0.645000 38.456096 2.480418 0.634955 
0.435103 0.635000 38.456096 2.441962 0.634955 
0.429087 0.625000 38.456096 2.403506 0.623984 
0.423074 0.615000 38.456096 2.365050 0.612901 
0.417067 0.605000 38.456096 2.326594 0.601704 
0.411066 0.595000 38.456096 2.288138 0.590392 
0.405072 0.585000 38.456096 2.249682 0.578966 
0.399088 0.575000 38.456096 2.211226 0.567426 
0.393116 0.565000 38.456096 2.172769 0.555773 
0.387156 0.555000 38.456096 2.134313 0.544005 
0.387156 0.545000 38.456096 2.095857 0.544005 
0.381212 0.535000 38.456096 2.057401 0.532126 
0.375285 0.525000 38.456096 2.018945 0.520135 
0.369378 0.515000 38.456096 1.980489 0.508035 
0.363493 0.505000 38.456096 1.942033 0.495827 
0.357632 0.495000 38.456096 1.903577 0.483515 
0.357632 0.485000 38.456096 1.865121 0.483515 
0.351799 0.475000 38.456096 1.826665 0.471101 
0.345997 0.465000 38.456096 1.788208 0.458590 
0.340228 0.455000 38.456096 1.749752 0.445986 
0.334497 0.445000 38.456096 1.711296 0.433295 
0.334497 0.435000 38.456096 1.672840 0.433295 
0.328806 0.425000 38.456096 1.634384 0.420522 
0.323160 0.415000 38.456096 1.595928 0.407676 
0.317564 0.405000 38.456096 1.557472 0.394764 
0.317564 0.395000 38.456096 1.519016 0.394764 
0.312021 0.385000 38.456096 1.480560 0.381797 
0.306536 0.375000 38.456096 1.442104 0.368785 
0.301115 0.365000 38.456096 1.403648 0.355741 
0.295763 0.355000 38.456096 1.365191 0.342679 
0.295763 0.345000 38.456096 1.326735 0.342679 
0.290486 0.335000 38.456096 1.288279 0.329615 
0.285290 0.325000 38.456096 1.249823 0.316566 
0.280182 0.315000 38.456096 1.211367 0.303552 
0.280182 0.305000 38.456096 1.172911 0.303552 
0.275169 0.295000 38.456096 1.134455 0.290595 
0.270258 0.285000 38.456096 1.095999 0.277719 
0.265457 0.275000 38.456096 1.057543 0.264952 
0.265457 0.265000 38.456096 1.019087 0.264952 
0.260775 0.255000 38.456096 0.980630 0.252322 
0.256220 0.245000 38.456096 0.942174 0.239861 
0.251801 0.235000 38.456096 0.903718 0.227604 
0.247528 0.225000 38.456096 0.865262 0.215589 
0.243411 0.215000 38.456096 0.826806 0.203856 
0.243411 0.205000 38.456096 0.788350 0.203856 
0.239460 0.195000 38.456096 0.749894 0.192448 
0.235685 0.185000 38.456096 0.711438 0.181409 
0.232098 0.175000 38.456096 0.672982 0.170788 
0.228708 0.165000 38.456096 0.634526 0.160635 
0.225528 0.155000 38.456096 0.596069 0.151000 
0.222567 0.145000 38.456096 0.557613 0.141935 
0.219837 0.135000 38.456096 0.519157 0.133492 
0.215111 0.125000 38.456096 0.480701 0.118677 
0.213134 0.115000 38.456096 0.442245 0.112404 
0.209994 0.105000 38.456096 0.403789 0.102349 
0.207419 0.095000 38.456096 0.365333 0.094019 
