2.000000 9.985000 43.705189 43.639631 2.450850 
2.000000 9.975000 43.705189 43.595926 2.450850 
2.000000 9.965000 43.705189 43.552220 2.450850 
2.000000 9.955000 43.705189 43.508515 2.450850 
2.000000 9.945000 43.705189 43.464810 2.450850 
2.000000 9.935000 43.705189 43.421105 2.450850 
2.000000 9.925000 43.705189 43.377400 2.450850 
2.000000 9.915000 43.705189 43.333694 2.450850 
2.000000 9.905000 43.705189 43.289989 2.450850 
2.000000 9.895000 43.705189 43.246284 2.450850 
2.000000 9.885000 43.705189 43.202579 2.450850 
2.000000 9.875000 43.705189 43.158874 2.450850 
2.000000 9.865000 43.705189 43.115169 2.450850 
2.000000 9.855000 43.705189 43.071463 2.450850 
2.000000 9.845000 43.705189 43.027758 2.450850 
2.000000 9.835000 43.705189 42.984053 2.450850 
2.000000 9.825000 43.705189 42.940348 2.450850 
2.000000 9.815000 43.705189 42.896643 2.450850 
2.000000 9.805000 43.705189 42.852937 2.450850 
2.000000 9.795000 43.705189 42.809232 2.450850 
2.000000 9.785000 43.705189 42.765527 2.450850 
2.000000 9.775000 43.705189 42.721822 2.450850 
2.000000 9.765000 43.705189 42.678117 2.450850 
2.000000 9.755000 43.705189 42.634411 2.450850 
2.000000 9.745000 43.705189 42.590706 2.450850 
2.000000 9.735000 43.705189 42.547001 2.450850 
2.000000 9.725000 43.705189 42.503296 2.450850 
2.000000 9.715000 43.705189 42.459591 2.450850 
2.000000 9.705000 43.705189 42.415885 2.450850 
2.000000 9.695000 43.705189 42.372180 2.450850 
2.000000 9.685000 43.705189 42.328475 2.450850 
2.000000 9.675000 43.705189 42.284770 2.450850 
2.000000 9.665000 43.705189 42.241065 2.450850 
2.000000 9.655000 43.705189 42.197360 2.450850 
2.000000 9.645000 43.705189 42.153654 2.450850 
2.000000 9.635000 43.705189 42.109949 2.450850 
2.000000 9.625000 43.705189 42.066244 2.450850 
2.000000 9.615000 43.705189 42.022539 2.450850 
2.000000 9.605000 43.705189 41.978834 2.450850 
2.000000 9.595000 43.705189 41.935128 2.450850 
2.000000 9.585000 43.705189 41.891423 2.450850 
2.000000 9.575000 43.705189 41.847718 2.450850 
2.000000 9.565000 43.705189 41.804013 2.450850 
2.000000 9.555000 43.705189 41.760308 2.450850 
2.000000 9.545000 43.705189 41.716602 2.450850 
2.000000 9.535000 43.705189 41.672897 2.450850 
2.000000 9.525000 43.705189 41.629192 2.450850 
2.000000 9.515000 43.705189 41.585487 2.450850 
2.000000 9.505000 43.705189 41.541782 2.450850 
2.000000 9.495000 43.705189 41.498077 2.450850 
2.000000 9.485000 43.705189 41.454371 2.450850 
2.000000 9.475000 43.705189 41.410666 2.450850 
2.000000 9.465000 43.705189 41.366961 2.450850 
2.000000 9.455000 43.705189 41.323256 2.450850 
2.000000 9.445000 43.705189 41.279551 2.450850 
2.000000 9.435000 43.705189 41.235845 2.450850 
2.000000 9.425000 43.705189 41.192140 2.450850 
2.000000 9.415000 43.705189 41.148435 2.450850 
2.000000 9.405000 43.705189 41.104730 2.450850 
2.000000 9.395000 43.705189 41.061025 2.450850 
2.000000 9.385000 43.705189 41.017319 2.450850 
2.000000 9.375000 43.705189 40.973614 2.450850 
2.000000 9.365000 43.705189 40.929909 2.450850 
2.000000 9.355000 43.705189 40.886204 2.450850 
2.000000 9.345000 43.705189 40.842499 2.450850 
2.000000 9.335000 43.705189 40.798794 2.450850 
2.000000 9.325000 43.705189 40.755088 2.450850 
2.000000 9.315000 43.705189 40.711383 2.450850 
2.000000 9.305000 43.705189 40.667678 2.450850 
2.000000 9.295000 43.705189 40.623973 2.450850 
2.000000 9.285000 43.705189 40.580268 2.450850 
2.000000 9.275000 43.705189 40.536562 2.450850 
2.000000 9.265000 43.705189 40.492857 2.450850 
2.000000 9.255000 43.705189 40.449152 2.450850 
2.000000 9.245000 43.705189 40.405447 2.450850 
2.000000 9.235000 43.705189 40.361742 2.450850 
2.000000 9.225000 43.705189 40.318036 2.450850 
2.000000 9.215000 43.705189 40.274331 2.450850 
2.000000 9.205000 43.705189 40.230626 2.450850 
2.000000 9.195000 43.705189 40.186921 2.450850 
2.000000 9.185000 43.705189 40.143216 2.450850 
2.000000 9.175000 43.705189 40.099511 2.450850 
2.000000 9.165000 43.705189 40.055805 2.450850 
2.000000 9.155000 43.705189 40.012100 2.450850 
2.000000 9.145000 43.705189 39.968395 2.450850 
2.000000 9.135000 43.705189 39.924690 2.450850 
2.000000 9.125000 43.705189 39.880985 2.450850 
2.000000 9.115000 43.705189 39.837279 2.450850 
2.000000 9.105000 43.705189 39.793574 2.450850 
2.000000 9.095000 43.705189 39.749869 2.450850 
2.000000 9.085000 43.705189 39.706164 2.450850 
2.000000 9.075000 43.705189 39.662459 2.450850 
2.000000 9.065000 43.705189 39.618753 2.450850 
2.000000 9.055000 43.705189 39.575048 2.450850 
2.000000 9.045000 43.705189 39.531343 2.450850 
2.000000 9.035000 43.705189 39.487638 2.450850 
2.000000 9.025000 43.705189 39.443933 2.450850 
2.000000 9.015000 43.705189 39.400227 2.450850 
2.000000 9.005000 43.705189 39.356522 2.450850 
2.000000 8.995000 43.705189 39.312817 2.450850 
2.000000 8.985000 43.705189 39.269112 2.450850 
2.000000 8.975000 43.705189 39.225407 2.450850 
2.000000 8.965000 43.705189 39.181702 2.450850 
2.000000 8.955000 43.705189 39.137996 2.450850 
2.000000 8.945000 43.705189 39.094291 2.450850 
2.000000 8.935000 43.705189 39.050586 2.450850 
2.000000 8.925000 43.705189 39.006881 2.450850 
2.000000 8.915000 43.705189 38.963176 2.450850 
2.000000 8.905000 43.705189 38.919470 2.450850 
2.000000 8.895000 43.705189 38.875765 2.450850 
2.000000 8.885000 43.705189 38.832060 2.450850 
2.000000 8.875000 43.705189 38.788355 2.450850 
2.000000 8.865000 43.705189 38.744650 2.450850 
2.000000 8.855000 43.705189 38.700944 2.450850 
2.000000 8.845000 43.705189 38.657239 2.450850 
2.000000 8.835000 43.705189 38.613534 2.450850 
2.000000 8.825000 43.705189 38.569829 2.450850 
2.000000 8.815000 43.705189 38.526124 2.450850 
2.000000 8.805000 43.705189 38.482419 2.450850 
2.000000 8.795000 43.705189 38.438713 2.450850 
2.000000 8.785000 43.705189 38.395008 2.450850 
2.000000 8.775000 43.705189 38.351303 2.450850 
2.000000 8.765000 43.705189 38.307598 2.450850 
2.000000 8.755000 43.705189 38.263893 2.450850 
2.000000 8.745000 43.705189 38.220187 2.450850 
2.000000 8.735000 43.705189 38.176482 2.450850 
2.000000 8.725000 43.705189 38.132777 2.450850 
2.000000 8.715000 43.705189 38.089072 2.450850 
2.000000 8.705000 43.705189 38.045367 2.450850 
2.000000 8.695000 43.705189 38.001661 2.450850 
2.000000 8.685000 43.705189 37.957956 2.450850 
2.000000 8.675000 43.705189 37.914251 2.450850 
2.000000 8.665000 43.705189 37.870546 2.450850 
2.000000 8.655000 43.705189 37.826841 2.450850 
2.000000 8.645000 43.705189 37.783136 2.450850 
2.000000 8.635000 43.705189 37.739430 2.450850 
2.000000 8.625000 43.705189 37.695725 2.450850 
2.000000 8.615000 43.705189 37.652020 2.450850 
2.000000 8.605000 43.705189 37.608315 2.450850 
2.000000 8.595000 43.705189 37.564610 2.450850 
2.000000 8.585000 43.705189 37.520904 2.450850 
2.000000 8.575000 43.705189 37.477199 2.450850 
2.000000 8.565000 43.705189 37.433494 2.450850 
2.000000 8.555000 43.705189 37.389789 2.450850 
2.000000 8.545000 43.705189 37.346084 2.450850 
2.000000 8.535000 43.705189 37.302378 2.450850 
2.000000 8.525000 43.705189 37.258673 2.450850 
2.000000 8.515000 43.705189 37.214968 2.450850 
2.000000 8.505000 43.705189 37.171263 2.450850 
2.000000 8.495000 43.705189 37.127558 2.450850 
2.000000 8.485000 43.705189 37.083852 2.450850 
2.000000 8.475000 43.705189 37.040147 2.450850 
2.000000 8.465000 43.705189 36.996442 2.450850 
2.000000 8.455000 43.705189 36.952737 2.450850 
2.000000 8.445000 43.705189 36.909032 2.450850 
2.000000 8.435000 43.705189 36.865327 2.450850 
2.000000 8.425000 43.705189 36.821621 2.450850 
2.000000 8.415000 43.705189 36.777916 2.450850 
2.000000 8.405000 43.705189 36.734211 2.450850 
2.000000 8.395000 43.705189 36.690506 2.450850 
2.000000 8.385000 43.705189 36.646801 2.450850 
2.000000 8.375000 43.705189 36.603095 2.450850 
2.000000 8.365000 43.705189 36.559390 2.450850 
2.000000 8.355000 43.705189 36.515685 2.450850 
2.000000 8.345000 43.705189 36.471980 2.450850 
2.000000 8.335000 43.705189 36.428275 2.450850 
2.000000 8.325000 43.705189 36.384569 2.450850 
2.000000 8.315000 43.705189 36.340864 2.450850 
2.000000 8.305000 43.705189 36.297159 2.450850 
2.000000 8.295000 43.705189 36.253454 2.450850 
2.000000 8.285000 43.705189 36.209749 2.450850 
2.000000 8.275000 43.705189 36.166044 2.450850 
2.000000 8.265000 43.705189 36.122338 2.450850 
2.000000 8.255000 43.705189 36.078633 2.450850 
2.000000 8.245000 43.705189 36.034928 2.450850 
2.000000 8.235000 43.705189 35.991223 2.450850 
2.000000 8.225000 43.705189 35.947518 2.450850 
2.000000 8.215000 43.705189 35.903812 2.450850 
2.000000 8.205000 43.705189 35.860107 2.450850 
2.000000 8.195000 43.705189 35.816402 2.450850 
2.000000 8.185000 43.705189 35.772697 2.450850 
2.000000 8.175000 43.705189 35.728992 2.450850 
2.000000 8.165000 43.705189 35.685286 2.450850 
2.000000 8.155000 43.705189 35.641581 2.450850 
2.000000 8.145000 43.705189 35.597876 2.450850 
2.000000 8.135000 43.705189 35.554171 2.450850 
2.000000 8.125000 43.705189 35.510466 2.450850 
2.000000 8.115000 43.705189 35.466761 2.450850 
2.000000 8.105000 43.705189 35.423055 2.450850 
2.000000 8.095000 43.705189 35.379350 2.450850 
2.000000 8.085000 43.705189 35.335645 2.450850 
2.000000 8.075000 43.705189 35.291940 2.450850 
2.000000 8.065000 43.705189 35.248235 2.450850 
2.000000 8.055000 43.705189 35.204529 2.450850 
2.000000 8.045000 43.705189 35.160824 2.450850 
2.000000 8.035000 43.705189 35.117119 2.450850 
2.000000 8.025000 43.705189 35.073414 2.450850 
2.000000 8.015000 43.705189 35.029709 2.450850 
2.000000 8.005000 43.705189 34.986003 2.450850 
2.000000 7.995000 43.705189 34.942298 2.450850 
2.000000 7.985000 43.705189 34.898593 2.450850 
2.000000 7.975000 43.705189 34.854888 2.450850 
2.000000 7.965000 43.705189 34.811183 2.450850 
2.000000 7.955000 43.705189 34.767478 2.450850 
2.000000 7.945000 43.705189 34.723772 2.450850 
2.000000 7.935000 43.705189 34.680067 2.450850 
2.000000 7.925000 43.705189 34.636362 2.450850 
2.000000 7.915000 43.705189 34.592657 2.450850 
2.000000 7.905000 43.705189 34.548952 2.450850 
2.000000 7.895000 43.705189 34.505246 2.450850 
2.000000 7.885000 43.705189 34.461541 2.450850 
2.000000 7.875000 43.705189 34.417836 2.450850 
2.000000 7.865000 43.705189 34.374131 2.450850 
2.000000 7.855000 43.705189 34.330426 2.450850 
2.000000 7.845000 43.705189 34.286720 2.450850 
2.000000 7.835000 43.705189 34.243015 2.450850 
2.000000 7.825000 43.705189 34.199310 2.450850 
2.000000 7.815000 43.705189 34.155605 2.450850 
2.000000 7.805000 43.705189 34.111900 2.450850 
2.000000 7.795000 43.705189 34.068194 2.450850 
2.000000 7.785000 43.705189 34.024489 2.450850 
2.000000 7.775000 43.705189 33.980784 2.450850 
2.000000 7.765000 43.705189 33.937079 2.450850 
2.000000 7.755000 43.705189 33.893374 2.450850 
2.000000 7.745000 43.705189 33.849669 2.450850 
2.000000 7.735000 43.705189 33.805963 2.450850 
2.000000 7.725000 43.705189 33.762258 2.450850 
2.000000 7.715000 43.705189 33.718553 2.450850 
2.000000 7.705000 43.705189 33.674848 2.450850 
2.000000 7.695000 43.705189 33.631143 2.450850 
2.000000 7.685000 43.705189 33.587437 2.450850 
2.000000 7.675000 43.705189 33.543732 2.450850 
2.000000 7.665000 43.705189 33.500027 2.450850 
2.000000 7.655000 43.705189 33.456322 2.450850 
2.000000 7.645000 43.705189 33.412617 2.450850 
2.000000 7.635000 43.705189 33.368911 2.450850 
2.000000 7.625000 43.705189 33.325206 2.450850 
2.000000 7.615000 43.705189 33.281501 2.450850 
2.000000 7.605000 43.705189 33.237796 2.450850 
2.000000 7.595000 43.705189 33.194091 2.450850 
2.000000 7.585000 43.705189 33.150386 2.450850 
2.000000 7.575000 43.705189 33.106680 2.450850 
2.000000 7.565000 43.705189 33.062975 2.450850 
2.000000 7.555000 43.705189 33.019270 2.450850 
2.000000 7.545000 43.705189 32.975565 2.450850 
2.000000 7.535000 43.705189 32.931860 2.450850 
2.000000 7.525000 43.705189 32.888154 2.450850 
2.000000 7.515000 43.705189 32.844449 2.450850 
2.000000 7.505000 43.705189 32.800744 2.450850 
2.000000 7.495000 43.705189 32.757039 2.450850 
2.000000 7.485000 43.705189 32.713334 2.450850 
2.000000 7.475000 43.705189 32.669628 2.450850 
2.000000 7.465000 43.705189 32.625923 2.450850 
2.000000 7.455000 43.705189 32.582218 2.450850 
2.000000 7.445000 43.705189 32.538513 2.450850 
2.000000 7.435000 43.705189 32.494808 2.450850 
2.000000 7.425000 43.705189 32.451103 2.450850 
2.000000 7.415000 43.705189 32.407397 2.450850 
2.000000 7.405000 43.705189 32.363692 2.450850 
2.000000 7.395000 43.705189 32.319987 2.450850 
2.000000 7.385000 43.705189 32.276282 2.450850 
2.000000 7.375000 43.705189 32.232577 2.450850 
2.000000 7.365000 43.705189 32.188871 2.450850 
2.000000 7.355000 43.705189 32.145166 2.450850 
2.000000 7.345000 43.705189 32.101461 2.450850 
2.000000 7.335000 43.705189 32.057756 2.450850 
2.000000 7.325000 43.705189 32.014051 2.450850 
2.000000 7.315000 43.705189 31.970345 2.450850 
2.000000 7.305000 43.705189 31.926640 2.450850 
2.000000 7.295000 43.705189 31.882935 2.450850 
2.000000 7.285000 43.705189 31.839230 2.450850 
2.000000 7.275000 43.705189 31.795525 2.450850 
2.000000 7.265000 43.705189 31.751819 2.450850 
2.000000 7.255000 43.705189 31.708114 2.450850 
2.000000 7.245000 43.705189 31.664409 2.450850 
2.000000 7.235000 43.705189 31.620704 2.450850 
2.000000 7.225000 43.705189 31.576999 2.450850 
2.000000 7.215000 43.705189 31.533294 2.450850 
2.000000 7.205000 43.705189 31.489588 2.450850 
2.000000 7.195000 43.705189 31.445883 2.450850 
2.000000 7.185000 43.705189 31.402178 2.450850 
2.000000 7.175000 43.705189 31.358473 2.450850 
2.000000 7.165000 43.705189 31.314768 2.450850 
2.000000 7.155000 43.705189 31.271062 2.450850 
2.000000 7.145000 43.705189 31.227357 2.450850 
2.000000 7.135000 43.705189 31.183652 2.450850 
2.000000 7.125000 43.705189 31.139947 2.450850 
2.000000 7.115000 43.705189 31.096242 2.450850 
2.000000 7.105000 43.705189 31.052536 2.450850 
2.000000 7.095000 43.705189 31.008831 2.450850 
2.000000 7.085000 43.705189 30.965126 2.450850 
2.000000 7.075000 43.705189 30.921421 2.450850 
2.000000 7.065000 43.705189 30.877716 2.450850 
2.000000 7.055000 43.705189 30.834011 2.450850 
2.000000 7.045000 43.705189 30.790305 2.450850 
2.000000 7.035000 43.705189 30.746600 2.450850 
2.000000 7.025000 43.705189 30.702895 2.450850 
2.000000 7.015000 43.705189 30.659190 2.450850 
2.000000 7.005000 43.705189 30.615485 2.450850 
2.000000 6.995000 43.705189 30.571779 2.450850 
2.000000 6.985000 43.705189 30.528074 2.450850 
2.000000 6.975000 43.705189 30.484369 2.450850 
2.000000 6.965000 43.705189 30.440664 2.450850 
2.000000 6.955000 43.705189 30.396959 2.450850 
2.000000 6.945000 43.705189 30.353253 2.450850 
2.000000 6.935000 43.705189 30.309548 2.450850 
2.000000 6.925000 43.705189 30.265843 2.450850 
2.000000 6.915000 43.705189 30.222138 2.450850 
2.000000 6.905000 43.705189 30.178433 2.450850 
2.000000 6.895000 43.705189 30.134728 2.450850 
2.000000 6.885000 43.705189 30.091022 2.450850 
2.000000 6.875000 43.705189 30.047317 2.450850 
2.000000 6.865000 43.705189 30.003612 2.450850 
2.000000 6.855000 43.705189 29.959907 2.450850 
2.000000 6.845000 43.705189 29.916202 2.450850 
2.000000 6.835000 43.705189 29.872496 2.450850 
2.000000 6.825000 43.705189 29.828791 2.450850 
2.000000 6.815000 43.705189 29.785086 2.450850 
2.000000 6.805000 43.705189 29.741381 2.450850 
2.000000 6.795000 43.705189 29.697676 2.450850 
2.000000 6.785000 43.705189 29.653970 2.450850 
2.000000 6.775000 43.705189 29.610265 2.450850 
2.000000 6.765000 43.705189 29.566560 2.450850 
2.000000 6.755000 43.705189 29.522855 2.450850 
2.000000 6.745000 43.705189 29.479150 2.450850 
2.000000 6.735000 43.705189 29.435444 2.450850 
2.000000 6.725000 43.705189 29.391739 2.450850 
2.000000 6.715000 43.705189 29.348034 2.450850 
2.000000 6.705000 43.705189 29.304329 2.450850 
2.000000 6.695000 43.705189 29.260624 2.450850 
2.000000 6.685000 43.705189 29.216919 2.450850 
2.000000 6.675000 43.705189 29.173213 2.450850 
2.000000 6.665000 43.705189 29.129508 2.450850 
2.000000 6.655000 43.705189 29.085803 2.450850 
2.000000 6.645000 43.705189 29.042098 2.450850 
2.000000 6.635000 43.705189 28.998393 2.450850 
2.000000 6.625000 43.705189 28.954687 2.450850 
2.000000 6.615000 43.705189 28.910982 2.450850 
2.000000 6.605000 43.705189 28.867277 2.450850 
2.000000 6.595000 43.705189 28.823572 2.450850 
2.000000 6.585000 43.705189 28.779867 2.450850 
2.000000 6.575000 43.705189 28.736161 2.450850 
2.000000 6.565000 43.705189 28.692456 2.450850 
2.000000 6.555000 43.705189 28.648751 2.450850 
2.000000 6.545000 43.705189 28.605046 2.450850 
2.000000 6.535000 43.705189 28.561341 2.450850 
2.000000 6.525000 43.705189 28.517636 2.450850 
2.000000 6.515000 43.705189 28.473930 2.450850 
2.000000 6.505000 43.705189 28.430225 2.450850 
2.000000 6.495000 43.705189 28.386520 2.450850 
2.000000 6.485000 43.705189 28.342815 2.450850 
2.000000 6.475000 43.705189 28.299110 2.450850 
2.000000 6.465000 43.705189 28.255404 2.450850 
2.000000 6.455000 43.705189 28.211699 2.450850 
2.000000 6.445000 43.705189 28.167994 2.450850 
2.000000 6.435000 43.705189 28.124289 2.450850 
2.000000 6.425000 43.705189 28.080584 2.450850 
2.000000 6.415000 43.705189 28.036878 2.450850 
2.000000 6.405000 43.705189 27.993173 2.450850 
2.000000 6.395000 43.705189 27.949468 2.450850 
2.000000 6.385000 43.705189 27.905763 2.450850 
2.000000 6.375000 43.705189 27.862058 2.450850 
2.000000 6.365000 43.705189 27.818353 2.450850 
2.000000 6.355000 43.705189 27.774647 2.450850 
2.000000 6.345000 43.705189 27.730942 2.450850 
2.000000 6.335000 43.705189 27.687237 2.450850 
2.000000 6.325000 43.705189 27.643532 2.450850 
2.000000 6.315000 43.705189 27.599827 2.450850 
2.000000 6.305000 43.705189 27.556121 2.450850 
2.000000 6.295000 43.705189 27.512416 2.450850 
2.000000 6.285000 43.705189 27.468711 2.450850 
2.000000 6.275000 43.705189 27.425006 2.450850 
2.000000 6.265000 43.705189 27.381301 2.450850 
2.000000 6.255000 43.705189 27.337595 2.450850 
2.000000 6.245000 43.705189 27.293890 2.450850 
2.000000 6.235000 43.705189 27.250185 2.450850 
2.000000 6.225000 43.705189 27.206480 2.450850 
2.000000 6.215000 43.705189 27.162775 2.450850 
2.000000 6.205000 43.705189 27.119070 2.450850 
2.000000 6.195000 43.705189 27.075364 2.450850 
2.000000 6.185000 43.705189 27.031659 2.450850 
2.000000 6.175000 43.705189 26.987954 2.450850 
2.000000 6.165000 43.705189 26.944249 2.450850 
2.000000 6.155000 43.705189 26.900544 2.450850 
2.000000 6.145000 43.705189 26.856838 2.450850 
2.000000 6.135000 43.705189 26.813133 2.450850 
2.000000 6.125000 43.705189 26.769428 2.450850 
2.000000 6.115000 43.705189 26.725723 2.450850 
2.000000 6.105000 43.705189 26.682018 2.450850 
2.000000 6.095000 43.705189 26.638312 2.450850 
2.000000 6.085000 43.705189 26.594607 2.450850 
2.000000 6.075000 43.705189 26.550902 2.450850 
2.000000 6.065000 43.705189 26.507197 2.450850 
2.000000 6.055000 43.705189 26.463492 2.450850 
2.000000 6.045000 43.705189 26.419786 2.450850 
2.000000 6.035000 43.705189 26.376081 2.450850 
2.000000 6.025000 43.705189 26.332376 2.450850 
2.000000 6.015000 43.705189 26.288671 2.450850 
2.000000 6.005000 43.705189 26.244966 2.450850 
2.000000 5.995000 43.705189 26.201261 2.450850 
2.000000 5.985000 43.705189 26.157555 2.450850 
2.000000 5.975000 43.705189 26.113850 2.450850 
2.000000 5.965000 43.705189 26.070145 2.450850 
2.000000 5.955000 43.705189 26.026440 2.450850 
2.000000 5.945000 43.705189 25.982735 2.450850 
2.000000 5.935000 43.705189 25.939029 2.450850 
2.000000 5.925000 43.705189 25.895324 2.450850 
2.000000 5.915000 43.705189 25.851619 2.450850 
2.000000 5.905000 43.705189 25.807914 2.450850 
2.000000 5.895000 43.705189 25.764209 2.450850 
2.000000 5.885000 43.705189 25.720503 2.450850 
2.000000 5.875000 43.705189 25.676798 2.450850 
2.000000 5.865000 43.705189 25.633093 2.450850 
2.000000 5.855000 43.705189 25.589388 2.450850 
2.000000 5.845000 43.705189 25.545683 2.450850 
2.000000 5.835000 43.705189 25.501978 2.450850 
2.000000 5.825000 43.705189 25.458272 2.450850 
2.000000 5.815000 43.705189 25.414567 2.450850 
2.000000 5.805000 43.705189 25.370862 2.450850 
2.000000 5.795000 43.705189 25.327157 2.450850 
2.000000 5.785000 43.705189 25.283452 2.450850 
2.000000 5.775000 43.705189 25.239746 2.450850 
2.000000 5.765000 43.705189 25.196041 2.450850 
2.000000 5.755000 43.705189 25.152336 2.450850 
2.000000 5.745000 43.705189 25.108631 2.450850 
2.000000 5.735000 43.705189 25.064926 2.450850 
2.000000 5.725000 43.705189 25.021220 2.450850 
2.000000 5.715000 43.705189 24.977515 2.450850 
2.000000 5.705000 43.705189 24.933810 2.450850 
2.000000 5.695000 43.705189 24.890105 2.450850 
2.000000 5.685000 43.705189 24.846400 2.450850 
2.000000 5.675000 43.705189 24.802695 2.450850 
2.000000 5.665000 43.705189 24.758989 2.450850 
2.000000 5.655000 43.705189 24.715284 2.450850 
2.000000 5.645000 43.705189 24.671579 2.450850 
2.000000 5.635000 43.705189 24.627874 2.450850 
2.000000 5.625000 43.705189 24.584169 2.450850 
2.000000 5.615000 43.705189 24.540463 2.450850 
2.000000 5.605000 43.705189 24.496758 2.450850 
2.000000 5.595000 43.705189 24.453053 2.450850 
2.000000 5.585000 43.705189 24.409348 2.450850 
2.000000 5.575000 43.705189 24.365643 2.450850 
2.000000 5.565000 43.705189 24.321937 2.450850 
2.000000 5.555000 43.705189 24.278232 2.450850 
2.000000 5.545000 43.705189 24.234527 2.450850 
2.000000 5.535000 43.705189 24.190822 2.450850 
2.000000 5.525000 43.705189 24.147117 2.450850 
2.000000 5.515000 43.705189 24.103411 2.450850 
2.000000 5.505000 43.705189 24.059706 2.450850 
2.000000 5.495000 43.705189 24.016001 2.450850 
2.000000 5.485000 43.705189 23.972296 2.450850 
2.000000 5.475000 43.705189 23.928591 2.450850 
2.000000 5.465000 43.705189 23.884886 2.450850 
2.000000 5.455000 43.705189 23.841180 2.450850 
2.000000 5.445000 43.705189 23.797475 2.450850 
2.000000 5.435000 43.705189 23.753770 2.450850 
2.000000 5.425000 43.705189 23.710065 2.450850 
2.000000 5.415000 43.705189 23.666360 2.450850 
2.000000 5.405000 43.705189 23.622654 2.450850 
2.000000 5.395000 43.705189 23.578949 2.450850 
2.000000 5.385000 43.705189 23.535244 2.450850 
2.000000 5.375000 43.705189 23.491539 2.450850 
2.000000 5.365000 43.705189 23.447834 2.450850 
2.000000 5.355000 43.705189 23.404128 2.450850 
2.000000 5.345000 43.705189 23.360423 2.450850 
2.000000 5.335000 43.705189 23.316718 2.450850 
2.000000 5.325000 43.705189 23.273013 2.450850 
2.000000 5.315000 43.705189 23.229308 2.450850 
2.000000 5.305000 43.705189 23.185603 2.450850 
2.000000 5.295000 43.705189 23.141897 2.450850 
2.000000 5.285000 43.705189 23.098192 2.450850 
2.000000 5.275000 43.705189 23.054487 2.450850 
2.000000 5.265000 43.705189 23.010782 2.450850 
2.000000 5.255000 43.705189 22.967077 2.450850 
2.000000 5.245000 43.705189 22.923371 2.450850 
2.000000 5.235000 43.705189 22.879666 2.450850 
2.000000 5.225000 43.705189 22.835961 2.450850 
2.000000 5.215000 43.705189 22.792256 2.450850 
2.000000 5.205000 43.705189 22.748551 2.450850 
2.000000 5.195000 43.705189 22.704845 2.450850 
2.000000 5.185000 43.705189 22.661140 2.450850 
2.000000 5.175000 43.705189 22.617435 2.450850 
2.000000 5.165000 43.705189 22.573730 2.450850 
2.000000 5.155000 43.705189 22.530025 2.450850 
2.000000 5.145000 43.705189 22.486320 2.450850 
2.000000 5.135000 43.705189 22.442614 2.450850 
2.000000 5.125000 43.705189 22.398909 2.450850 
2.000000 5.115000 43.705189 22.355204 2.450850 
2.000000 5.105000 43.705189 22.311499 2.450850 
2.000000 5.095000 43.705189 22.267794 2.450850 
2.000000 5.085000 43.705189 22.224088 2.450850 
2.000000 5.075000 43.705189 22.180383 2.450850 
2.000000 5.065000 43.705189 22.136678 2.450850 
2.000000 5.055000 43.705189 22.092973 2.450850 
2.000000 5.045000 43.705189 22.049268 2.450850 
2.000000 5.035000 43.705189 22.005562 2.450850 
2.000000 5.025000 43.705189 21.961857 2.450850 
2.000000 5.015000 43.705189 21.918152 2.450850 
2.000000 5.005000 43.705189 21.874447 2.450850 
2.000000 4.995000 43.705189 21.830742 2.450850 
2.000000 4.985000 43.705189 21.787036 2.450850 
2.000000 4.975000 43.705189 21.743331 2.450850 
2.000000 4.965000 43.705189 21.699626 2.450850 
2.000000 4.955000 43.705189 21.655921 2.450850 
2.000000 4.945000 43.705189 21.612216 2.450850 
2.000000 4.935000 43.705189 21.568511 2.450850 
2.000000 4.925000 43.705189 21.524805 2.450850 
2.000000 4.915000 43.705189 21.481100 2.450850 
2.000000 4.905000 43.705189 21.437395 2.450850 
2.000000 4.895000 43.705189 21.393690 2.450850 
2.000000 4.885000 43.705189 21.349985 2.450850 
2.000000 4.875000 43.705189 21.306279 2.450850 
2.000000 4.865000 43.705189 21.262574 2.450850 
2.000000 4.855000 43.705189 21.218869 2.450850 
2.000000 4.845000 43.705189 21.175164 2.450850 
2.000000 4.835000 43.705189 21.131459 2.450850 
2.000000 4.825000 43.705189 21.087753 2.450850 
2.000000 4.815000 43.705189 21.044048 2.450850 
2.000000 4.805000 43.705189 21.000343 2.450850 
2.000000 4.795000 43.705189 20.956638 2.450850 
2.000000 4.785000 43.705189 20.912933 2.450850 
2.000000 4.775000 43.705189 20.869228 2.450850 
2.000000 4.765000 43.705189 20.825522 2.450850 
2.000000 4.755000 43.705189 20.781817 2.450850 
2.000000 4.745000 43.705189 20.738112 2.450850 
2.000000 4.735000 43.705189 20.694407 2.450850 
2.000000 4.725000 43.705189 20.650702 2.450850 
2.000000 4.715000 43.705189 20.606996 2.450850 
2.000000 4.705000 43.705189 20.563291 2.450850 
2.000000 4.695000 43.705189 20.519586 2.450850 
2.000000 4.685000 43.705189 20.475881 2.450850 
2.000000 4.675000 43.705189 20.432176 2.450850 
2.000000 4.665000 43.705189 20.388470 2.450850 
2.000000 4.655000 43.705189 20.344765 2.450850 
2.000000 4.645000 43.705189 20.301060 2.450850 
2.000000 4.635000 43.705189 20.257355 2.450850 
2.000000 4.625000 43.705189 20.213650 2.450850 
2.000000 4.615000 43.705189 20.169945 2.450850 
2.000000 4.605000 43.705189 20.126239 2.450850 
2.000000 4.595000 43.705189 20.082534 2.450850 
2.000000 4.585000 43.705189 20.038829 2.450850 
2.000000 4.575000 43.705189 19.995124 2.450850 
2.000000 4.565000 43.705189 19.951419 2.450850 
2.000000 4.555000 43.705189 19.907713 2.450850 
2.000000 4.545000 43.705189 19.864008 2.450850 
2.000000 4.535000 43.705189 19.820303 2.450850 
2.000000 4.525000 43.705189 19.776598 2.450850 
2.000000 4.515000 43.705189 19.732893 2.450850 
2.000000 4.505000 43.705189 19.689187 2.450850 
2.000000 4.495000 43.705189 19.645482 2.450850 
2.000000 4.485000 43.705189 19.601777 2.450850 
2.000000 4.475000 43.705189 19.558072 2.450850 
2.000000 4.465000 43.705189 19.514367 2.450850 
2.000000 4.455000 43.705189 19.470662 2.450850 
2.000000 4.445000 43.705189 19.426956 2.450850 
2.000000 4.435000 43.705189 19.383251 2.450850 
2.000000 4.425000 43.705189 19.339546 2.450850 
2.000000 4.415000 43.705189 19.295841 2.450850 
2.000000 4.405000 43.705189 19.252136 2.450850 
2.000000 4.395000 43.705189 19.208430 2.450850 
2.000000 4.385000 43.705189 19.164725 2.450850 
2.000000 4.375000 43.705189 19.121020 2.450850 
2.000000 4.365000 43.705189 19.077315 2.450850 
2.000000 4.355000 43.705189 19.033610 2.450850 
2.000000 4.345000 43.705189 18.989904 2.450850 
2.000000 4.335000 43.705189 18.946199 2.450850 
2.000000 4.325000 43.705189 18.902494 2.450850 
2.000000 4.315000 43.705189 18.858789 2.450850 
2.000000 4.305000 43.705189 18.815084 2.450850 
2.000000 4.295000 43.705189 18.771378 2.450850 
2.000000 4.285000 43.705189 18.727673 2.450850 
2.000000 4.275000 43.705189 18.683968 2.450850 
2.000000 4.265000 43.705189 18.640263 2.450850 
2.000000 4.255000 43.705189 18.596558 2.450850 
2.000000 4.245000 43.705189 18.552853 2.450850 
2.000000 4.235000 43.705189 18.509147 2.450850 
2.000000 4.225000 43.705189 18.465442 2.450850 
2.000000 4.215000 43.705189 18.421737 2.450850 
2.000000 4.205000 43.705189 18.378032 2.450850 
2.000000 4.195000 43.705189 18.334327 2.450850 
2.000000 4.185000 43.705189 18.290621 2.450850 
2.000000 4.175000 43.705189 18.246916 2.450850 
2.000000 4.165000 43.705189 18.203211 2.450850 
2.000000 4.155000 43.705189 18.159506 2.450850 
2.000000 4.145000 43.705189 18.115801 2.450850 
2.000000 4.135000 43.705189 18.072095 2.450850 
2.000000 4.125000 43.705189 18.028390 2.450850 
2.000000 4.115000 43.705189 17.984685 2.450850 
2.000000 4.105000 43.705189 17.940980 2.450850 
2.000000 4.095000 43.705189 17.897275 2.450850 
2.000000 4.085000 43.705189 17.853570 2.450850 
2.000000 4.075000 43.705189 17.809864 2.450850 
2.000000 4.065000 43.705189 17.766159 2.450850 
2.000000 4.055000 43.705189 17.722454 2.450850 
2.000000 4.045000 43.705189 17.678749 2.450850 
2.000000 4.035000 43.705189 17.635044 2.450850 
2.000000 4.025000 43.705189 17.591338 2.450850 
2.000000 4.015000 43.705189 17.547633 2.450850 
2.000000 4.005000 43.705189 17.503928 2.450850 
2.000000 3.995000 43.705189 17.460223 2.450850 
2.000000 3.985000 43.705189 17.416518 2.450850 
2.000000 3.975000 43.705189 17.372812 2.450850 
2.000000 3.965000 43.705189 17.329107 2.450850 
2.000000 3.955000 43.705189 17.285402 2.450850 
2.000000 3.945000 43.705189 17.241697 2.450850 
2.000000 3.935000 43.705189 17.197992 2.450850 
2.000000 3.925000 43.705189 17.154287 2.450850 
2.000000 3.915000 43.705189 17.110581 2.450850 
2.000000 3.905000 43.705189 17.066876 2.450850 
2.000000 3.895000 43.705189 17.023171 2.450850 
2.000000 3.885000 43.705189 16.979466 2.450850 
2.000000 3.875000 43.705189 16.935761 2.450850 
2.000000 3.865000 43.705189 16.892055 2.450850 
2.000000 3.855000 43.705189 16.848350 2.450850 
2.000000 3.845000 43.705189 16.804645 2.450850 
2.000000 3.835000 43.705189 16.760940 2.450850 
2.000000 3.825000 43.705189 16.717235 2.450850 
2.000000 3.815000 43.705189 16.673529 2.450850 
2.000000 3.805000 43.705189 16.629824 2.450850 
2.000000 3.795000 43.705189 16.586119 2.450850 
2.000000 3.785000 43.705189 16.542414 2.450850 
2.000000 3.775000 43.705189 16.498709 2.450850 
2.000000 3.765000 43.705189 16.455003 2.450850 
2.000000 3.755000 43.705189 16.411298 2.450850 
2.000000 3.745000 43.705189 16.367593 2.450850 
2.000000 3.735000 43.705189 16.323888 2.450850 
2.000000 3.725000 43.705189 16.280183 2.450850 
2.000000 3.715000 43.705189 16.236478 2.450850 
2.000000 3.705000 43.705189 16.192772 2.450850 
2.000000 3.695000 43.705189 16.149067 2.450850 
2.000000 3.685000 43.705189 16.105362 2.450850 
2.000000 3.675000 43.705189 16.061657 2.450850 
2.000000 3.665000 43.705189 16.017952 2.450850 
2.000000 3.655000 43.705189 15.974246 2.450850 
2.000000 3.645000 43.705189 15.930541 2.450850 
2.000000 3.635000 43.705189 15.886836 2.450850 
2.000000 3.625000 43.705189 15.843131 2.450850 
2.000000 3.615000 43.705189 15.799426 2.450850 
2.000000 3.605000 43.705189 15.755720 2.450850 
2.000000 3.595000 43.705189 15.712015 2.450850 
2.000000 3.585000 43.705189 15.668310 2.450850 
2.000000 3.575000 43.705189 15.624605 2.450850 
2.000000 3.565000 43.705189 15.580900 2.450850 
2.000000 3.555000 43.705189 15.537195 2.450850 
2.000000 3.545000 43.705189 15.493489 2.450850 
2.000000 3.535000 43.705189 15.449784 2.450850 
2.000000 3.525000 43.705189 15.406079 2.450850 
2.000000 3.515000 43.705189 15.362374 2.450850 
2.000000 3.505000 43.705189 15.318669 2.450850 
2.000000 3.495000 43.705189 15.274963 2.450850 
2.000000 3.485000 43.705189 15.231258 2.450850 
2.000000 3.475000 43.705189 15.187553 2.450850 
2.000000 3.465000 43.705189 15.143848 2.450850 
2.000000 3.455000 43.705189 15.100143 2.450850 
2.000000 3.445000 43.705189 15.056437 2.450850 
2.000000 3.435000 43.705189 15.012732 2.450850 
2.000000 3.425000 43.705189 14.969027 2.450850 
2.000000 3.415000 43.705189 14.925322 2.450850 
2.000000 3.405000 43.705189 14.881617 2.450850 
2.000000 3.395000 43.705189 14.837912 2.450850 
2.000000 3.385000 43.705189 14.794206 2.450850 
2.000000 3.375000 43.705189 14.750501 2.450850 
2.000000 3.365000 43.705189 14.706796 2.450850 
2.000000 3.355000 43.705189 14.663091 2.450850 
2.000000 3.345000 43.705189 14.619386 2.450850 
2.000000 3.335000 43.705189 14.575680 2.450850 
2.000000 3.325000 43.705189 14.531975 2.450850 
2.000000 3.315000 43.705189 14.488270 2.450850 
2.000000 3.305000 43.705189 14.444565 2.450850 
2.000000 3.295000 43.705189 14.400860 2.450850 
2.000000 3.285000 43.705189 14.357154 2.450850 
2.000000 3.275000 43.705189 14.313449 2.450850 
2.000000 3.265000 43.705189 14.269744 2.450850 
2.000000 3.255000 43.705189 14.226039 2.450850 
2.000000 3.245000 43.705189 14.182334 2.450850 
2.000000 3.235000 43.705189 14.138628 2.450850 
2.000000 3.225000 43.705189 14.094923 2.450850 
2.000000 3.215000 43.705189 14.051218 2.450850 
2.000000 3.205000 43.705189 14.007513 2.450850 
2.000000 3.195000 43.705189 13.963808 2.450850 
2.000000 3.185000 43.705189 13.920103 2.450850 
2.000000 3.175000 43.705189 13.876397 2.450850 
2.000000 3.165000 43.705189 13.832692 2.450850 
2.000000 3.155000 43.705189 13.788987 2.450850 
2.000000 3.145000 43.705189 13.745282 2.450850 
2.000000 3.135000 43.705189 13.701577 2.450850 
2.000000 3.125000 43.705189 13.657871 2.450850 
2.000000 3.115000 43.705189 13.614166 2.450850 
2.000000 3.105000 43.705189 13.570461 2.450850 
2.000000 3.095000 43.705189 13.526756 2.450850 
2.000000 3.085000 43.705189 13.483051 2.450850 
2.000000 3.075000 43.705189 13.439345 2.450850 
2.000000 3.065000 43.705189 13.395640 2.450850 
2.000000 3.055000 43.705189 13.351935 2.450850 
2.000000 3.045000 43.705189 13.308230 2.450850 
2.000000 3.035000 43.705189 13.264525 2.450850 
2.000000 3.025000 43.705189 13.220820 2.450850 
2.000000 3.015000 43.705189 13.177114 2.450850 
2.000000 3.005000 43.705189 13.133409 2.450850 
2.000000 2.995000 43.705189 13.089704 2.450850 
2.000000 2.985000 43.705189 13.045999 2.450850 
2.000000 2.975000 43.705189 13.002294 2.450850 
2.000000 2.965000 43.705189 12.958588 2.450850 
2.000000 2.955000 43.705189 12.914883 2.450850 
2.000000 2.945000 43.705189 12.871178 2.450850 
2.000000 2.935000 43.705189 12.827473 2.450850 
2.000000 2.925000 43.705189 12.783768 2.450850 
2.000000 2.915000 43.705189 12.740062 2.450850 
2.000000 2.905000 43.705189 12.696357 2.450850 
2.000000 2.895000 43.705189 12.652652 2.450850 
2.000000 2.885000 43.705189 12.608947 2.450850 
2.000000 2.875000 43.705189 12.565242 2.450850 
2.000000 2.865000 43.705189 12.521537 2.450850 
2.000000 2.855000 43.705189 12.477831 2.450850 
2.000000 2.845000 43.705189 12.434126 2.450850 
2.000000 2.835000 43.705189 12.390421 2.450850 
2.000000 2.825000 43.705189 12.346716 2.450850 
2.000000 2.815000 43.705189 12.303011 2.450850 
2.000000 2.805000 43.705189 12.259305 2.450850 
2.000000 2.795000 43.705189 12.215600 2.450850 
2.000000 2.785000 43.705189 12.171895 2.450850 
2.000000 2.775000 43.705189 12.128190 2.450850 
2.000000 2.765000 43.705189 12.084485 2.450850 
2.000000 2.755000 43.705189 12.040779 2.450850 
2.000000 2.745000 43.705189 11.997074 2.450850 
2.000000 2.735000 43.705189 11.953369 2.450850 
2.000000 2.725000 43.705189 11.909664 2.450850 
2.000000 2.715000 43.705189 11.865959 2.450850 
2.000000 2.705000 43.705189 11.822254 2.450850 
2.000000 2.695000 43.705189 11.778548 2.450850 
2.000000 2.685000 43.705189 11.734843 2.450850 
2.000000 2.675000 43.705189 11.691138 2.450850 
2.000000 2.665000 43.705189 11.647433 2.450850 
2.000000 2.655000 43.705189 11.603728 2.450850 
2.000000 2.645000 43.705189 11.560022 2.450850 
2.000000 2.635000 43.705189 11.516317 2.450850 
2.000000 2.625000 43.705189 11.472612 2.450850 
2.000000 2.615000 43.705189 11.428907 2.450850 
2.000000 2.605000 43.705189 11.385202 2.450850 
2.000000 2.595000 43.705189 11.341496 2.450850 
2.000000 2.585000 43.705189 11.297791 2.450850 
2.000000 2.575000 43.705189 11.254086 2.450850 
2.000000 2.565000 43.705189 11.210381 2.450850 
2.000000 2.555000 43.705189 11.166676 2.450850 
2.000000 2.545000 43.705189 11.122970 2.450850 
2.000000 2.535000 43.705189 11.079265 2.450850 
2.000000 2.525000 43.705189 11.035560 2.450850 
2.000000 2.515000 43.705189 10.991855 2.450850 
2.000000 2.505000 43.705189 10.948150 2.450850 
2.000000 2.495000 43.705189 10.904445 2.450850 
2.000000 2.485000 43.705189 10.860739 2.450850 
2.000000 2.475000 43.705189 10.817034 2.450850 
2.000000 2.465000 43.705189 10.773329 2.450850 
2.000000 2.455000 43.705189 10.729624 2.450850 
1.996653 2.445000 43.705189 10.685919 2.444922 
1.991572 2.435000 43.705189 10.642213 2.434714 
1.986418 2.425000 43.705189 10.598508 2.424553 
1.981191 2.415000 43.705189 10.554803 2.414435 
1.975890 2.405000 43.705189 10.511098 2.404360 
1.970515 2.395000 43.705189 10.467393 2.394326 
1.965066 2.385000 43.705189 10.423687 2.384331 
1.959542 2.375000 43.705189 10.379982 2.374372 
1.953944 2.365000 43.705189 10.336277 2.364449 
1.948271 2.355000 43.705189 10.292572 2.354559 
1.942523 2.345000 43.705189 10.248867 2.344702 
1.936699 2.335000 43.705189 10.205162 2.334875 
1.928817 2.325000 43.705189 10.161456 2.321816 
1.922816 2.315000 43.705189 10.117751 2.312053 
1.916739 2.305000 43.705189 10.074046 2.302314 
1.910585 2.295000 43.705189 10.030341 2.292599 
1.904354 2.285000 43.705189 9.986636 2.282905 
1.898046 2.275000 43.705189 9.942930 2.273231 
1.891660 2.265000 43.705189 9.899225 2.263576 
1.885196 2.255000 43.705189 9.855520 2.253937 
1.878654 2.245000 43.705189 9.811815 2.244314 
1.872033 2.235000 43.705189 9.768110 2.234704 
1.863083 2.225000 43.705189 9.724404 2.221909 
1.856277 2.215000 43.705189 9.680699 2.212325 
1.849392 2.205000 43.705189 9.636994 2.202749 
1.842426 2.195000 43.705189 9.593289 2.193181 
1.835380 2.185000 43.705189 9.549584 2.183617 
1.828253 2.175000 43.705189 9.505879 2.174058 
1.821044 2.165000 43.705189 9.462173 2.164501 
1.813754 2.155000 43.705189 9.418468 2.154945 
1.803906 2.145000 43.705189 9.374763 2.142202 
1.796424 2.135000 43.705189 9.331058 2.132642 
1.788859 2.125000 43.705189 9.287353 2.123077 
1.781210 2.115000 43.705189 9.243647 2.113507 
1.773477 2.105000 43.705189 9.199942 2.103929 
1.765660 2.095000 43.705189 9.156237 2.094342 
1.757758 2.085000 43.705189 9.112532 2.084745 
1.747089 2.075000 43.705189 9.068827 2.071930 
1.738988 2.065000 43.705189 9.025121 2.062303 
1.730800 2.055000 43.705189 8.981416 2.052659 
1.722525 2.045000 43.705189 8.937711 2.042999 
1.714162 2.035000 43.705189 8.894006 2.033319 
1.705712 2.025000 43.705189 8.850301 2.023619 
1.697173 2.015000 43.705189 8.806595 2.013897 
1.688545 2.005000 43.705189 8.762890 2.004151 
1.679828 1.995000 43.705189 8.719185 1.994379 
1.671021 1.985000 43.705189 8.675480 1.984580 
1.662123 1.975000 43.705189 8.631775 1.974752 
1.653134 1.965000 43.705189 8.588070 1.964893 
1.641005 1.955000 43.705189 8.544364 1.951698 
1.631801 1.945000 43.705189 8.500659 1.941760 
1.622503 1.935000 43.705189 8.456954 1.931786 
1.613112 1.925000 43.705189 8.413249 1.921774 
1.603626 1.915000 43.705189 8.369544 1.911721 
1.597249 1.905000 43.705189 8.325838 1.904995 
1.587604 1.895000 43.705189 8.282133 1.894870 
1.577863 1.885000 43.705189 8.238428 1.884700 
1.568025 1.875000 43.705189 8.194723 1.874481 
1.558089 1.865000 43.705189 8.151018 1.864213 
1.548054 1.855000 43.705189 8.107312 1.853892 
1.537921 1.845000 43.705189 8.063607 1.843518 
1.527687 1.835000 43.705189 8.019902 1.833087 
1.517353 1.825000 43.705189 7.976197 1.822598 
1.506917 1.815000 43.705189 7.932492 1.812047 
1.499903 1.805000 43.705189 7.888787 1.804978 
1.489297 1.795000 43.705189 7.845081 1.794321 
1.478586 1.785000 43.705189 7.801376 1.783595 
1.467771 1.775000 43.705189 7.757671 1.772800 
1.456851 1.765000 43.705189 7.713966 1.761932 
1.449511 1.755000 43.705189 7.670261 1.754645 
1.438413 1.745000 43.705189 7.626555 1.743650 
1.427207 1.735000 43.705189 7.582850 1.732574 
1.415891 1.725000 43.705189 7.539145 1.721416 
1.408287 1.715000 43.705189 7.495440 1.713929 
1.396788 1.705000 43.705189 7.451735 1.702625 
1.385178 1.695000 43.705189 7.408029 1.691230 
1.377375 1.685000 43.705189 7.364324 1.683581 
1.365577 1.675000 43.705189 7.320619 1.672026 
1.357647 1.665000 43.705189 7.276914 1.664267 
1.345657 1.655000 43.705189 7.233209 1.652543 
1.337599 1.645000 43.705189 7.189504 1.644667 
1.325415 1.635000 43.705189 7.145798 1.632763 
1.317226 1.625000 43.705189 7.102093 1.624764 
1.304844 1.615000 43.705189 7.058388 1.612670 
1.296523 1.605000 43.705189 7.014683 1.604540 
1.283939 1.595000 43.705189 6.970978 1.592243 
1.275482 1.585000 43.705189 6.927272 1.583974 
1.262694 1.575000 43.705189 6.883567 1.571462 
1.254100 1.565000 43.705189 6.839862 1.563046 
1.245449 1.555000 43.705189 6.796157 1.554568 
1.232368 1.545000 43.705189 6.752452 1.541733 
1.223576 1.535000 43.705189 6.708746 1.533095 
1.214727 1.525000 43.705189 6.665041 1.524390 
1.201345 1.515000 43.705189 6.621336 1.511202 
1.192351 1.505000 43.705189 6.577631 1.502322 
1.183298 1.495000 43.705189 6.533926 1.493369 
1.174185 1.485000 43.705189 6.490221 1.484341 
1.160404 1.475000 43.705189 6.446515 1.470654 
1.151141 1.465000 43.705189 6.402810 1.461430 
1.141817 1.455000 43.705189 6.359105 1.452124 
1.132432 1.445000 43.705189 6.315400 1.442734 
1.122984 1.435000 43.705189 6.271695 1.433258 
1.113473 1.425000 43.705189 6.227989 1.423694 
1.103900 1.415000 43.705189 6.184284 1.414038 
1.094263 1.405000 43.705189 6.140579 1.404290 
1.084561 1.395000 43.705189 6.096874 1.394445 
1.074795 1.385000 43.705189 6.053169 1.384502 
1.064963 1.375000 43.705189 6.009463 1.374458 
1.055065 1.365000 43.705189 5.965758 1.364311 
1.045100 1.355000 43.705189 5.922053 1.354056 
1.035069 1.345000 43.705189 5.878348 1.343691 
1.024969 1.335000 43.705189 5.834643 1.333214 
1.014801 1.325000 43.705189 5.790937 1.322620 
1.004563 1.315000 43.705189 5.747232 1.311907 
0.994256 1.305000 43.705189 5.703527 1.301070 
0.983878 1.295000 43.705189 5.659822 1.290107 
0.978662 1.285000 43.705189 5.616117 1.284577 
0.968177 1.275000 43.705189 5.572412 1.273416 
0.957620 1.265000 43.705189 5.528706 1.262119 
0.946990 1.255000 43.705189 5.485001 1.250681 
0.941647 1.245000 43.705189 5.441296 1.244908 
0.930906 1.235000 43.705189 5.397591 1.233251 
0.920089 1.225000 43.705189 5.353886 1.221441 
0.909197 1.215000 43.705189 5.310180 1.209475 
0.903723 1.205000 43.705189 5.266475 1.203431 
0.892716 1.195000 43.705189 5.222770 1.191219 
0.881631 1.185000 43.705189 5.179065 1.178838 
0.876059 1.175000 43.705189 5.135360 1.172581 
0.864856 1.165000 43.705189 5.091654 1.159933 
0.859225 1.155000 43.705189 5.047949 1.153540 
0.847902 1.145000 43.705189 5.004244 1.140612 
0.842210 1.135000 43.705189 4.960539 1.134075 
0.830765 1.125000 43.705189 4.916834 1.120853 
0.825011 1.115000 43.705189 4.873129 1.114165 
0.813442 1.105000 43.705189 4.829423 1.100631 
0.807626 1.095000 43.705189 4.785718 1.093784 
0.795930 1.085000 43.705189 4.742013 1.079922 
0.790051 1.075000 43.705189 4.698308 1.072906 
0.778227 1.065000 43.705189 4.654603 1.058698 
0.772282 1.055000 43.705189 4.610897 1.051504 
0.766316 1.045000 43.705189 4.567192 1.044248 
0.754318 1.035000 43.705189 4.523487 1.029547 
0.748286 1.025000 43.705189 4.479782 1.022099 
0.742231 1.015000 43.705189 4.436077 1.014584 
0.730054 1.005000 43.705189 4.392371 0.999349 
0.723932 0.995000 43.705189 4.348666 0.991626 
0.717787 0.985000 43.705189 4.304961 0.983831 
0.705428 0.975000 43.705189 4.261256 0.968018 
0.699214 0.965000 43.705189 4.217551 0.959998 
0.692976 0.955000 43.705189 4.173846 0.951898 
0.686715 0.945000 43.705189 4.130140 0.943719 
0.674122 0.935000 43.705189 4.086435 0.927113 
0.667790 0.925000 43.705189 4.042730 0.918682 
0.661434 0.915000 43.705189 3.999025 0.910165 
0.655054 0.905000 43.705189 3.955320 0.901558 
0.648650 0.895000 43.705189 3.911614 0.892859 
0.642221 0.885000 43.705189 3.867909 0.884067 
0.629290 0.875000 43.705189 3.824204 0.866195 
0.622788 0.865000 43.705189 3.780499 0.857109 
0.616261 0.855000 43.705189 3.736794 0.847921 
0.609709 0.845000 43.705189 3.693088 0.838629 
0.603132 0.835000 43.705189 3.649383 0.829229 
0.596530 0.825000 43.705189 3.605678 0.819718 
0.589903 0.815000 43.705189 3.561973 0.810095 
0.583251 0.805000 43.705189 3.518268 0.800357 
0.576573 0.795000 43.705189 3.474562 0.790499 
0.569870 0.785000 43.705189 3.430857 0.780521 
0.563141 0.775000 43.705189 3.387152 0.770417 
0.556386 0.765000 43.705189 3.343447 0.760186 
0.549606 0.755000 43.705189 3.299742 0.749824 
0.542800 0.745000 43.705189 3.256037 0.739327 
0.535968 0.735000 43.705189 3.212331 0.728692 
0.529111 0.725000 43.705189 3.168626 0.717914 
0.522227 0.715000 43.705189 3.124921 0.706991 
0.515318 0.705000 43.705189 3.081216 0.695918 
0.508382 0.695000 43.705189 3.037511 0.684692 
0.508382 0.685000 43.705189 2.993805 0.684692 
0.501421 0.675000 43.705189 2.950100 0.673306 
0.494434 0.665000 43.705189 2.906395 0.661758 
0.487421 0.655000 43.705189 2.862690 0.650043 
0.480383 0.645000 43.705189 2.818985 0.638155 
0.473319 0.635000 43.705189 2.775279 0.626090 
0.466229 0.625000 43.705189 2.731574 0.613842 
0.466229 0.615000 43.705189 2.687869 0.613842 
0.459114 0.605000 43.705189 2.644164 0.601407 
0.451974 0.595000 43.705189 2.600459 0.588778 
0.444808 0.585000 43.705189 2.556754 0.575950 
0.437618 0.575000 43.705189 2.513048 0.562916 
0.437618 0.565000 43.705189 2.469343 0.562916 
0.430404 0.555000 43.705189 2.425638 0.549670 
0.423165 0.545000 43.705189 2.381933 0.536206 
0.415903 0.535000 43.705189 2.338228 0.522517 
0.415903 0.525000 43.705189 2.294522 0.522517 
0.408617 0.515000 43.705189 2.250817 0.508596 
0.401308 0.505000 43.705189 2.207112 0.494436 
0.401308 0.495000 43.705189 2.163407 0.494436 
0.393977 0.485000 43.705189 2.119702 0.480029 
0.386625 0.475000 43.705189 2.075996 0.465367 
0.379252 0.465000 43.705189 2.032291 0.450442 
0.379252 0.455000 43.705189 1.988586 0.450442 
0.371858 0.445000 43.705189 1.944881 0.435246 
0.364446 0.435000 43.705189 1.901176 0.419771 
0.364446 0.425000 43.705189 1.857471 0.419771 
0.357015 0.415000 43.705189 1.813765 0.404006 
0.357015 0.405000 43.705189 1.770060 0.404006 
0.349568 0.395000 43.705189 1.726355 0.387945 
0.342105 0.385000 43.705189 1.682650 0.371576 
0.342105 0.375000 43.705189 1.638945 0.371576 
0.334628 0.365000 43.705189 1.595239 0.354891 
0.334628 0.355000 43.705189 1.551534 0.354891 
0.327139 0.345000 43.705189 1.507829 0.337881 
0.319640 0.335000 43.705189 1.464124 0.320535 
0.319640 0.325000 43.705189 1.420419 0.320535 
0.312133 0.315000 43.705189 1.376713 0.302844 
0.312133 0.305000 43.705189 1.333008 0.302844 
0.304620 0.295000 43.705189 1.289303 0.284798 
0.304620 0.285000 43.705189 1.245598 0.284798 
0.297104 0.275000 43.705189 1.201893 0.266389 
0.289588 0.265000 43.705189 1.158187 0.247606 
0.289588 0.255000 43.705189 1.114482 0.247606 
0.282076 0.245000 43.705189 1.070777 0.228443 
0.282076 0.235000 43.705189 1.027072 0.228443 
0.274572 0.225000 43.705189 0.983367 0.208891 
0.274572 0.215000 43.705189 0.939662 0.208891 
0.267080 0.205000 43.705189 0.895956 0.188944 
0.267080 0.195000 43.705189 0.852251 0.188944 
0.259606 0.185000 43.705189 0.808546 0.168597 
0.259606 0.175000 43.705189 0.764841 0.168597 
0.252155 0.165000 43.705189 0.721136 0.147847 
0.252155 0.155000 43.705189 0.677430 0.147847 
0.244734 0.145000 43.705189 0.633725 0.126692 
0.244734 0.135000 43.705189 0.590020 0.126692 
0.237350 0.125000 43.705189 0.546315 0.105137 
0.237350 0.115000 43.705189 0.502610 0.105137 
0.230012 0.105000 43.705189 0.458904 0.083187 
0.230012 0.095000 43.705189 0.415199 0.083187 
0.230012 0.085000 43.705189 0.371494 0.083187 
0.222730 0.075000 43.705189 0.327789 0.060853 
0.222730 0.065000 43.705189 0.284084 0.060853 
0.215514 0.055000 43.705189 0.240379 0.038155 
0.215514 0.045000 43.705189 0.196673 0.038155 
0.208378 0.035000 43.705189 0.152968 0.015117 
0.208378 0.025000 43.705189 0.109263 0.015117 
0.201336 0.015000 43.705189 0.065558 -0.008225 
