2.000000 9.985000 101.430758 101.278611 3.012123 
2.000000 9.975000 101.430758 101.177181 3.012123 
2.000000 9.965000 101.430758 101.075750 3.012123 
2.000000 9.955000 101.430758 100.974319 3.012123 
2.000000 9.945000 101.430758 100.872888 3.012123 
2.000000 9.935000 101.430758 100.771458 3.012123 
2.000000 9.925000 101.430758 100.670027 3.012123 
2.000000 9.915000 101.430758 100.568596 3.012123 
2.000000 9.905000 101.430758 100.467165 3.012123 
2.000000 9.895000 101.430758 100.365735 3.012123 
2.000000 9.885000 101.430758 100.264304 3.012123 
2.000000 9.875000 101.430758 100.162873 3.012123 
2.000000 9.865000 101.430758 100.061442 3.012123 
2.000000 9.855000 101.430758 99.960012 3.012123 
2.000000 9.845000 101.430758 99.858581 3.012123 
2.000000 9.835000 101.430758 99.757150 3.012123 
2.000000 9.825000 101.430758 99.655719 3.012123 
2.000000 9.815000 101.430758 99.554289 3.012123 
2.000000 9.805000 101.430758 99.452858 3.012123 
2.000000 9.795000 101.430758 99.351427 3.012123 
2.000000 9.785000 101.430758 99.249996 3.012123 
2.000000 9.775000 101.430758 99.148566 3.012123 
2.000000 9.765000 101.430758 99.047135 3.012123 
2.000000 9.755000 101.430758 98.945704 3.012123 
2.000000 9.745000 101.430758 98.844273 3.012123 
2.000000 9.735000 101.430758 98.742843 3.012123 
2.000000 9.725000 101.430758 98.641412 3.012123 
2.000000 9.715000 101.430758 98.539981 3.012123 
2.000000 9.705000 101.430758 98.438550 3.012123 
2.000000 9.695000 101.430758 98.337119 3.012123 
2.000000 9.685000 101.430758 98.235689 3.012123 
2.000000 9.675000 101.430758 98.134258 3.012123 
2.000000 9.665000 101.430758 98.032827 3.012123 
2.000000 9.655000 101.430758 97.931396 3.012123 
2.000000 9.645000 101.430758 97.829966 3.012123 
2.000000 9.635000 101.430758 97.728535 3.012123 
2.000000 9.625000 101.430758 97.627104 3.012123 
2.000000 9.615000 101.430758 97.525673 3.012123 
2.000000 9.605000 101.430758 97.424243 3.012123 
2.000000 9.595000 101.430758 97.322812 3.012123 
2.000000 9.585000 101.430758 97.221381 3.012123 
2.000000 9.575000 101.430758 97.119950 3.012123 
2.000000 9.565000 101.430758 97.018520 3.012123 
2.000000 9.555000 101.430758 96.917089 3.012123 
2.000000 9.545000 101.430758 96.815658 3.012123 
2.000000 9.535000 101.430758 96.714227 3.012123 
2.000000 9.525000 101.430758 96.612797 3.012123 
2.000000 9.515000 101.430758 96.511366 3.012123 
2.000000 9.505000 101.430758 96.409935 3.012123 
2.000000 9.495000 101.430758 96.308504 3.012123 
2.000000 9.485000 101.430758 96.207074 3.012123 
2.000000 9.475000 101.430758 96.105643 3.012123 
2.000000 9.465000 101.430758 96.004212 3.012123 
2.000000 9.455000 101.430758 95.902781 3.012123 
2.000000 9.445000 101.430758 95.801351 3.012123 
2.000000 9.435000 101.430758 95.699920 3.012123 
2.000000 9.425000 101.430758 95.598489 3.012123 
2.000000 9.415000 101.430758 95.497058 3.012123 
2.000000 9.405000 101.430758 95.395628 3.012123 
2.000000 9.395000 101.430758 95.294197 3.012123 
2.000000 9.385000 101.430758 95.192766 3.012123 
2.000000 9.375000 101.430758 95.091335 3.012123 
2.000000 9.365000 101.430758 94.989904 3.012123 
2.000000 9.355000 101.430758 94.888474 3.012123 
2.000000 9.345000 101.430758 94.787043 3.012123 
2.000000 9.335000 101.430758 94.685612 3.012123 
2.000000 9.325000 101.430758 94.584181 3.012123 
2.000000 9.315000 101.430758 94.482751 3.012123 
2.000000 9.305000 101.430758 94.381320 3.012123 
2.000000 9.295000 101.430758 94.279889 3.012123 
2.000000 9.285000 101.430758 94.178458 3.012123 
2.000000 9.275000 101.430758 94.077028 3.012123 
2.000000 9.265000 101.430758 93.975597 3.012123 
2.000000 9.255000 101.430758 93.874166 3.012123 
2.000000 9.245000 101.430758 93.772735 3.012123 
2.000000 9.235000 101.430758 93.671305 3.012123 
2.000000 9.225000 101.430758 93.569874 3.012123 
2.000000 9.215000 101.430758 93.468443 3.012123 
2.000000 9.205000 101.430758 93.367012 3.012123 
2.000000 9.195000 101.430758 93.265582 3.012123 
2.000000 9.185000 101.430758 93.164151 3.012123 
2.000000 9.175000 101.430758 93.062720 3.012123 
2.000000 9.165000 101.430758 92.961289 3.012123 
2.000000 9.155000 101.430758 92.859859 3.012123 
2.000000 9.145000 101.430758 92.758428 3.012123 
2.000000 9.135000 101.430758 92.656997 3.012123 
2.000000 9.125000 101.430758 92.555566 3.012123 
2.000000 9.115000 101.430758 92.454136 3.012123 
2.000000 9.105000 101.430758 92.352705 3.012123 
2.000000 9.095000 101.430758 92.251274 3.012123 
2.000000 9.085000 101.430758 92.149843 3.012123 
2.000000 9.075000 101.430758 92.048413 3.012123 
2.000000 9.065000 101.430758 91.946982 3.012123 
2.000000 9.055000 101.430758 91.845551 3.012123 
2.000000 9.045000 101.430758 91.744120 3.012123 
2.000000 9.035000 101.430758 91.642689 3.012123 
2.000000 9.025000 101.430758 91.541259 3.012123 
2.000000 9.015000 101.430758 91.439828 3.012123 
2.000000 9.005000 101.430758 91.338397 3.012123 
2.000000 8.995000 101.430758 91.236966 3.012123 
2.000000 8.985000 101.430758 91.135536 3.012123 
2.000000 8.975000 101.430758 91.034105 3.012123 
2.000000 8.965000 101.430758 90.932674 3.012123 
2.000000 8.955000 101.430758 90.831243 3.012123 
2.000000 8.945000 101.430758 90.729813 3.012123 
2.000000 8.935000 101.430758 90.628382 3.012123 
2.000000 8.925000 101.430758 90.526951 3.012123 
2.000000 8.915000 101.430758 90.425520 3.012123 
2.000000 8.905000 101.430758 90.324090 3.012123 
2.000000 8.895000 101.430758 90.222659 3.012123 
2.000000 8.885000 101.430758 90.121228 3.012123 
2.000000 8.875000 101.430758 90.019797 3.012123 
2.000000 8.865000 101.430758 89.918367 3.012123 
2.000000 8.855000 101.430758 89.816936 3.012123 
2.000000 8.845000 101.430758 89.715505 3.012123 
2.000000 8.835000 101.430758 89.614074 3.012123 
2.000000 8.825000 101.430758 89.512644 3.012123 
2.000000 8.815000 101.430758 89.411213 3.012123 
2.000000 8.805000 101.430758 89.309782 3.012123 
2.000000 8.795000 101.430758 89.208351 3.012123 
2.000000 8.785000 101.430758 89.106921 3.012123 
2.000000 8.775000 101.430758 89.005490 3.012123 
2.000000 8.765000 101.430758 88.904059 3.012123 
2.000000 8.755000 101.430758 88.802628 3.012123 
2.000000 8.745000 101.430758 88.701198 3.012123 
2.000000 8.735000 101.430758 88.599767 3.012123 
2.000000 8.725000 101.430758 88.498336 3.012123 
2.000000 8.715000 101.430758 88.396905 3.012123 
2.000000 8.705000 101.430758 88.295474 3.012123 
2.000000 8.695000 101.430758 88.194044 3.012123 
2.000000 8.685000 101.430758 88.092613 3.012123 
2.000000 8.675000 101.430758 87.991182 3.012123 
2.000000 8.665000 101.430758 87.889751 3.012123 
2.000000 8.655000 101.430758 87.788321 3.012123 
2.000000 8.645000 101.430758 87.686890 3.012123 
2.000000 8.635000 101.430758 87.585459 3.012123 
2.000000 8.625000 101.430758 87.484028 3.012123 
2.000000 8.615000 101.430758 87.382598 3.012123 
2.000000 8.605000 101.430758 87.281167 3.012123 
2.000000 8.595000 101.430758 87.179736 3.012123 
2.000000 8.585000 101.430758 87.078305 3.012123 
2.000000 8.575000 101.430758 86.976875 3.012123 
2.000000 8.565000 101.430758 86.875444 3.012123 
2.000000 8.555000 101.430758 86.774013 3.012123 
2.000000 8.545000 101.430758 86.672582 3.012123 
2.000000 8.535000 101.430758 86.571152 3.012123 
2.000000 8.525000 101.430758 86.469721 3.012123 
2.000000 8.515000 101.430758 86.368290 3.012123 
2.000000 8.505000 101.430758 86.266859 3.012123 
2.000000 8.495000 101.430758 86.165429 3.012123 
2.000000 8.485000 101.430758 86.063998 3.012123 
2.000000 8.475000 101.430758 85.962567 3.012123 
2.000000 8.465000 101.430758 85.861136 3.012123 
2.000000 8.455000 101.430758 85.759706 3.012123 
2.000000 8.445000 101.430758 85.658275 3.012123 
2.000000 8.435000 101.430758 85.556844 3.012123 
2.000000 8.425000 101.430758 85.455413 3.012123 
2.000000 8.415000 101.430758 85.353983 3.012123 
2.000000 8.405000 101.430758 85.252552 3.012123 
2.000000 8.395000 101.430758 85.151121 3.012123 
2.000000 8.385000 101.430758 85.049690 3.012123 
2.000000 8.375000 101.430758 84.948259 3.012123 
2.000000 8.365000 101.430758 84.846829 3.012123 
2.000000 8.355000 101.430758 84.745398 3.012123 
2.000000 8.345000 101.430758 84.643967 3.012123 
2.000000 8.335000 101.430758 84.542536 3.012123 
2.000000 8.325000 101.430758 84.441106 3.012123 
2.000000 8.315000 101.430758 84.339675 3.012123 
2.000000 8.305000 101.430758 84.238244 3.012123 
2.000000 8.295000 101.430758 84.136813 3.012123 
2.000000 8.285000 101.430758 84.035383 3.012123 
2.000000 8.275000 101.430758 83.933952 3.012123 
2.000000 8.265000 101.430758 83.832521 3.012123 
2.000000 8.255000 101.430758 83.731090 3.012123 
2.000000 8.245000 101.430758 83.629660 3.012123 
2.000000 8.235000 101.430758 83.528229 3.012123 
2.000000 8.225000 101.430758 83.426798 3.012123 
2.000000 8.215000 101.430758 83.325367 3.012123 
2.000000 8.205000 101.430758 83.223937 3.012123 
2.000000 8.195000 101.430758 83.122506 3.012123 
2.000000 8.185000 101.430758 83.021075 3.012123 
2.000000 8.175000 101.430758 82.919644 3.012123 
2.000000 8.165000 101.430758 82.818214 3.012123 
2.000000 8.155000 101.430758 82.716783 3.012123 
2.000000 8.145000 101.430758 82.615352 3.012123 
2.000000 8.135000 101.430758 82.513921 3.012123 
2.000000 8.125000 101.430758 82.412491 3.012123 
2.000000 8.115000 101.430758 82.311060 3.012123 
2.000000 8.105000 101.430758 82.209629 3.012123 
2.000000 8.095000 101.430758 82.108198 3.012123 
2.000000 8.085000 101.430758 82.006768 3.012123 
2.000000 8.075000 101.430758 81.905337 3.012123 
2.000000 8.065000 101.430758 81.803906 3.012123 
2.000000 8.055000 101.430758 81.702475 3.012123 
2.000000 8.045000 101.430758 81.601044 3.012123 
2.000000 8.035000 101.430758 81.499614 3.012123 
2.000000 8.025000 101.430758 81.398183 3.012123 
2.000000 8.015000 101.430758 81.296752 3.012123 
2.000000 8.005000 101.430758 81.195321 3.012123 
2.000000 7.995000 101.430758 81.093891 3.012123 
2.000000 7.985000 101.430758 80.992460 3.012123 
2.000000 7.975000 101.430758 80.891029 3.012123 
2.000000 7.965000 101.430758 80.789598 3.012123 
2.000000 7.955000 101.430758 80.688168 3.012123 
2.000000 7.945000 101.430758 80.586737 3.012123 
2.000000 7.935000 101.430758 80.485306 3.012123 
2.000000 7.925000 101.430758 80.383875 3.012123 
2.000000 7.915000 101.430758 80.282445 3.012123 
2.000000 7.905000 101.430758 80.181014 3.012123 
2.000000 7.895000 101.430758 80.079583 3.012123 
2.000000 7.885000 101.430758 79.978152 3.012123 
2.000000 7.875000 101.430758 79.876722 3.012123 
2.000000 7.865000 101.430758 79.775291 3.012123 
2.000000 7.855000 101.430758 79.673860 3.012123 
2.000000 7.845000 101.430758 79.572429 3.012123 
2.000000 7.835000 101.430758 79.470999 3.012123 
2.000000 7.825000 101.430758 79.369568 3.012123 
2.000000 7.815000 101.430758 79.268137 3.012123 
2.000000 7.805000 101.430758 79.166706 3.012123 
2.000000 7.795000 101.430758 79.065276 3.012123 
2.000000 7.785000 101.430758 78.963845 3.012123 
2.000000 7.775000 101.430758 78.862414 3.012123 
2.000000 7.765000 101.430758 78.760983 3.012123 
2.000000 7.755000 101.430758 78.659553 3.012123 
2.000000 7.745000 101.430758 78.558122 3.012123 
2.000000 7.735000 101.430758 78.456691 3.012123 
2.000000 7.725000 101.430758 78.355260 3.012123 
2.000000 7.715000 101.430758 78.253829 3.012123 
2.000000 7.705000 101.430758 78.152399 3.012123 
2.000000 7.695000 101.430758 78.050968 3.012123 
2.000000 7.685000 101.430758 77.949537 3.012123 
2.000000 7.675000 101.430758 77.848106 3.012123 
2.000000 7.665000 101.430758 77.746676 3.012123 
2.000000 7.655000 101.430758 77.645245 3.012123 
2.000000 7.645000 101.430758 77.543814 3.012123 
2.000000 7.635000 101.430758 77.442383 3.012123 
2.000000 7.625000 101.430758 77.340953 3.012123 
2.000000 7.615000 101.430758 77.239522 3.012123 
2.000000 7.605000 101.430758 77.138091 3.012123 
2.000000 7.595000 101.430758 77.036660 3.012123 
2.000000 7.585000 101.430758 76.935230 3.012123 
2.000000 7.575000 101.430758 76.833799 3.012123 
2.000000 7.565000 101.430758 76.732368 3.012123 
2.000000 7.555000 101.430758 76.630937 3.012123 
2.000000 7.545000 101.430758 76.529507 3.012123 
2.000000 7.535000 101.430758 76.428076 3.012123 
2.000000 7.525000 101.430758 76.326645 3.012123 
2.000000 7.515000 101.430758 76.225214 3.012123 
2.000000 7.505000 101.430758 76.123784 3.012123 
2.000000 7.495000 101.430758 76.022353 3.012123 
2.000000 7.485000 101.430758 75.920922 3.012123 
2.000000 7.475000 101.430758 75.819491 3.012123 
2.000000 7.465000 101.430758 75.718061 3.012123 
2.000000 7.455000 101.430758 75.616630 3.012123 
2.000000 7.445000 101.430758 75.515199 3.012123 
2.000000 7.435000 101.430758 75.413768 3.012123 
2.000000 7.425000 101.430758 75.312338 3.012123 
2.000000 7.415000 101.430758 75.210907 3.012123 
2.000000 7.405000 101.430758 75.109476 3.012123 
2.000000 7.395000 101.430758 75.008045 3.012123 
2.000000 7.385000 101.430758 74.906614 3.012123 
2.000000 7.375000 101.430758 74.805184 3.012123 
2.000000 7.365000 101.430758 74.703753 3.012123 
2.000000 7.355000 101.430758 74.602322 3.012123 
2.000000 7.345000 101.430758 74.500891 3.012123 
2.000000 7.335000 101.430758 74.399461 3.012123 
2.000000 7.325000 101.430758 74.298030 3.012123 
2.000000 7.315000 101.430758 74.196599 3.012123 
2.000000 7.305000 101.430758 74.095168 3.012123 
2.000000 7.295000 101.430758 73.993738 3.012123 
2.000000 7.285000 101.430758 73.892307 3.012123 
2.000000 7.275000 101.430758 73.790876 3.012123 
2.000000 7.265000 101.430758 73.689445 3.012123 
2.000000 7.255000 101.430758 73.588015 3.012123 
2.000000 7.245000 101.430758 73.486584 3.012123 
2.000000 7.235000 101.430758 73.385153 3.012123 
2.000000 7.225000 101.430758 73.283722 3.012123 
2.000000 7.215000 101.430758 73.182292 3.012123 
2.000000 7.205000 101.430758 73.080861 3.012123 
2.000000 7.195000 101.430758 72.979430 3.012123 
2.000000 7.185000 101.430758 72.877999 3.012123 
2.000000 7.175000 101.430758 72.776569 3.012123 
2.000000 7.165000 101.430758 72.675138 3.012123 
2.000000 7.155000 101.430758 72.573707 3.012123 
2.000000 7.145000 101.430758 72.472276 3.012123 
2.000000 7.135000 101.430758 72.370846 3.012123 
2.000000 7.125000 101.430758 72.269415 3.012123 
2.000000 7.115000 101.430758 72.167984 3.012123 
2.000000 7.105000 101.430758 72.066553 3.012123 
2.000000 7.095000 101.430758 71.965123 3.012123 
2.000000 7.085000 101.430758 71.863692 3.012123 
2.000000 7.075000 101.430758 71.762261 3.012123 
2.000000 7.065000 101.430758 71.660830 3.012123 
2.000000 7.055000 101.430758 71.559399 3.012123 
2.000000 7.045000 101.430758 71.457969 3.012123 
2.000000 7.035000 101.430758 71.356538 3.012123 
2.000000 7.025000 101.430758 71.255107 3.012123 
2.000000 7.015000 101.430758 71.153676 3.012123 
2.000000 7.005000 101.430758 71.052246 3.012123 
2.000000 6.995000 101.430758 70.950815 3.012123 
2.000000 6.985000 101.430758 70.849384 3.012123 
2.000000 6.975000 101.430758 70.747953 3.012123 
2.000000 6.965000 101.430758 70.646523 3.012123 
2.000000 6.955000 101.430758 70.545092 3.012123 
2.000000 6.945000 101.430758 70.443661 3.012123 
2.000000 6.935000 101.430758 70.342230 3.012123 
2.000000 6.925000 101.430758 70.240800 3.012123 
2.000000 6.915000 101.430758 70.139369 3.012123 
2.000000 6.905000 101.430758 70.037938 3.012123 
2.000000 6.895000 101.430758 69.936507 3.012123 
2.000000 6.885000 101.430758 69.835077 3.012123 
2.000000 6.875000 101.430758 69.733646 3.012123 
2.000000 6.865000 101.430758 69.632215 3.012123 
2.000000 6.855000 101.430758 69.530784 3.012123 
2.000000 6.845000 101.430758 69.429354 3.012123 
2.000000 6.835000 101.430758 69.327923 3.012123 
2.000000 6.825000 101.430758 69.226492 3.012123 
2.000000 6.815000 101.430758 69.125061 3.012123 
2.000000 6.805000 101.430758 69.023631 3.012123 
2.000000 6.795000 101.430758 68.922200 3.012123 
2.000000 6.785000 101.430758 68.820769 3.012123 
2.000000 6.775000 101.430758 68.719338 3.012123 
2.000000 6.765000 101.430758 68.617908 3.012123 
2.000000 6.755000 101.430758 68.516477 3.012123 
2.000000 6.745000 101.430758 68.415046 3.012123 
2.000000 6.735000 101.430758 68.313615 3.012123 
2.000000 6.725000 101.430758 68.212184 3.012123 
2.000000 6.715000 101.430758 68.110754 3.012123 
2.000000 6.705000 101.430758 68.009323 3.012123 
2.000000 6.695000 101.430758 67.907892 3.012123 
2.000000 6.685000 101.430758 67.806461 3.012123 
2.000000 6.675000 101.430758 67.705031 3.012123 
2.000000 6.665000 101.430758 67.603600 3.012123 
2.000000 6.655000 101.430758 67.502169 3.012123 
2.000000 6.645000 101.430758 67.400738 3.012123 
2.000000 6.635000 101.430758 67.299308 3.012123 
2.000000 6.625000 101.430758 67.197877 3.012123 
2.000000 6.615000 101.430758 67.096446 3.012123 
2.000000 6.605000 101.430758 66.995015 3.012123 
2.000000 6.595000 101.430758 66.893585 3.012123 
2.000000 6.585000 101.430758 66.792154 3.012123 
2.000000 6.575000 101.430758 66.690723 3.012123 
2.000000 6.565000 101.430758 66.589292 3.012123 
2.000000 6.555000 101.430758 66.487862 3.012123 
2.000000 6.545000 101.430758 66.386431 3.012123 
2.000000 6.535000 101.430758 66.285000 3.012123 
2.000000 6.525000 101.430758 66.183569 3.012123 
2.000000 6.515000 101.430758 66.082139 3.012123 
2.000000 6.505000 101.430758 65.980708 3.012123 
2.000000 6.495000 101.430758 65.879277 3.012123 
2.000000 6.485000 101.430758 65.777846 3.012123 
2.000000 6.475000 101.430758 65.676416 3.012123 
2.000000 6.465000 101.430758 65.574985 3.012123 
2.000000 6.455000 101.430758 65.473554 3.012123 
2.000000 6.445000 101.430758 65.372123 3.012123 
2.000000 6.435000 101.430758 65.270693 3.012123 
2.000000 6.425000 101.430758 65.169262 3.012123 
2.000000 6.415000 101.430758 65.067831 3.012123 
2.000000 6.405000 101.430758 64.966400 3.012123 
2.000000 6.395000 101.430758 64.864969 3.012123 
2.000000 6.385000 101.430758 64.763539 3.012123 
2.000000 6.375000 101.430758 64.662108 3.012123 
2.000000 6.365000 101.430758 64.560677 3.012123 
2.000000 6.355000 101.430758 64.459246 3.012123 
2.000000 6.345000 101.430758 64.357816 3.012123 
2.000000 6.335000 101.430758 64.256385 3.012123 
2.000000 6.325000 101.430758 64.154954 3.012123 
2.000000 6.315000 101.430758 64.053523 3.012123 
2.000000 6.305000 101.430758 63.952093 3.012123 
2.000000 6.295000 101.430758 63.850662 3.012123 
2.000000 6.285000 101.430758 63.749231 3.012123 
2.000000 6.275000 101.430758 63.647800 3.012123 
2.000000 6.265000 101.430758 63.546370 3.012123 
2.000000 6.255000 101.430758 63.444939 3.012123 
2.000000 6.245000 101.430758 63.343508 3.012123 
2.000000 6.235000 101.430758 63.242077 3.012123 
2.000000 6.225000 101.430758 63.140647 3.012123 
2.000000 6.215000 101.430758 63.039216 3.012123 
2.000000 6.205000 101.430758 62.937785 3.012123 
2.000000 6.195000 101.430758 62.836354 3.012123 
2.000000 6.185000 101.430758 62.734924 3.012123 
2.000000 6.175000 101.430758 62.633493 3.012123 
2.000000 6.165000 101.430758 62.532062 3.012123 
2.000000 6.155000 101.430758 62.430631 3.012123 
2.000000 6.145000 101.430758 62.329201 3.012123 
2.000000 6.135000 101.430758 62.227770 3.012123 
2.000000 6.125000 101.430758 62.126339 3.012123 
2.000000 6.115000 101.430758 62.024908 3.012123 
2.000000 6.105000 101.430758 61.923478 3.012123 
2.000000 6.095000 101.430758 61.822047 3.012123 
2.000000 6.085000 101.430758 61.720616 3.012123 
2.000000 6.075000 101.430758 61.619185 3.012123 
2.000000 6.065000 101.430758 61.517754 3.012123 
2.000000 6.055000 101.430758 61.416324 3.012123 
2.000000 6.045000 101.430758 61.314893 3.012123 
2.000000 6.035000 101.430758 61.213462 3.012123 
2.000000 6.025000 101.430758 61.112031 3.012123 
2.000000 6.015000 101.430758 61.010601 3.012123 
2.000000 6.005000 101.430758 60.909170 3.012123 
2.000000 5.995000 101.430758 60.807739 3.012123 
2.000000 5.985000 101.430758 60.706308 3.012123 
2.000000 5.975000 101.430758 60.604878 3.012123 
2.000000 5.965000 101.430758 60.503447 3.012123 
2.000000 5.955000 101.430758 60.402016 3.012123 
2.000000 5.945000 101.430758 60.300585 3.012123 
2.000000 5.935000 101.430758 60.199155 3.012123 
2.000000 5.925000 101.430758 60.097724 3.012123 
2.000000 5.915000 101.430758 59.996293 3.012123 
2.000000 5.905000 101.430758 59.894862 3.012123 
2.000000 5.895000 101.430758 59.793432 3.012123 
2.000000 5.885000 101.430758 59.692001 3.012123 
2.000000 5.875000 101.430758 59.590570 3.012123 
2.000000 5.865000 101.430758 59.489139 3.012123 
2.000000 5.855000 101.430758 59.387709 3.012123 
2.000000 5.845000 101.430758 59.286278 3.012123 
2.000000 5.835000 101.430758 59.184847 3.012123 
2.000000 5.825000 101.430758 59.083416 3.012123 
2.000000 5.815000 101.430758 58.981986 3.012123 
2.000000 5.805000 101.430758 58.880555 3.012123 
2.000000 5.795000 101.430758 58.779124 3.012123 
2.000000 5.785000 101.430758 58.677693 3.012123 
2.000000 5.775000 101.430758 58.576263 3.012123 
2.000000 5.765000 101.430758 58.474832 3.012123 
2.000000 5.755000 101.430758 58.373401 3.012123 
2.000000 5.745000 101.430758 58.271970 3.012123 
2.000000 5.735000 101.430758 58.170539 3.012123 
2.000000 5.725000 101.430758 58.069109 3.012123 
2.000000 5.715000 101.430758 57.967678 3.012123 
2.000000 5.705000 101.430758 57.866247 3.012123 
2.000000 5.695000 101.430758 57.764816 3.012123 
2.000000 5.685000 101.430758 57.663386 3.012123 
2.000000 5.675000 101.430758 57.561955 3.012123 
2.000000 5.665000 101.430758 57.460524 3.012123 
2.000000 5.655000 101.430758 57.359093 3.012123 
2.000000 5.645000 101.430758 57.257663 3.012123 
2.000000 5.635000 101.430758 57.156232 3.012123 
2.000000 5.625000 101.430758 57.054801 3.012123 
2.000000 5.615000 101.430758 56.953370 3.012123 
2.000000 5.605000 101.430758 56.851940 3.012123 
2.000000 5.595000 101.430758 56.750509 3.012123 
2.000000 5.585000 101.430758 56.649078 3.012123 
2.000000 5.575000 101.430758 56.547647 3.012123 
2.000000 5.565000 101.430758 56.446217 3.012123 
2.000000 5.555000 101.430758 56.344786 3.012123 
2.000000 5.545000 101.430758 56.243355 3.012123 
2.000000 5.535000 101.430758 56.141924 3.012123 
2.000000 5.525000 101.430758 56.040494 3.012123 
2.000000 5.515000 101.430758 55.939063 3.012123 
2.000000 5.505000 101.430758 55.837632 3.012123 
2.000000 5.495000 101.430758 55.736201 3.012123 
2.000000 5.485000 101.430758 55.634771 3.012123 
2.000000 5.475000 101.430758 55.533340 3.012123 
2.000000 5.465000 101.430758 55.431909 3.012123 
2.000000 5.455000 101.430758 55.330478 3.012123 
2.000000 5.445000 101.430758 55.229048 3.012123 
2.000000 5.435000 101.430758 55.127617 3.012123 
2.000000 5.425000 101.430758 55.026186 3.012123 
2.000000 5.415000 101.430758 54.924755 3.012123 
2.000000 5.405000 101.430758 54.823324 3.012123 
2.000000 5.395000 101.430758 54.721894 3.012123 
2.000000 5.385000 101.430758 54.620463 3.012123 
2.000000 5.375000 101.430758 54.519032 3.012123 
2.000000 5.365000 101.430758 54.417601 3.012123 
2.000000 5.355000 101.430758 54.316171 3.012123 
2.000000 5.345000 101.430758 54.214740 3.012123 
2.000000 5.335000 101.430758 54.113309 3.012123 
2.000000 5.325000 101.430758 54.011878 3.012123 
2.000000 5.315000 101.430758 53.910448 3.012123 
2.000000 5.305000 101.430758 53.809017 3.012123 
2.000000 5.295000 101.430758 53.707586 3.012123 
2.000000 5.285000 101.430758 53.606155 3.012123 
2.000000 5.275000 101.430758 53.504725 3.012123 
2.000000 5.265000 101.430758 53.403294 3.012123 
2.000000 5.255000 101.430758 53.301863 3.012123 
2.000000 5.245000 101.430758 53.200432 3.012123 
2.000000 5.235000 101.430758 53.099002 3.012123 
2.000000 5.225000 101.430758 52.997571 3.012123 
2.000000 5.215000 101.430758 52.896140 3.012123 
2.000000 5.205000 101.430758 52.794709 3.012123 
2.000000 5.195000 101.430758 52.693279 3.012123 
2.000000 5.185000 101.430758 52.591848 3.012123 
2.000000 5.175000 101.430758 52.490417 3.012123 
2.000000 5.165000 101.430758 52.388986 3.012123 
2.000000 5.155000 101.430758 52.287556 3.012123 
2.000000 5.145000 101.430758 52.186125 3.012123 
2.000000 5.135000 101.430758 52.084694 3.012123 
2.000000 5.125000 101.430758 51.983263 3.012123 
2.000000 5.115000 101.430758 51.881833 3.012123 
2.000000 5.105000 101.430758 51.780402 3.012123 
2.000000 5.095000 101.430758 51.678971 3.012123 
2.000000 5.085000 101.430758 51.577540 3.012123 
2.000000 5.075000 101.430758 51.476109 3.012123 
2.000000 5.065000 101.430758 51.374679 3.012123 
2.000000 5.055000 101.430758 51.273248 3.012123 
2.000000 5.045000 101.430758 51.171817 3.012123 
2.000000 5.035000 101.430758 51.070386 3.012123 
2.000000 5.025000 101.430758 50.968956 3.012123 
2.000000 5.015000 101.430758 50.867525 3.012123 
2.000000 5.005000 101.430758 50.766094 3.012123 
2.000000 4.995000 101.430758 50.664663 3.012123 
2.000000 4.985000 101.430758 50.563233 3.012123 
2.000000 4.975000 101.430758 50.461802 3.012123 
2.000000 4.965000 101.430758 50.360371 3.012123 
2.000000 4.955000 101.430758 50.258940 3.012123 
2.000000 4.945000 101.430758 50.157510 3.012123 
2.000000 4.935000 101.430758 50.056079 3.012123 
2.000000 4.925000 101.430758 49.954648 3.012123 
2.000000 4.915000 101.430758 49.853217 3.012123 
2.000000 4.905000 101.430758 49.751787 3.012123 
2.000000 4.895000 101.430758 49.650356 3.012123 
2.000000 4.885000 101.430758 49.548925 3.012123 
2.000000 4.875000 101.430758 49.447494 3.012123 
2.000000 4.865000 101.430758 49.346064 3.012123 
2.000000 4.855000 101.430758 49.244633 3.012123 
2.000000 4.845000 101.430758 49.143202 3.012123 
2.000000 4.835000 101.430758 49.041771 3.012123 
2.000000 4.825000 101.430758 48.940341 3.012123 
2.000000 4.815000 101.430758 48.838910 3.012123 
2.000000 4.805000 101.430758 48.737479 3.012123 
2.000000 4.795000 101.430758 48.636048 3.012123 
2.000000 4.785000 101.430758 48.534618 3.012123 
2.000000 4.775000 101.430758 48.433187 3.012123 
2.000000 4.765000 101.430758 48.331756 3.012123 
2.000000 4.755000 101.430758 48.230325 3.012123 
2.000000 4.745000 101.430758 48.128894 3.012123 
2.000000 4.735000 101.430758 48.027464 3.012123 
2.000000 4.725000 101.430758 47.926033 3.012123 
2.000000 4.715000 101.430758 47.824602 3.012123 
2.000000 4.705000 101.430758 47.723171 3.012123 
2.000000 4.695000 101.430758 47.621741 3.012123 
2.000000 4.685000 101.430758 47.520310 3.012123 
2.000000 4.675000 101.430758 47.418879 3.012123 
2.000000 4.665000 101.430758 47.317448 3.012123 
2.000000 4.655000 101.430758 47.216018 3.012123 
2.000000 4.645000 101.430758 47.114587 3.012123 
2.000000 4.635000 101.430758 47.013156 3.012123 
2.000000 4.625000 101.430758 46.911725 3.012123 
2.000000 4.615000 101.430758 46.810295 3.012123 
2.000000 4.605000 101.430758 46.708864 3.012123 
2.000000 4.595000 101.430758 46.607433 3.012123 
2.000000 4.585000 101.430758 46.506002 3.012123 
2.000000 4.575000 101.430758 46.404572 3.012123 
2.000000 4.565000 101.430758 46.303141 3.012123 
2.000000 4.555000 101.430758 46.201710 3.012123 
2.000000 4.545000 101.430758 46.100279 3.012123 
2.000000 4.535000 101.430758 45.998849 3.012123 
2.000000 4.525000 101.430758 45.897418 3.012123 
2.000000 4.515000 101.430758 45.795987 3.012123 
2.000000 4.505000 101.430758 45.694556 3.012123 
2.000000 4.495000 101.430758 45.593126 3.012123 
2.000000 4.485000 101.430758 45.491695 3.012123 
2.000000 4.475000 101.430758 45.390264 3.012123 
2.000000 4.465000 101.430758 45.288833 3.012123 
2.000000 4.455000 101.430758 45.187403 3.012123 
2.000000 4.445000 101.430758 45.085972 3.012123 
2.000000 4.435000 101.430758 44.984541 3.012123 
2.000000 4.425000 101.430758 44.883110 3.012123 
2.000000 4.415000 101.430758 44.781679 3.012123 
2.000000 4.405000 101.430758 44.680249 3.012123 
2.000000 4.395000 101.430758 44.578818 3.012123 
2.000000 4.385000 101.430758 44.477387 3.012123 
2.000000 4.375000 101.430758 44.375956 3.012123 
2.000000 4.365000 101.430758 44.274526 3.012123 
2.000000 4.355000 101.430758 44.173095 3.012123 
2.000000 4.345000 101.430758 44.071664 3.012123 
2.000000 4.335000 101.430758 43.970233 3.012123 
2.000000 4.325000 101.430758 43.868803 3.012123 
2.000000 4.315000 101.430758 43.767372 3.012123 
2.000000 4.305000 101.430758 43.665941 3.012123 
2.000000 4.295000 101.430758 43.564510 3.012123 
2.000000 4.285000 101.430758 43.463080 3.012123 
2.000000 4.275000 101.430758 43.361649 3.012123 
2.000000 4.265000 101.430758 43.260218 3.012123 
2.000000 4.255000 101.430758 43.158787 3.012123 
2.000000 4.245000 101.430758 43.057357 3.012123 
2.000000 4.235000 101.430758 42.955926 3.012123 
2.000000 4.225000 101.430758 42.854495 3.012123 
2.000000 4.215000 101.430758 42.753064 3.012123 
2.000000 4.205000 101.430758 42.651634 3.012123 
2.000000 4.195000 101.430758 42.550203 3.012123 
2.000000 4.185000 101.430758 42.448772 3.012123 
2.000000 4.175000 101.430758 42.347341 3.012123 
2.000000 4.165000 101.430758 42.245911 3.012123 
2.000000 4.155000 101.430758 42.144480 3.012123 
2.000000 4.145000 101.430758 42.043049 3.012123 
2.000000 4.135000 101.430758 41.941618 3.012123 
2.000000 4.125000 101.430758 41.840188 3.012123 
2.000000 4.115000 101.430758 41.738757 3.012123 
2.000000 4.105000 101.430758 41.637326 3.012123 
2.000000 4.095000 101.430758 41.535895 3.012123 
2.000000 4.085000 101.430758 41.434464 3.012123 
2.000000 4.075000 101.430758 41.333034 3.012123 
2.000000 4.065000 101.430758 41.231603 3.012123 
2.000000 4.055000 101.430758 41.130172 3.012123 
2.000000 4.045000 101.430758 41.028741 3.012123 
2.000000 4.035000 101.430758 40.927311 3.012123 
2.000000 4.025000 101.430758 40.825880 3.012123 
2.000000 4.015000 101.430758 40.724449 3.012123 
2.000000 4.005000 101.430758 40.623018 3.012123 
2.000000 3.995000 101.430758 40.521588 3.012123 
2.000000 3.985000 101.430758 40.420157 3.012123 
2.000000 3.975000 101.430758 40.318726 3.012123 
2.000000 3.965000 101.430758 40.217295 3.012123 
2.000000 3.955000 101.430758 40.115865 3.012123 
2.000000 3.945000 101.430758 40.014434 3.012123 
2.000000 3.935000 101.430758 39.913003 3.012123 
2.000000 3.925000 101.430758 39.811572 3.012123 
2.000000 3.915000 101.430758 39.710142 3.012123 
2.000000 3.905000 101.430758 39.608711 3.012123 
2.000000 3.895000 101.430758 39.507280 3.012123 
2.000000 3.885000 101.430758 39.405849 3.012123 
2.000000 3.875000 101.430758 39.304419 3.012123 
2.000000 3.865000 101.430758 39.202988 3.012123 
2.000000 3.855000 101.430758 39.101557 3.012123 
2.000000 3.845000 101.430758 39.000126 3.012123 
2.000000 3.835000 101.430758 38.898696 3.012123 
2.000000 3.825000 101.430758 38.797265 3.012123 
2.000000 3.815000 101.430758 38.695834 3.012123 
2.000000 3.805000 101.430758 38.594403 3.012123 
2.000000 3.795000 101.430758 38.492973 3.012123 
2.000000 3.785000 101.430758 38.391542 3.012123 
2.000000 3.775000 101.430758 38.290111 3.012123 
2.000000 3.765000 101.430758 38.188680 3.012123 
2.000000 3.755000 101.430758 38.087249 3.012123 
2.000000 3.745000 101.430758 37.985819 3.012123 
2.000000 3.735000 101.430758 37.884388 3.012123 
2.000000 3.725000 101.430758 37.782957 3.012123 
2.000000 3.715000 101.430758 37.681526 3.012123 
2.000000 3.705000 101.430758 37.580096 3.012123 
2.000000 3.695000 101.430758 37.478665 3.012123 
2.000000 3.685000 101.430758 37.377234 3.012123 
2.000000 3.675000 101.430758 37.275803 3.012123 
2.000000 3.665000 101.430758 37.174373 3.012123 
2.000000 3.655000 101.430758 37.072942 3.012123 
2.000000 3.645000 101.430758 36.971511 3.012123 
2.000000 3.635000 101.430758 36.870080 3.012123 
2.000000 3.625000 101.430758 36.768650 3.012123 
2.000000 3.615000 101.430758 36.667219 3.012123 
2.000000 3.605000 101.430758 36.565788 3.012123 
2.000000 3.595000 101.430758 36.464357 3.012123 
2.000000 3.585000 101.430758 36.362927 3.012123 
2.000000 3.575000 101.430758 36.261496 3.012123 
2.000000 3.565000 101.430758 36.160065 3.012123 
2.000000 3.555000 101.430758 36.058634 3.012123 
2.000000 3.545000 101.430758 35.957204 3.012123 
2.000000 3.535000 101.430758 35.855773 3.012123 
2.000000 3.525000 101.430758 35.754342 3.012123 
2.000000 3.515000 101.430758 35.652911 3.012123 
2.000000 3.505000 101.430758 35.551481 3.012123 
2.000000 3.495000 101.430758 35.450050 3.012123 
2.000000 3.485000 101.430758 35.348619 3.012123 
2.000000 3.475000 101.430758 35.247188 3.012123 
2.000000 3.465000 101.430758 35.145758 3.012123 
2.000000 3.455000 101.430758 35.044327 3.012123 
2.000000 3.445000 101.430758 34.942896 3.012123 
2.000000 3.435000 101.430758 34.841465 3.012123 
2.000000 3.425000 101.430758 34.740034 3.012123 
2.000000 3.415000 101.430758 34.638604 3.012123 
2.000000 3.405000 101.430758 34.537173 3.012123 
2.000000 3.395000 101.430758 34.435742 3.012123 
2.000000 3.385000 101.430758 34.334311 3.012123 
2.000000 3.375000 101.430758 34.232881 3.012123 
2.000000 3.365000 101.430758 34.131450 3.012123 
2.000000 3.355000 101.430758 34.030019 3.012123 
2.000000 3.345000 101.430758 33.928588 3.012123 
2.000000 3.335000 101.430758 33.827158 3.012123 
2.000000 3.325000 101.430758 33.725727 3.012123 
2.000000 3.315000 101.430758 33.624296 3.012123 
2.000000 3.305000 101.430758 33.522865 3.012123 
2.000000 3.295000 101.430758 33.421435 3.012123 
2.000000 3.285000 101.430758 33.320004 3.012123 
2.000000 3.275000 101.430758 33.218573 3.012123 
2.000000 3.265000 101.430758 33.117142 3.012123 
2.000000 3.255000 101.430758 33.015712 3.012123 
2.000000 3.245000 101.430758 32.914281 3.012123 
2.000000 3.235000 101.430758 32.812850 3.012123 
2.000000 3.225000 101.430758 32.711419 3.012123 
2.000000 3.215000 101.430758 32.609989 3.012123 
2.000000 3.205000 101.430758 32.508558 3.012123 
2.000000 3.195000 101.430758 32.407127 3.012123 
2.000000 3.185000 101.430758 32.305696 3.012123 
2.000000 3.175000 101.430758 32.204266 3.012123 
2.000000 3.165000 101.430758 32.102835 3.012123 
2.000000 3.155000 101.430758 32.001404 3.012123 
2.000000 3.145000 101.430758 31.899973 3.012123 
2.000000 3.135000 101.430758 31.798543 3.012123 
2.000000 3.125000 101.430758 31.697112 3.012123 
2.000000 3.115000 101.430758 31.595681 3.012123 
2.000000 3.105000 101.430758 31.494250 3.012123 
2.000000 3.095000 101.430758 31.392819 3.012123 
2.000000 3.085000 101.430758 31.291389 3.012123 
2.000000 3.075000 101.430758 31.189958 3.012123 
2.000000 3.065000 101.430758 31.088527 3.012123 
2.000000 3.055000 101.430758 30.987096 3.012123 
2.000000 3.045000 101.430758 30.885666 3.012123 
2.000000 3.035000 101.430758 30.784235 3.012123 
2.000000 3.025000 101.430758 30.682804 3.012123 
2.000000 3.015000 101.430758 30.581373 3.012123 
1.994658 3.005000 101.430758 30.479943 3.002218 
1.989242 2.995000 101.430758 30.378512 2.991422 
1.985590 2.985000 101.430758 30.277081 2.984261 
1.980049 2.975000 101.430758 30.175650 2.973573 
1.974433 2.965000 101.430758 30.074220 2.962946 
1.968742 2.955000 101.430758 29.972789 2.952376 
1.962975 2.945000 101.430758 29.871358 2.941861 
1.959089 2.935000 101.430758 29.769927 2.934881 
1.953196 2.925000 101.430758 29.668497 2.924452 
1.947226 2.915000 101.430758 29.567066 2.914071 
1.941180 2.905000 101.430758 29.465635 2.903736 
1.935056 2.895000 101.430758 29.364204 2.893444 
1.928856 2.885000 101.430758 29.262774 2.883193 
1.922578 2.875000 101.430758 29.161343 2.872980 
1.916221 2.865000 101.430758 29.059912 2.862803 
1.909787 2.855000 101.430758 28.958481 2.852660 
1.903274 2.845000 101.430758 28.857051 2.842549 
1.896682 2.835000 101.430758 28.755620 2.832467 
1.890011 2.825000 101.430758 28.654189 2.822412 
1.883260 2.815000 101.430758 28.552758 2.812383 
1.876429 2.805000 101.430758 28.451328 2.802376 
1.869518 2.795000 101.430758 28.349897 2.792391 
1.862526 2.785000 101.430758 28.248466 2.782425 
1.855453 2.775000 101.430758 28.147035 2.772476 
1.848298 2.765000 101.430758 28.045604 2.762543 
1.841061 2.755000 101.430758 27.944174 2.752622 
1.833742 2.745000 101.430758 27.842743 2.742713 
1.826340 2.735000 101.430758 27.741312 2.732813 
1.818855 2.725000 101.430758 27.639881 2.722921 
1.811286 2.715000 101.430758 27.538451 2.713034 
1.803634 2.705000 101.430758 27.437020 2.703151 
1.795896 2.695000 101.430758 27.335589 2.693270 
1.788074 2.685000 101.430758 27.234158 2.683389 
1.780166 2.675000 101.430758 27.132728 2.673506 
1.772172 2.665000 101.430758 27.031297 2.663620 
1.764092 2.655000 101.430758 26.929866 2.653728 
1.755925 2.645000 101.430758 26.828435 2.643828 
1.747670 2.635000 101.430758 26.727005 2.633920 
1.739328 2.625000 101.430758 26.625574 2.624001 
1.730897 2.615000 101.430758 26.524143 2.614068 
1.722377 2.605000 101.430758 26.422712 2.604122 
1.713767 2.595000 101.430758 26.321282 2.594158 
1.705067 2.585000 101.430758 26.219851 2.584176 
1.696277 2.575000 101.430758 26.118420 2.574174 
1.687395 2.565000 101.430758 26.016989 2.564150 
1.678421 2.555000 101.430758 25.915559 2.554101 
1.669355 2.545000 101.430758 25.814128 2.544026 
1.660195 2.535000 101.430758 25.712697 2.533924 
1.650942 2.525000 101.430758 25.611266 2.523791 
1.641594 2.515000 101.430758 25.509836 2.513627 
1.632151 2.505000 101.430758 25.408405 2.503428 
1.622612 2.495000 101.430758 25.306974 2.493193 
1.612977 2.485000 101.430758 25.205543 2.482921 
1.603245 2.475000 101.430758 25.104113 2.472607 
1.593414 2.465000 101.430758 25.002682 2.462252 
1.583485 2.455000 101.430758 24.901251 2.451852 
1.576810 2.445000 101.430758 24.799820 2.444892 
1.566715 2.435000 101.430758 24.698389 2.434413 
1.556519 2.425000 101.430758 24.596959 2.423883 
1.546221 2.415000 101.430758 24.495528 2.413300 
1.535821 2.405000 101.430758 24.394097 2.402661 
1.525317 2.395000 101.430758 24.292666 2.391965 
1.518257 2.385000 101.430758 24.191236 2.384800 
1.507579 2.375000 101.430758 24.089805 2.374002 
1.496796 2.365000 101.430758 23.988374 2.363138 
1.485906 2.355000 101.430758 23.886943 2.352208 
1.478586 2.345000 101.430758 23.785513 2.344882 
1.467517 2.335000 101.430758 23.684082 2.333833 
1.456338 2.325000 101.430758 23.582651 2.322708 
1.445049 2.315000 101.430758 23.481220 2.311506 
1.437461 2.305000 101.430758 23.379790 2.303993 
1.425986 2.295000 101.430758 23.278359 2.292654 
1.414398 2.285000 101.430758 23.176928 2.281229 
1.406609 2.275000 101.430758 23.075497 2.273563 
1.394830 2.265000 101.430758 22.974067 2.261987 
1.386913 2.255000 101.430758 22.872636 2.254216 
1.374940 2.245000 101.430758 22.771205 2.242479 
1.366892 2.235000 101.430758 22.669774 2.234598 
1.354722 2.225000 101.430758 22.568344 2.222689 
1.346541 2.215000 101.430758 22.466913 2.214690 
1.334169 2.205000 101.430758 22.365482 2.202599 
1.325853 2.195000 101.430758 22.264051 2.194474 
1.313277 2.185000 101.430758 22.162621 2.182189 
1.304823 2.175000 101.430758 22.061190 2.173932 
1.292038 2.165000 101.430758 21.959759 2.161440 
1.283444 2.155000 101.430758 21.858328 2.153041 
1.274793 2.145000 101.430758 21.756898 2.144582 
1.261708 2.135000 101.430758 21.655467 2.131779 
1.252913 2.125000 101.430758 21.554036 2.123165 
1.244059 2.115000 101.430758 21.452605 2.114487 
1.230667 2.105000 101.430758 21.351174 2.101344 
1.221664 2.095000 101.430758 21.249744 2.092496 
1.212601 2.085000 101.430758 21.148313 2.083578 
1.203477 2.075000 101.430758 21.046882 2.074587 
1.189676 2.065000 101.430758 20.945451 2.060959 
1.180398 2.055000 101.430758 20.844021 2.051778 
1.171056 2.045000 101.430758 20.742590 2.042518 
1.161652 2.035000 101.430758 20.641159 2.033175 
1.152183 2.025000 101.430758 20.539728 2.023749 
1.142650 2.015000 101.430758 20.438298 2.014237 
1.133051 2.005000 101.430758 20.336867 2.004636 
1.123387 1.995000 101.430758 20.235436 1.994944 
1.108766 1.985000 101.430758 20.134005 1.980230 
1.098935 1.975000 101.430758 20.032575 1.970299 
1.089035 1.965000 101.430758 19.931144 1.960269 
1.079066 1.955000 101.430758 19.829713 1.950135 
1.069028 1.945000 101.430758 19.728282 1.939896 
1.063983 1.935000 101.430758 19.626852 1.934735 
1.053839 1.925000 101.430758 19.525421 1.924331 
1.043624 1.915000 101.430758 19.423990 1.913812 
1.033336 1.905000 101.430758 19.322559 1.903177 
1.022976 1.895000 101.430758 19.221129 1.892420 
1.012541 1.885000 101.430758 19.119698 1.881539 
1.002032 1.875000 101.430758 19.018267 1.870530 
0.996749 1.865000 101.430758 18.916836 1.864976 
0.986127 1.855000 101.430758 18.815406 1.853766 
0.975427 1.845000 101.430758 18.713975 1.842418 
0.964650 1.835000 101.430758 18.612544 1.830927 
0.953794 1.825000 101.430758 18.511113 1.819288 
0.948336 1.815000 101.430758 18.409683 1.813412 
0.937359 1.805000 101.430758 18.308252 1.801542 
0.926302 1.795000 101.430758 18.206821 1.789512 
0.920743 1.785000 101.430758 18.105390 1.783435 
0.909561 1.775000 101.430758 18.003959 1.771154 
0.903939 1.765000 101.430758 17.902529 1.764949 
0.892632 1.755000 101.430758 17.801098 1.752404 
0.881238 1.745000 101.430758 17.699667 1.739676 
0.875509 1.735000 101.430758 17.598236 1.733241 
0.863985 1.725000 101.430758 17.496806 1.720224 
0.858190 1.715000 101.430758 17.395375 1.713641 
0.846533 1.705000 101.430758 17.293944 1.700320 
0.840670 1.695000 101.430758 17.192513 1.693581 
0.828877 1.685000 101.430758 17.091083 1.679939 
0.822945 1.675000 101.430758 16.989652 1.673034 
0.811012 1.665000 101.430758 16.888221 1.659052 
0.805010 1.655000 101.430758 16.786790 1.651972 
0.798984 1.645000 101.430758 16.685360 1.644831 
0.786860 1.635000 101.430758 16.583929 1.630363 
0.780761 1.625000 101.430758 16.482498 1.623033 
0.768490 1.615000 101.430758 16.381067 1.608174 
0.762317 1.605000 101.430758 16.279637 1.600642 
0.756119 1.595000 101.430758 16.178206 1.593040 
0.743646 1.585000 101.430758 16.076775 1.577621 
0.737371 1.575000 101.430758 15.975344 1.569800 
0.731069 1.565000 101.430758 15.873914 1.561902 
0.724742 1.555000 101.430758 15.772483 1.553927 
0.712007 1.545000 101.430758 15.671052 1.537735 
0.705599 1.535000 101.430758 15.569621 1.529515 
0.699164 1.525000 101.430758 15.468191 1.521210 
0.692701 1.515000 101.430758 15.366760 1.512817 
0.686211 1.505000 101.430758 15.265329 1.504335 
0.673145 1.495000 101.430758 15.163898 1.487093 
0.666570 1.485000 101.430758 15.062468 1.478329 
0.659966 1.475000 101.430758 14.961037 1.469466 
0.653333 1.465000 101.430758 14.859606 1.460503 
0.646671 1.455000 101.430758 14.758175 1.451436 
0.639978 1.445000 101.430758 14.656744 1.442262 
0.633256 1.435000 101.430758 14.555314 1.432980 
0.626504 1.425000 101.430758 14.453883 1.423586 
0.619721 1.415000 101.430758 14.352452 1.414077 
0.612907 1.405000 101.430758 14.251021 1.404450 
0.606062 1.395000 101.430758 14.149591 1.394701 
0.599186 1.385000 101.430758 14.048160 1.384828 
0.592277 1.375000 101.430758 13.946729 1.374828 
0.585337 1.365000 101.430758 13.845298 1.364695 
0.578363 1.355000 101.430758 13.743868 1.354427 
0.571357 1.345000 101.430758 13.642437 1.344019 
0.564318 1.335000 101.430758 13.541006 1.333467 
0.557245 1.325000 101.430758 13.439575 1.322768 
0.550138 1.315000 101.430758 13.338145 1.311916 
0.542996 1.305000 101.430758 13.236714 1.300907 
0.535820 1.295000 101.430758 13.135283 1.289735 
0.528608 1.285000 101.430758 13.033852 1.278397 
0.521361 1.275000 101.430758 12.932422 1.266885 
0.514077 1.265000 101.430758 12.830991 1.255194 
0.506757 1.255000 101.430758 12.729560 1.243320 
0.506757 1.245000 101.430758 12.628129 1.243320 
0.499400 1.235000 101.430758 12.526699 1.231254 
0.492006 1.225000 101.430758 12.425268 1.218991 
0.484573 1.215000 101.430758 12.323837 1.206523 
0.477102 1.205000 101.430758 12.222406 1.193844 
0.477102 1.195000 101.430758 12.120976 1.193844 
0.469592 1.185000 101.430758 12.019545 1.180945 
0.462042 1.175000 101.430758 11.918114 1.167818 
0.454453 1.165000 101.430758 11.816683 1.154455 
0.454453 1.155000 101.430758 11.715253 1.154455 
0.446823 1.145000 101.430758 11.613822 1.140846 
0.439151 1.135000 101.430758 11.512391 1.126983 
0.431438 1.125000 101.430758 11.410960 1.112854 
0.431438 1.115000 101.430758 11.309529 1.112854 
0.423682 1.105000 101.430758 11.208099 1.098449 
0.415884 1.095000 101.430758 11.106668 1.083757 
0.415884 1.085000 101.430758 11.005237 1.083757 
0.408042 1.075000 101.430758 10.903806 1.068764 
0.400155 1.065000 101.430758 10.802376 1.053459 
0.400155 1.055000 101.430758 10.700945 1.053459 
0.392224 1.045000 101.430758 10.599514 1.037826 
0.384247 1.035000 101.430758 10.498083 1.021852 
0.384247 1.025000 101.430758 10.396653 1.021852 
0.376224 1.015000 101.430758 10.295222 1.005521 
0.368153 1.005000 101.430758 10.193791 0.988815 
0.368153 0.995000 101.430758 10.092360 0.988815 
0.360035 0.985000 101.430758 9.990930 0.971717 
0.360035 0.975000 101.430758 9.889499 0.971717 
0.351867 0.965000 101.430758 9.788068 0.954206 
0.351867 0.955000 101.430758 9.686637 0.954206 
0.343651 0.945000 101.430758 9.585207 0.936262 
0.335384 0.935000 101.430758 9.483776 0.917863 
0.335384 0.925000 101.430758 9.382345 0.917863 
0.327065 0.915000 101.430758 9.280914 0.898983 
0.327065 0.905000 101.430758 9.179484 0.898983 
0.318695 0.895000 101.430758 9.078053 0.879597 
0.318695 0.885000 101.430758 8.976622 0.879597 
0.310271 0.875000 101.430758 8.875191 0.859676 
0.310271 0.865000 101.430758 8.773761 0.859676 
0.301793 0.855000 101.430758 8.672330 0.839189 
0.301793 0.845000 101.430758 8.570899 0.839189 
0.293260 0.835000 101.430758 8.469468 0.818102 
0.293260 0.825000 101.430758 8.368038 0.818102 
0.284671 0.815000 101.430758 8.266607 0.796379 
0.284671 0.805000 101.430758 8.165176 0.796379 
0.276024 0.795000 101.430758 8.063745 0.773978 
0.276024 0.785000 101.430758 7.962314 0.773978 
0.276024 0.775000 101.430758 7.860884 0.773978 
0.267319 0.765000 101.430758 7.759453 0.750857 
0.267319 0.755000 101.430758 7.658022 0.750857 
0.258555 0.745000 101.430758 7.556591 0.726967 
0.258555 0.735000 101.430758 7.455161 0.726967 
0.249729 0.725000 101.430758 7.353730 0.702255 
0.249729 0.715000 101.430758 7.252299 0.702255 
0.249729 0.705000 101.430758 7.150868 0.702255 
0.240841 0.695000 101.430758 7.049438 0.676661 
0.240841 0.685000 101.430758 6.948007 0.676661 
0.231890 0.675000 101.430758 6.846576 0.650122 
0.231890 0.665000 101.430758 6.745145 0.650122 
0.231890 0.655000 101.430758 6.643715 0.650122 
0.222873 0.645000 101.430758 6.542284 0.622564 
0.222873 0.635000 101.430758 6.440853 0.622564 
0.222873 0.625000 101.430758 6.339422 0.622564 
0.213790 0.615000 101.430758 6.237992 0.593909 
0.213790 0.605000 101.430758 6.136561 0.593909 
0.213790 0.595000 101.430758 6.035130 0.593909 
0.204639 0.585000 101.430758 5.933699 0.564065 
0.204639 0.575000 101.430758 5.832269 0.564065 
0.204639 0.565000 101.430758 5.730838 0.564065 
0.195419 0.555000 101.430758 5.629407 0.532933 
0.195419 0.545000 101.430758 5.527976 0.532933 
0.195419 0.535000 101.430758 5.426546 0.532933 
0.186127 0.525000 101.430758 5.325115 0.500400 
0.186127 0.515000 101.430758 5.223684 0.500400 
0.186127 0.505000 101.430758 5.122253 0.500400 
0.176762 0.495000 101.430758 5.020823 0.466339 
0.176762 0.485000 101.430758 4.919392 0.466339 
0.176762 0.475000 101.430758 4.817961 0.466339 
0.167322 0.465000 101.430758 4.716530 0.430609 
0.167322 0.455000 101.430758 4.615099 0.430609 
0.167322 0.445000 101.430758 4.513669 0.430609 
0.167322 0.435000 101.430758 4.412238 0.430609 
0.157805 0.425000 101.430758 4.310807 0.393047 
0.157805 0.415000 101.430758 4.209376 0.393047 
0.157805 0.405000 101.430758 4.107946 0.393047 
0.157805 0.395000 101.430758 4.006515 0.393047 
0.148208 0.385000 101.430758 3.905084 0.353472 
0.148208 0.375000 101.430758 3.803653 0.353472 
0.148208 0.365000 101.430758 3.702223 0.353472 
0.148208 0.355000 101.430758 3.600792 0.353472 
0.138531 0.345000 101.430758 3.499361 0.311681 
0.138531 0.335000 101.430758 3.397930 0.311681 
0.138531 0.325000 101.430758 3.296500 0.311681 
0.138531 0.315000 101.430758 3.195069 0.311681 
0.128770 0.305000 101.430758 3.093638 0.267443 
0.128770 0.295000 101.430758 2.992207 0.267443 
0.128770 0.285000 101.430758 2.890777 0.267443 
0.128770 0.275000 101.430758 2.789346 0.267443 
0.118923 0.265000 101.430758 2.687915 0.220506 
0.118923 0.255000 101.430758 2.586484 0.220506 
0.118923 0.245000 101.430758 2.485054 0.220506 
0.118923 0.235000 101.430758 2.383623 0.220506 
0.118923 0.225000 101.430758 2.282192 0.220506 
0.108987 0.215000 101.430758 2.180761 0.170596 
0.108987 0.205000 101.430758 2.079331 0.170596 
0.108987 0.195000 101.430758 1.977900 0.170596 
0.108987 0.185000 101.430758 1.876469 0.170596 
0.108987 0.175000 101.430758 1.775038 0.170596 
0.098961 0.165000 101.430758 1.673608 0.117430 
0.098961 0.155000 101.430758 1.572177 0.117430 
0.098961 0.145000 101.430758 1.470746 0.117430 
0.098961 0.135000 101.430758 1.369315 0.117430 
0.098961 0.125000 101.430758 1.267884 0.117430 
0.088840 0.115000 101.430758 1.166454 0.060738 
0.088840 0.105000 101.430758 1.065023 0.060738 
0.088840 0.095000 101.430758 0.963592 0.060738 
0.088840 0.085000 101.430758 0.862161 0.060738 
0.088840 0.075000 101.430758 0.760731 0.060738 
0.088840 0.065000 101.430758 0.659300 0.060738 
0.078621 0.055000 101.430758 0.557869 0.000319 
0.078621 0.045000 101.430758 0.456438 0.000319 
0.078621 0.035000 101.430758 0.355008 0.000319 
0.078621 0.025000 101.430758 0.253577 0.000319 
0.078621 0.015000 101.430758 0.152146 0.000319 
