1.999998 9.985000 3.845610 3.839841 4.825193 
1.999998 9.975000 3.845610 3.835996 4.825193 
1.999998 9.965000 3.845610 3.832150 4.825193 
1.999998 9.955000 3.845610 3.828304 4.825193 
1.999998 9.945000 3.845610 3.824459 4.825193 
1.999998 9.935000 3.845610 3.820613 4.825193 
1.999998 9.925000 3.845610 3.816768 4.825193 
1.999998 9.915000 3.845610 3.812922 4.825193 
1.999998 9.905000 3.845610 3.809076 4.825193 
1.999998 9.895000 3.845610 3.805231 4.825193 
1.999998 9.885000 3.845610 3.801385 4.825193 
1.999998 9.875000 3.845610 3.797539 4.825193 
1.999998 9.865000 3.845610 3.793694 4.825193 
1.999998 9.855000 3.845610 3.789848 4.825193 
1.999998 9.845000 3.845610 3.786003 4.825193 
1.999998 9.835000 3.845610 3.782157 4.825193 
1.999998 9.825000 3.845610 3.778311 4.825193 
1.999998 9.815000 3.845610 3.774466 4.825193 
1.999998 9.805000 3.845610 3.770620 4.825193 
1.999998 9.795000 3.845610 3.766775 4.825193 
1.999998 9.785000 3.845610 3.762929 4.825193 
1.999998 9.775000 3.845610 3.759083 4.825193 
1.999998 9.765000 3.845610 3.755238 4.825193 
1.999998 9.755000 3.845610 3.751392 4.825193 
1.999998 9.745000 3.845610 3.747547 4.825193 
1.999998 9.735000 3.845610 3.743701 4.825193 
1.999998 9.725000 3.845610 3.739855 4.825193 
1.999998 9.715000 3.845610 3.736010 4.825193 
1.999998 9.705000 3.845610 3.732164 4.825193 
1.999998 9.695000 3.845610 3.728319 4.825193 
1.999998 9.685000 3.845610 3.724473 4.825193 
1.999998 9.675000 3.845610 3.720627 4.825193 
1.999998 9.665000 3.845610 3.716782 4.825193 
1.999998 9.655000 3.845610 3.712936 4.825193 
1.999998 9.645000 3.845610 3.709090 4.825193 
1.999998 9.635000 3.845610 3.705245 4.825193 
1.999998 9.625000 3.845610 3.701399 4.825193 
1.999998 9.615000 3.845610 3.697554 4.825193 
1.999998 9.605000 3.845610 3.693708 4.825193 
1.999998 9.595000 3.845610 3.689862 4.825193 
1.999998 9.585000 3.845610 3.686017 4.825193 
1.999998 9.575000 3.845610 3.682171 4.825193 
1.999998 9.565000 3.845610 3.678326 4.825193 
1.999998 9.555000 3.845610 3.674480 4.825193 
1.999998 9.545000 3.845610 3.670634 4.825193 
1.999998 9.535000 3.845610 3.666789 4.825193 
1.999998 9.525000 3.845610 3.662943 4.825193 
1.999998 9.515000 3.845610 3.659098 4.825193 
1.999998 9.505000 3.845610 3.655252 4.825193 
1.999998 9.495000 3.845610 3.651406 4.825193 
1.999998 9.485000 3.845610 3.647561 4.825193 
1.999998 9.475000 3.845610 3.643715 4.825193 
1.999998 9.465000 3.845610 3.639870 4.825193 
1.999998 9.455000 3.845610 3.636024 4.825193 
1.999998 9.445000 3.845610 3.632178 4.825193 
1.999998 9.435000 3.845610 3.628333 4.825193 
1.999998 9.425000 3.845610 3.624487 4.825193 
1.999998 9.415000 3.845610 3.620641 4.825193 
1.999998 9.405000 3.845610 3.616796 4.825193 
1.999998 9.395000 3.845610 3.612950 4.825193 
1.999998 9.385000 3.845610 3.609105 4.825193 
1.999998 9.375000 3.845610 3.605259 4.825193 
1.999998 9.365000 3.845610 3.601413 4.825193 
1.999998 9.355000 3.845610 3.597568 4.825193 
1.999998 9.345000 3.845610 3.593722 4.825193 
1.999998 9.335000 3.845610 3.589877 4.825193 
1.999998 9.325000 3.845610 3.586031 4.825193 
1.999998 9.315000 3.845610 3.582185 4.825193 
1.999998 9.305000 3.845610 3.578340 4.825193 
1.999998 9.295000 3.845610 3.574494 4.825193 
1.999998 9.285000 3.845610 3.570649 4.825193 
1.999998 9.275000 3.845610 3.566803 4.825193 
1.999998 9.265000 3.845610 3.562957 4.825193 
1.999998 9.255000 3.845610 3.559112 4.825193 
1.999998 9.245000 3.845610 3.555266 4.825193 
1.999998 9.235000 3.845610 3.551420 4.825193 
1.999998 9.225000 3.845610 3.547575 4.825193 
1.999998 9.215000 3.845610 3.543729 4.825193 
1.999998 9.205000 3.845610 3.539884 4.825193 
1.999998 9.195000 3.845610 3.536038 4.825193 
1.999998 9.185000 3.845610 3.532192 4.825193 
1.999998 9.175000 3.845610 3.528347 4.825193 
1.999998 9.165000 3.845610 3.524501 4.825193 
1.999998 9.155000 3.845610 3.520656 4.825193 
1.999998 9.145000 3.845610 3.516810 4.825193 
1.999998 9.135000 3.845610 3.512964 4.825193 
1.999998 9.125000 3.845610 3.509119 4.825193 
1.999998 9.115000 3.845610 3.505273 4.825193 
1.999998 9.105000 3.845610 3.501428 4.825193 
1.999998 9.095000 3.845610 3.497582 4.825193 
1.999998 9.085000 3.845610 3.493736 4.825193 
1.999998 9.075000 3.845610 3.489891 4.825193 
1.999998 9.065000 3.845610 3.486045 4.825193 
1.999998 9.055000 3.845610 3.482200 4.825193 
1.999998 9.045000 3.845610 3.478354 4.825193 
1.999998 9.035000 3.845610 3.474508 4.825193 
1.999998 9.025000 3.845610 3.470663 4.825193 
1.999998 9.015000 3.845610 3.466817 4.825193 
1.999998 9.005000 3.845610 3.462971 4.825193 
1.999998 8.995000 3.845610 3.459126 4.825193 
1.999998 8.985000 3.845610 3.455280 4.825193 
1.999998 8.975000 3.845610 3.451435 4.825193 
1.999998 8.965000 3.845610 3.447589 4.825193 
1.999998 8.955000 3.845610 3.443743 4.825193 
1.999998 8.945000 3.845610 3.439898 4.825193 
1.999998 8.935000 3.845610 3.436052 4.825193 
1.999998 8.925000 3.845610 3.432207 4.825193 
1.999998 8.915000 3.845610 3.428361 4.825193 
1.999998 8.905000 3.845610 3.424515 4.825193 
1.999998 8.895000 3.845610 3.420670 4.825193 
1.999998 8.885000 3.845610 3.416824 4.825193 
1.999998 8.875000 3.845610 3.412979 4.825193 
1.999998 8.865000 3.845610 3.409133 4.825193 
1.999998 8.855000 3.845610 3.405287 4.825193 
1.999998 8.845000 3.845610 3.401442 4.825193 
1.999998 8.835000 3.845610 3.397596 4.825193 
1.999998 8.825000 3.845610 3.393750 4.825193 
1.999998 8.815000 3.845610 3.389905 4.825193 
1.999998 8.805000 3.845610 3.386059 4.825193 
1.999998 8.795000 3.845610 3.382214 4.825193 
1.999998 8.785000 3.845610 3.378368 4.825193 
1.999998 8.775000 3.845610 3.374522 4.825193 
1.999998 8.765000 3.845610 3.370677 4.825193 
1.999998 8.755000 3.845610 3.366831 4.825193 
1.999998 8.745000 3.845610 3.362986 4.825193 
1.999998 8.735000 3.845610 3.359140 4.825193 
1.999998 8.725000 3.845610 3.355294 4.825193 
1.999998 8.715000 3.845610 3.351449 4.825193 
1.999998 8.705000 3.845610 3.347603 4.825193 
1.999998 8.695000 3.845610 3.343758 4.825193 
1.999998 8.685000 3.845610 3.339912 4.825193 
1.999998 8.675000 3.845610 3.336066 4.825193 
1.999998 8.665000 3.845610 3.332221 4.825193 
1.999998 8.655000 3.845610 3.328375 4.825193 
1.999998 8.645000 3.845610 3.324530 4.825193 
1.999998 8.635000 3.845610 3.320684 4.825193 
1.999998 8.625000 3.845610 3.316838 4.825193 
1.999998 8.615000 3.845610 3.312993 4.825193 
1.999998 8.605000 3.845610 3.309147 4.825193 
1.999998 8.595000 3.845610 3.305301 4.825193 
1.999998 8.585000 3.845610 3.301456 4.825193 
1.999998 8.575000 3.845610 3.297610 4.825193 
1.999998 8.565000 3.845610 3.293765 4.825193 
1.999998 8.555000 3.845610 3.289919 4.825193 
1.999998 8.545000 3.845610 3.286073 4.825193 
1.999998 8.535000 3.845610 3.282228 4.825193 
1.999998 8.525000 3.845610 3.278382 4.825193 
1.999998 8.515000 3.845610 3.274537 4.825193 
1.999998 8.505000 3.845610 3.270691 4.825193 
1.999998 8.495000 3.845610 3.266845 4.825193 
1.999998 8.485000 3.845610 3.263000 4.825193 
1.999998 8.475000 3.845610 3.259154 4.825193 
1.999998 8.465000 3.845610 3.255309 4.825193 
1.999998 8.455000 3.845610 3.251463 4.825193 
1.999998 8.445000 3.845610 3.247617 4.825193 
1.999998 8.435000 3.845610 3.243772 4.825193 
1.999998 8.425000 3.845610 3.239926 4.825193 
1.999998 8.415000 3.845610 3.236080 4.825193 
1.999998 8.405000 3.845610 3.232235 4.825193 
1.999998 8.395000 3.845610 3.228389 4.825193 
1.999998 8.385000 3.845610 3.224544 4.825193 
1.999998 8.375000 3.845610 3.220698 4.825193 
1.999998 8.365000 3.845610 3.216852 4.825193 
1.999998 8.355000 3.845610 3.213007 4.825193 
1.999998 8.345000 3.845610 3.209161 4.825193 
1.999998 8.335000 3.845610 3.205316 4.825193 
1.999998 8.325000 3.845610 3.201470 4.825193 
1.999998 8.315000 3.845610 3.197624 4.825193 
1.999998 8.305000 3.845610 3.193779 4.825193 
1.999998 8.295000 3.845610 3.189933 4.825193 
1.999998 8.285000 3.845610 3.186088 4.825193 
1.999998 8.275000 3.845610 3.182242 4.825193 
1.999998 8.265000 3.845610 3.178396 4.825193 
1.999998 8.255000 3.845610 3.174551 4.825193 
1.999998 8.245000 3.845610 3.170705 4.825193 
1.999998 8.235000 3.845610 3.166860 4.825193 
1.999998 8.225000 3.845610 3.163014 4.825193 
1.999998 8.215000 3.845610 3.159168 4.825193 
1.999998 8.205000 3.845610 3.155323 4.825193 
1.999998 8.195000 3.845610 3.151477 4.825193 
1.999998 8.185000 3.845610 3.147631 4.825193 
1.999998 8.175000 3.845610 3.143786 4.825193 
1.999998 8.165000 3.845610 3.139940 4.825193 
1.999998 8.155000 3.845610 3.136095 4.825193 
1.999998 8.145000 3.845610 3.132249 4.825193 
1.999998 8.135000 3.845610 3.128403 4.825193 
1.999998 8.125000 3.845610 3.124558 4.825193 
1.999998 8.115000 3.845610 3.120712 4.825193 
1.999998 8.105000 3.845610 3.116867 4.825193 
1.999998 8.095000 3.845610 3.113021 4.825193 
1.999998 8.085000 3.845610 3.109175 4.825193 
1.999998 8.075000 3.845610 3.105330 4.825193 
1.999998 8.065000 3.845610 3.101484 4.825193 
1.999998 8.055000 3.845610 3.097639 4.825193 
1.999998 8.045000 3.845610 3.093793 4.825193 
1.999998 8.035000 3.845610 3.089947 4.825193 
1.999998 8.025000 3.845610 3.086102 4.825193 
1.999998 8.015000 3.845610 3.082256 4.825193 
1.999998 8.005000 3.845610 3.078411 4.825193 
1.999998 7.995000 3.845610 3.074565 4.825193 
1.999998 7.985000 3.845610 3.070719 4.825193 
1.999998 7.975000 3.845610 3.066874 4.825193 
1.999998 7.965000 3.845610 3.063028 4.825193 
1.999998 7.955000 3.845610 3.059182 4.825193 
1.999998 7.945000 3.845610 3.055337 4.825193 
1.999998 7.935000 3.845610 3.051491 4.825193 
1.999998 7.925000 3.845610 3.047646 4.825193 
1.999998 7.915000 3.845610 3.043800 4.825193 
1.999998 7.905000 3.845610 3.039954 4.825193 
1.999998 7.895000 3.845610 3.036109 4.825193 
1.999998 7.885000 3.845610 3.032263 4.825193 
1.999998 7.875000 3.845610 3.028418 4.825193 
1.999998 7.865000 3.845610 3.024572 4.825193 
1.999998 7.855000 3.845610 3.020726 4.825193 
1.999998 7.845000 3.845610 3.016881 4.825193 
1.999998 7.835000 3.845610 3.013035 4.825193 
1.999998 7.825000 3.845610 3.009190 4.825193 
1.999998 7.815000 3.845610 3.005344 4.825193 
1.999998 7.805000 3.845610 3.001498 4.825193 
1.999998 7.795000 3.845610 2.997653 4.825193 
1.999998 7.785000 3.845610 2.993807 4.825193 
1.999998 7.775000 3.845610 2.989961 4.825193 
1.999998 7.765000 3.845610 2.986116 4.825193 
1.999998 7.755000 3.845610 2.982270 4.825193 
1.999998 7.745000 3.845610 2.978425 4.825193 
1.999998 7.735000 3.845610 2.974579 4.825193 
1.999998 7.725000 3.845610 2.970733 4.825193 
1.999998 7.715000 3.845610 2.966888 4.825193 
1.999998 7.705000 3.845610 2.963042 4.825193 
1.999998 7.695000 3.845610 2.959197 4.825193 
1.999998 7.685000 3.845610 2.955351 4.825193 
1.999998 7.675000 3.845610 2.951505 4.825193 
1.999998 7.665000 3.845610 2.947660 4.825193 
1.999998 7.655000 3.845610 2.943814 4.825193 
1.999998 7.645000 3.845610 2.939969 4.825193 
1.999998 7.635000 3.845610 2.936123 4.825193 
1.999998 7.625000 3.845610 2.932277 4.825193 
1.999998 7.615000 3.845610 2.928432 4.825193 
1.999998 7.605000 3.845610 2.924586 4.825193 
1.999998 7.595000 3.845610 2.920741 4.825193 
1.999998 7.585000 3.845610 2.916895 4.825193 
1.999998 7.575000 3.845610 2.913049 4.825193 
1.999998 7.565000 3.845610 2.909204 4.825193 
1.999998 7.555000 3.845610 2.905358 4.825193 
1.999998 7.545000 3.845610 2.901512 4.825193 
1.999998 7.535000 3.845610 2.897667 4.825193 
1.999998 7.525000 3.845610 2.893821 4.825193 
1.999998 7.515000 3.845610 2.889976 4.825193 
1.999998 7.505000 3.845610 2.886130 4.825193 
1.999998 7.495000 3.845610 2.882284 4.825193 
1.999998 7.485000 3.845610 2.878439 4.825193 
1.999998 7.475000 3.845610 2.874593 4.825193 
1.999998 7.465000 3.845610 2.870748 4.825193 
1.999998 7.455000 3.845610 2.866902 4.825193 
1.999998 7.445000 3.845610 2.863056 4.825193 
1.999998 7.435000 3.845610 2.859211 4.825193 
1.999998 7.425000 3.845610 2.855365 4.825193 
1.999998 7.415000 3.845610 2.851520 4.825193 
1.999998 7.405000 3.845610 2.847674 4.825193 
1.999998 7.395000 3.845610 2.843828 4.825193 
1.999998 7.385000 3.845610 2.839983 4.825193 
1.999998 7.375000 3.845610 2.836137 4.825193 
1.999998 7.365000 3.845610 2.832291 4.825193 
1.999998 7.355000 3.845610 2.828446 4.825193 
1.999998 7.345000 3.845610 2.824600 4.825193 
1.999998 7.335000 3.845610 2.820755 4.825193 
1.999998 7.325000 3.845610 2.816909 4.825193 
1.999998 7.315000 3.845610 2.813063 4.825193 
1.999998 7.305000 3.845610 2.809218 4.825193 
1.999998 7.295000 3.845610 2.805372 4.825193 
1.999998 7.285000 3.845610 2.801527 4.825193 
1.999998 7.275000 3.845610 2.797681 4.825193 
1.999998 7.265000 3.845610 2.793835 4.825193 
1.999998 7.255000 3.845610 2.789990 4.825193 
1.999998 7.245000 3.845610 2.786144 4.825193 
1.999998 7.235000 3.845610 2.782299 4.825193 
1.999998 7.225000 3.845610 2.778453 4.825193 
1.999998 7.215000 3.845610 2.774607 4.825193 
1.999998 7.205000 3.845610 2.770762 4.825193 
1.999998 7.195000 3.845610 2.766916 4.825193 
1.999998 7.185000 3.845610 2.763071 4.825193 
1.999998 7.175000 3.845610 2.759225 4.825193 
1.999998 7.165000 3.845610 2.755379 4.825193 
1.999998 7.155000 3.845610 2.751534 4.825193 
1.999998 7.145000 3.845610 2.747688 4.825193 
1.999998 7.135000 3.845610 2.743842 4.825193 
1.999998 7.125000 3.845610 2.739997 4.825193 
1.999998 7.115000 3.845610 2.736151 4.825193 
1.999998 7.105000 3.845610 2.732306 4.825193 
1.999998 7.095000 3.845610 2.728460 4.825193 
1.999998 7.085000 3.845610 2.724614 4.825193 
1.999998 7.075000 3.845610 2.720769 4.825193 
1.999998 7.065000 3.845610 2.716923 4.825193 
1.999998 7.055000 3.845610 2.713078 4.825193 
1.999998 7.045000 3.845610 2.709232 4.825193 
1.999998 7.035000 3.845610 2.705386 4.825193 
1.999998 7.025000 3.845610 2.701541 4.825193 
1.999998 7.015000 3.845610 2.697695 4.825193 
1.999998 7.005000 3.845610 2.693850 4.825193 
1.999998 6.995000 3.845610 2.690004 4.825193 
1.999998 6.985000 3.845610 2.686158 4.825193 
1.999998 6.975000 3.845610 2.682313 4.825193 
1.999998 6.965000 3.845610 2.678467 4.825193 
1.999998 6.955000 3.845610 2.674621 4.825193 
1.999998 6.945000 3.845610 2.670776 4.825193 
1.999998 6.935000 3.845610 2.666930 4.825193 
1.999998 6.925000 3.845610 2.663085 4.825193 
1.999998 6.915000 3.845610 2.659239 4.825193 
1.999998 6.905000 3.845610 2.655393 4.825193 
1.999998 6.895000 3.845610 2.651548 4.825193 
1.999998 6.885000 3.845610 2.647702 4.825193 
1.999998 6.875000 3.845610 2.643857 4.825193 
1.999998 6.865000 3.845610 2.640011 4.825193 
1.999998 6.855000 3.845610 2.636165 4.825193 
1.999998 6.845000 3.845610 2.632320 4.825193 
1.999998 6.835000 3.845610 2.628474 4.825193 
1.999998 6.825000 3.845610 2.624629 4.825193 
1.999998 6.815000 3.845610 2.620783 4.825193 
1.999998 6.805000 3.845610 2.616937 4.825193 
1.999998 6.795000 3.845610 2.613092 4.825193 
1.999998 6.785000 3.845610 2.609246 4.825193 
1.999998 6.775000 3.845610 2.605401 4.825193 
1.999998 6.765000 3.845610 2.601555 4.825193 
1.999998 6.755000 3.845610 2.597709 4.825193 
1.999998 6.745000 3.845610 2.593864 4.825193 
1.999998 6.735000 3.845610 2.590018 4.825193 
1.999998 6.725000 3.845610 2.586172 4.825193 
1.999998 6.715000 3.845610 2.582327 4.825193 
1.999998 6.705000 3.845610 2.578481 4.825193 
1.999998 6.695000 3.845610 2.574636 4.825193 
1.999998 6.685000 3.845610 2.570790 4.825193 
1.999998 6.675000 3.845610 2.566944 4.825193 
1.999998 6.665000 3.845610 2.563099 4.825193 
1.999998 6.655000 3.845610 2.559253 4.825193 
1.999998 6.645000 3.845610 2.555408 4.825193 
1.999998 6.635000 3.845610 2.551562 4.825193 
1.999998 6.625000 3.845610 2.547716 4.825193 
1.999998 6.615000 3.845610 2.543871 4.825193 
1.999998 6.605000 3.845610 2.540025 4.825193 
1.999998 6.595000 3.845610 2.536180 4.825193 
1.999998 6.585000 3.845610 2.532334 4.825193 
1.999998 6.575000 3.845610 2.528488 4.825193 
1.999998 6.565000 3.845610 2.524643 4.825193 
1.999998 6.555000 3.845610 2.520797 4.825193 
1.999998 6.545000 3.845610 2.516951 4.825193 
1.999998 6.535000 3.845610 2.513106 4.825193 
1.999998 6.525000 3.845610 2.509260 4.825193 
1.999998 6.515000 3.845610 2.505415 4.825193 
1.999998 6.505000 3.845610 2.501569 4.825193 
1.999998 6.495000 3.845610 2.497723 4.825193 
1.999998 6.485000 3.845610 2.493878 4.825193 
1.999998 6.475000 3.845610 2.490032 4.825193 
1.999998 6.465000 3.845610 2.486187 4.825193 
1.999998 6.455000 3.845610 2.482341 4.825193 
1.999998 6.445000 3.845610 2.478495 4.825193 
1.999998 6.435000 3.845610 2.474650 4.825193 
1.999998 6.425000 3.845610 2.470804 4.825193 
1.999998 6.415000 3.845610 2.466959 4.825193 
1.999998 6.405000 3.845610 2.463113 4.825193 
1.999998 6.395000 3.845610 2.459267 4.825193 
1.999998 6.385000 3.845610 2.455422 4.825193 
1.999998 6.375000 3.845610 2.451576 4.825193 
1.999998 6.365000 3.845610 2.447731 4.825193 
1.999998 6.355000 3.845610 2.443885 4.825193 
1.999998 6.345000 3.845610 2.440039 4.825193 
1.999998 6.335000 3.845610 2.436194 4.825193 
1.999998 6.325000 3.845610 2.432348 4.825193 
1.999998 6.315000 3.845610 2.428502 4.825193 
1.999998 6.305000 3.845610 2.424657 4.825193 
1.999998 6.295000 3.845610 2.420811 4.825193 
1.999998 6.285000 3.845610 2.416966 4.825193 
1.999998 6.275000 3.845610 2.413120 4.825193 
1.999998 6.265000 3.845610 2.409274 4.825193 
1.999998 6.255000 3.845610 2.405429 4.825193 
1.999998 6.245000 3.845610 2.401583 4.825193 
1.999998 6.235000 3.845610 2.397738 4.825193 
1.999998 6.225000 3.845610 2.393892 4.825193 
1.999998 6.215000 3.845610 2.390046 4.825193 
1.999998 6.205000 3.845610 2.386201 4.825193 
1.999998 6.195000 3.845610 2.382355 4.825193 
1.999998 6.185000 3.845610 2.378510 4.825193 
1.999998 6.175000 3.845610 2.374664 4.825193 
1.999998 6.165000 3.845610 2.370818 4.825193 
1.999998 6.155000 3.845610 2.366973 4.825193 
1.999998 6.145000 3.845610 2.363127 4.825193 
1.999998 6.135000 3.845610 2.359282 4.825193 
1.999998 6.125000 3.845610 2.355436 4.825193 
1.999998 6.115000 3.845610 2.351590 4.825193 
1.999998 6.105000 3.845610 2.347745 4.825193 
1.999998 6.095000 3.845610 2.343899 4.825193 
1.999998 6.085000 3.845610 2.340053 4.825193 
1.999998 6.075000 3.845610 2.336208 4.825193 
1.999998 6.065000 3.845610 2.332362 4.825193 
1.999998 6.055000 3.845610 2.328517 4.825193 
1.999998 6.045000 3.845610 2.324671 4.825193 
1.999998 6.035000 3.845610 2.320825 4.825193 
1.999998 6.025000 3.845610 2.316980 4.825193 
1.999998 6.015000 3.845610 2.313134 4.825193 
1.999998 6.005000 3.845610 2.309289 4.825193 
1.999998 5.995000 3.845610 2.305443 4.825193 
1.999998 5.985000 3.845610 2.301597 4.825193 
1.999998 5.975000 3.845610 2.297752 4.825193 
1.999998 5.965000 3.845610 2.293906 4.825193 
1.999998 5.955000 3.845610 2.290061 4.825193 
1.999998 5.945000 3.845610 2.286215 4.825193 
1.999998 5.935000 3.845610 2.282369 4.825193 
1.999998 5.925000 3.845610 2.278524 4.825193 
1.999998 5.915000 3.845610 2.274678 4.825193 
1.999998 5.905000 3.845610 2.270832 4.825193 
1.999998 5.895000 3.845610 2.266987 4.825193 
1.999998 5.885000 3.845610 2.263141 4.825193 
1.999998 5.875000 3.845610 2.259296 4.825193 
1.999998 5.865000 3.845610 2.255450 4.825193 
1.999998 5.855000 3.845610 2.251604 4.825193 
1.999998 5.845000 3.845610 2.247759 4.825193 
1.999998 5.835000 3.845610 2.243913 4.825193 
1.999998 5.825000 3.845610 2.240068 4.825193 
1.999998 5.815000 3.845610 2.236222 4.825193 
1.999998 5.805000 3.845610 2.232376 4.825193 
1.999998 5.795000 3.845610 2.228531 4.825193 
1.999998 5.785000 3.845610 2.224685 4.825193 
1.999998 5.775000 3.845610 2.220840 4.825193 
1.999998 5.765000 3.845610 2.216994 4.825193 
1.999998 5.755000 3.845610 2.213148 4.825193 
1.999998 5.745000 3.845610 2.209303 4.825193 
1.999998 5.735000 3.845610 2.205457 4.825193 
1.999998 5.725000 3.845610 2.201612 4.825193 
1.999998 5.715000 3.845610 2.197766 4.825193 
1.999998 5.705000 3.845610 2.193920 4.825193 
1.999998 5.695000 3.845610 2.190075 4.825193 
1.999998 5.685000 3.845610 2.186229 4.825193 
1.999998 5.675000 3.845610 2.182383 4.825193 
1.999998 5.665000 3.845610 2.178538 4.825193 
1.999998 5.655000 3.845610 2.174692 4.825193 
1.999998 5.645000 3.845610 2.170847 4.825193 
1.999998 5.635000 3.845610 2.167001 4.825193 
1.999998 5.625000 3.845610 2.163155 4.825193 
1.999998 5.615000 3.845610 2.159310 4.825193 
1.999998 5.605000 3.845610 2.155464 4.825193 
1.999998 5.595000 3.845610 2.151619 4.825193 
1.999998 5.585000 3.845610 2.147773 4.825193 
1.999998 5.575000 3.845610 2.143927 4.825193 
1.999998 5.565000 3.845610 2.140082 4.825193 
1.999998 5.555000 3.845610 2.136236 4.825193 
1.999998 5.545000 3.845610 2.132391 4.825193 
1.999998 5.535000 3.845610 2.128545 4.825193 
1.999998 5.525000 3.845610 2.124699 4.825193 
1.999998 5.515000 3.845610 2.120854 4.825193 
1.999998 5.505000 3.845610 2.117008 4.825193 
1.999998 5.495000 3.845610 2.113162 4.825193 
1.999998 5.485000 3.845610 2.109317 4.825193 
1.999998 5.475000 3.845610 2.105471 4.825193 
1.999998 5.465000 3.845610 2.101626 4.825193 
1.999998 5.455000 3.845610 2.097780 4.825193 
1.999998 5.445000 3.845610 2.093934 4.825193 
1.999998 5.435000 3.845610 2.090089 4.825193 
1.999998 5.425000 3.845610 2.086243 4.825193 
1.999998 5.415000 3.845610 2.082398 4.825193 
1.999998 5.405000 3.845610 2.078552 4.825193 
1.999998 5.395000 3.845610 2.074706 4.825193 
1.999998 5.385000 3.845610 2.070861 4.825193 
1.999998 5.375000 3.845610 2.067015 4.825193 
1.999998 5.365000 3.845610 2.063170 4.825193 
1.999998 5.355000 3.845610 2.059324 4.825193 
1.999998 5.345000 3.845610 2.055478 4.825193 
1.999998 5.335000 3.845610 2.051633 4.825193 
1.999998 5.325000 3.845610 2.047787 4.825193 
1.999998 5.315000 3.845610 2.043942 4.825193 
1.999998 5.305000 3.845610 2.040096 4.825193 
1.999998 5.295000 3.845610 2.036250 4.825193 
1.999998 5.285000 3.845610 2.032405 4.825193 
1.999998 5.275000 3.845610 2.028559 4.825193 
1.999998 5.265000 3.845610 2.024713 4.825193 
1.999998 5.255000 3.845610 2.020868 4.825193 
1.999998 5.245000 3.845610 2.017022 4.825193 
1.999998 5.235000 3.845610 2.013177 4.825193 
1.999998 5.225000 3.845610 2.009331 4.825193 
1.999998 5.215000 3.845610 2.005485 4.825193 
1.999998 5.205000 3.845610 2.001640 4.825193 
1.999998 5.195000 3.845610 1.997794 4.825193 
1.999998 5.185000 3.845610 1.993949 4.825193 
1.999998 5.175000 3.845610 1.990103 4.825193 
1.999998 5.165000 3.845610 1.986257 4.825193 
1.999998 5.155000 3.845610 1.982412 4.825193 
1.999998 5.145000 3.845610 1.978566 4.825193 
1.999998 5.135000 3.845610 1.974721 4.825193 
1.999998 5.125000 3.845610 1.970875 4.825193 
1.999998 5.115000 3.845610 1.967029 4.825193 
1.999998 5.105000 3.845610 1.963184 4.825193 
1.999998 5.095000 3.845610 1.959338 4.825193 
1.999998 5.085000 3.845610 1.955492 4.825193 
1.999998 5.075000 3.845610 1.951647 4.825193 
1.999998 5.065000 3.845610 1.947801 4.825193 
1.999998 5.055000 3.845610 1.943956 4.825193 
1.999998 5.045000 3.845610 1.940110 4.825193 
1.999998 5.035000 3.845610 1.936264 4.825193 
1.999998 5.025000 3.845610 1.932419 4.825193 
1.999998 5.015000 3.845610 1.928573 4.825193 
1.999998 5.005000 3.845610 1.924728 4.825193 
1.999998 4.995000 3.845610 1.920882 4.825193 
1.999998 4.985000 3.845610 1.917036 4.825193 
1.999998 4.975000 3.845610 1.913191 4.825193 
1.999998 4.965000 3.845610 1.909345 4.825193 
1.999998 4.955000 3.845610 1.905500 4.825193 
1.999998 4.945000 3.845610 1.901654 4.825193 
1.999998 4.935000 3.845610 1.897808 4.825193 
1.999998 4.925000 3.845610 1.893963 4.825193 
1.999998 4.915000 3.845610 1.890117 4.825193 
1.999998 4.905000 3.845610 1.886272 4.825193 
1.999998 4.895000 3.845610 1.882426 4.825193 
1.999998 4.885000 3.845610 1.878580 4.825193 
1.999998 4.875000 3.845610 1.874735 4.825193 
1.999998 4.865000 3.845610 1.870889 4.825193 
1.999998 4.855000 3.845610 1.867043 4.825193 
1.999998 4.845000 3.845610 1.863198 4.825193 
1.999998 4.835000 3.845610 1.859352 4.825193 
1.999989 4.825000 3.845610 1.855507 4.239869 
1.999989 4.815000 3.845610 1.851661 4.239869 
1.999989 4.805000 3.845610 1.847815 4.239869 
1.999989 4.795000 3.845610 1.843970 4.239869 
1.999989 4.785000 3.845610 1.840124 4.239869 
1.999989 4.775000 3.845610 1.836279 4.239869 
1.999989 4.765000 3.845610 1.832433 4.239869 
1.999989 4.755000 3.845610 1.828587 4.239869 
1.999989 4.745000 3.845610 1.824742 4.239869 
1.999989 4.735000 3.845610 1.820896 4.239869 
1.999989 4.725000 3.845610 1.817051 4.239869 
1.999989 4.715000 3.845610 1.813205 4.239869 
1.999989 4.705000 3.845610 1.809359 4.239869 
1.999989 4.695000 3.845610 1.805514 4.239869 
1.999989 4.685000 3.845610 1.801668 4.239869 
1.999989 4.675000 3.845610 1.797822 4.239869 
1.999989 4.665000 3.845610 1.793977 4.239869 
1.999989 4.655000 3.845610 1.790131 4.239869 
1.999989 4.645000 3.845610 1.786286 4.239869 
1.999989 4.635000 3.845610 1.782440 4.239869 
1.999989 4.625000 3.845610 1.778594 4.239869 
1.999989 4.615000 3.845610 1.774749 4.239869 
1.999989 4.605000 3.845610 1.770903 4.239869 
1.999989 4.595000 3.845610 1.767058 4.239869 
1.999989 4.585000 3.845610 1.763212 4.239869 
1.999989 4.575000 3.845610 1.759366 4.239869 
1.999989 4.565000 3.845610 1.755521 4.239869 
1.999989 4.555000 3.845610 1.751675 4.239869 
1.999989 4.545000 3.845610 1.747830 4.239869 
1.999989 4.535000 3.845610 1.743984 4.239869 
1.999989 4.525000 3.845610 1.740138 4.239869 
1.999989 4.515000 3.845610 1.736293 4.239869 
1.999989 4.505000 3.845610 1.732447 4.239869 
1.999989 4.495000 3.845610 1.728602 4.239869 
1.999989 4.485000 3.845610 1.724756 4.239869 
1.999989 4.475000 3.845610 1.720910 4.239869 
1.999989 4.465000 3.845610 1.717065 4.239869 
1.999989 4.455000 3.845610 1.713219 4.239869 
1.999989 4.445000 3.845610 1.709373 4.239869 
1.999989 4.435000 3.845610 1.705528 4.239869 
1.999989 4.425000 3.845610 1.701682 4.239869 
1.999989 4.415000 3.845610 1.697837 4.239869 
1.999989 4.405000 3.845610 1.693991 4.239869 
1.999989 4.395000 3.845610 1.690145 4.239869 
1.999989 4.385000 3.845610 1.686300 4.239869 
1.999989 4.375000 3.845610 1.682454 4.239869 
1.999989 4.365000 3.845610 1.678609 4.239869 
1.999989 4.355000 3.845610 1.674763 4.239869 
1.999989 4.345000 3.845610 1.670917 4.239869 
1.999989 4.335000 3.845610 1.667072 4.239869 
1.999989 4.325000 3.845610 1.663226 4.239869 
1.999989 4.315000 3.845610 1.659381 4.239869 
1.999989 4.305000 3.845610 1.655535 4.239869 
1.999989 4.295000 3.845610 1.651689 4.239869 
1.999989 4.285000 3.845610 1.647844 4.239869 
1.999989 4.275000 3.845610 1.643998 4.239869 
1.999989 4.265000 3.845610 1.640153 4.239869 
1.999989 4.255000 3.845610 1.636307 4.239869 
1.999989 4.245000 3.845610 1.632461 4.239869 
1.999973 4.235000 3.845610 1.628616 3.933067 
1.999973 4.225000 3.845610 1.624770 3.933067 
1.999973 4.215000 3.845610 1.620924 3.933067 
1.999973 4.205000 3.845610 1.617079 3.933067 
1.999973 4.195000 3.845610 1.613233 3.933067 
1.999973 4.185000 3.845610 1.609388 3.933067 
1.999973 4.175000 3.845610 1.605542 3.933067 
1.999973 4.165000 3.845610 1.601696 3.933067 
1.999973 4.155000 3.845610 1.597851 3.933067 
1.999973 4.145000 3.845610 1.594005 3.933067 
1.999973 4.135000 3.845610 1.590160 3.933067 
1.999973 4.125000 3.845610 1.586314 3.933067 
1.999973 4.115000 3.845610 1.582468 3.933067 
1.999973 4.105000 3.845610 1.578623 3.933067 
1.999973 4.095000 3.845610 1.574777 3.933067 
1.999973 4.085000 3.845610 1.570932 3.933067 
1.999973 4.075000 3.845610 1.567086 3.933067 
1.999973 4.065000 3.845610 1.563240 3.933067 
1.999973 4.055000 3.845610 1.559395 3.933067 
1.999973 4.045000 3.845610 1.555549 3.933067 
1.999973 4.035000 3.845610 1.551703 3.933067 
1.999973 4.025000 3.845610 1.547858 3.933067 
1.999973 4.015000 3.845610 1.544012 3.933067 
1.999973 4.005000 3.845610 1.540167 3.933067 
1.999973 3.995000 3.845610 1.536321 3.933067 
1.999973 3.985000 3.845610 1.532475 3.933067 
1.999973 3.975000 3.845610 1.528630 3.933067 
1.999973 3.965000 3.845610 1.524784 3.933067 
1.999973 3.955000 3.845610 1.520939 3.933067 
1.999973 3.945000 3.845610 1.517093 3.933067 
1.999973 3.935000 3.845610 1.513247 3.933067 
1.999949 3.925000 3.845610 1.509402 3.723749 
1.999949 3.915000 3.845610 1.505556 3.723749 
1.999949 3.905000 3.845610 1.501711 3.723749 
1.999949 3.895000 3.845610 1.497865 3.723749 
1.999949 3.885000 3.845610 1.494019 3.723749 
1.999949 3.875000 3.845610 1.490174 3.723749 
1.999949 3.865000 3.845610 1.486328 3.723749 
1.999949 3.855000 3.845610 1.482483 3.723749 
1.999949 3.845000 3.845610 1.478637 3.723749 
1.999949 3.835000 3.845610 1.474791 3.723749 
1.999949 3.825000 3.845610 1.470946 3.723749 
1.999949 3.815000 3.845610 1.467100 3.723749 
1.999949 3.805000 3.845610 1.463254 3.723749 
1.999949 3.795000 3.845610 1.459409 3.723749 
1.999949 3.785000 3.845610 1.455563 3.723749 
1.999949 3.775000 3.845610 1.451718 3.723749 
1.999949 3.765000 3.845610 1.447872 3.723749 
1.999949 3.755000 3.845610 1.444026 3.723749 
1.999949 3.745000 3.845610 1.440181 3.723749 
1.999949 3.735000 3.845610 1.436335 3.723749 
1.999949 3.725000 3.845610 1.432490 3.723749 
1.999917 3.715000 3.845610 1.428644 3.564677 
1.999917 3.705000 3.845610 1.424798 3.564677 
1.999917 3.695000 3.845610 1.420953 3.564677 
1.999917 3.685000 3.845610 1.417107 3.564677 
1.999917 3.675000 3.845610 1.413262 3.564677 
1.999917 3.665000 3.845610 1.409416 3.564677 
1.999917 3.655000 3.845610 1.405570 3.564677 
1.999917 3.645000 3.845610 1.401725 3.564677 
1.999917 3.635000 3.845610 1.397879 3.564677 
1.999917 3.625000 3.845610 1.394033 3.564677 
1.999917 3.615000 3.845610 1.390188 3.564677 
1.999917 3.605000 3.845610 1.386342 3.564677 
1.999917 3.595000 3.845610 1.382497 3.564677 
1.999917 3.585000 3.845610 1.378651 3.564677 
1.999917 3.575000 3.845610 1.374805 3.564677 
1.999917 3.565000 3.845610 1.370960 3.564677 
1.999878 3.555000 3.845610 1.367114 3.436336 
1.999878 3.545000 3.845610 1.363269 3.436336 
1.999878 3.535000 3.845610 1.359423 3.436336 
1.999878 3.525000 3.845610 1.355577 3.436336 
1.999878 3.515000 3.845610 1.351732 3.436336 
1.999878 3.505000 3.845610 1.347886 3.436336 
1.999878 3.495000 3.845610 1.344041 3.436336 
1.999878 3.485000 3.845610 1.340195 3.436336 
1.999878 3.475000 3.845610 1.336349 3.436336 
1.999878 3.465000 3.845610 1.332504 3.436336 
1.999878 3.455000 3.845610 1.328658 3.436336 
1.999878 3.445000 3.845610 1.324813 3.436336 
1.999832 3.435000 3.845610 1.320967 3.328751 
1.999832 3.425000 3.845610 1.317121 3.328751 
1.999832 3.415000 3.845610 1.313276 3.328751 
1.999832 3.405000 3.845610 1.309430 3.328751 
1.999832 3.395000 3.845610 1.305584 3.328751 
1.999832 3.385000 3.845610 1.301739 3.328751 
1.999832 3.375000 3.845610 1.297893 3.328751 
1.999832 3.365000 3.845610 1.294048 3.328751 
1.999832 3.355000 3.845610 1.290202 3.328751 
1.999832 3.345000 3.845610 1.286356 3.328751 
1.999832 3.335000 3.845610 1.282511 3.328751 
1.999778 3.325000 3.845610 1.278665 3.236130 
1.999778 3.315000 3.845610 1.274820 3.236130 
1.999778 3.305000 3.845610 1.270974 3.236130 
1.999778 3.295000 3.845610 1.267128 3.236130 
1.999778 3.285000 3.845610 1.263283 3.236130 
1.999778 3.275000 3.845610 1.259437 3.236130 
1.999778 3.265000 3.845610 1.255592 3.236130 
1.999778 3.255000 3.845610 1.251746 3.236130 
1.999778 3.245000 3.845610 1.247900 3.236130 
1.999717 3.235000 3.845610 1.244055 3.154812 
1.999717 3.225000 3.845610 1.240209 3.154812 
1.999717 3.215000 3.845610 1.236363 3.154812 
1.999717 3.205000 3.845610 1.232518 3.154812 
1.999717 3.195000 3.845610 1.228672 3.154812 
1.999717 3.185000 3.845610 1.224827 3.154812 
1.999717 3.175000 3.845610 1.220981 3.154812 
1.999717 3.165000 3.845610 1.217135 3.154812 
1.999717 3.155000 3.845610 1.213290 3.154812 
1.999648 3.145000 3.845610 1.209444 3.082335 
1.999648 3.135000 3.845610 1.205599 3.082335 
1.999648 3.125000 3.845610 1.201753 3.082335 
1.999648 3.115000 3.845610 1.197907 3.082335 
1.999648 3.105000 3.845610 1.194062 3.082335 
1.999648 3.095000 3.845610 1.190216 3.082335 
1.999648 3.085000 3.845610 1.186371 3.082335 
1.999571 3.075000 3.845610 1.182525 3.016962 
1.999571 3.065000 3.845610 1.178679 3.016962 
1.999571 3.055000 3.845610 1.174834 3.016962 
1.999571 3.045000 3.845610 1.170988 3.016962 
1.999571 3.035000 3.845610 1.167143 3.016962 
1.999571 3.025000 3.845610 1.163297 3.016962 
1.999488 3.015000 3.845610 1.159451 2.957421 
1.999488 3.005000 3.845610 1.155606 2.957421 
1.999488 2.995000 3.845610 1.151760 2.957421 
1.999488 2.985000 3.845610 1.147914 2.957421 
1.999488 2.975000 3.845610 1.144069 2.957421 
1.999488 2.965000 3.845610 1.140223 2.957421 
1.999396 2.955000 3.845610 1.136378 2.902756 
1.999396 2.945000 3.845610 1.132532 2.902756 
1.999396 2.935000 3.845610 1.128686 2.902756 
1.999396 2.925000 3.845610 1.124841 2.902756 
1.999396 2.915000 3.845610 1.120995 2.902756 
1.999396 2.905000 3.845610 1.117150 2.902756 
1.999298 2.895000 3.845610 1.113304 2.852226 
1.999298 2.885000 3.845610 1.109458 2.852226 
1.999298 2.875000 3.845610 1.105613 2.852226 
1.999298 2.865000 3.845610 1.101767 2.852226 
1.999298 2.855000 3.845610 1.097922 2.852226 
1.999191 2.845000 3.845610 1.094076 2.805249 
1.999191 2.835000 3.845610 1.090230 2.805249 
1.999191 2.825000 3.845610 1.086385 2.805249 
1.999191 2.815000 3.845610 1.082539 2.805249 
1.999077 2.805000 3.845610 1.078693 2.761356 
1.999077 2.795000 3.845610 1.074848 2.761356 
1.999077 2.785000 3.845610 1.071002 2.761356 
1.999077 2.775000 3.845610 1.067157 2.761356 
1.999077 2.765000 3.845610 1.063311 2.761356 
1.998956 2.755000 3.845610 1.059465 2.720166 
1.998956 2.745000 3.845610 1.055620 2.720166 
1.998956 2.735000 3.845610 1.051774 2.720166 
1.998956 2.725000 3.845610 1.047929 2.720166 
1.998828 2.715000 3.845610 1.044083 2.681364 
1.998828 2.705000 3.845610 1.040237 2.681364 
1.998828 2.695000 3.845610 1.036392 2.681364 
1.998828 2.685000 3.845610 1.032546 2.681364 
1.998691 2.675000 3.845610 1.028701 2.644687 
1.998691 2.665000 3.845610 1.024855 2.644687 
1.998691 2.655000 3.845610 1.021009 2.644687 
1.998691 2.645000 3.845610 1.017164 2.644687 
1.998548 2.635000 3.845610 1.013318 2.609914 
1.998548 2.625000 3.845610 1.009473 2.609914 
1.998548 2.615000 3.845610 1.005627 2.609914 
1.998397 2.605000 3.845610 1.001781 2.576856 
1.998397 2.595000 3.845610 0.997936 2.576856 
1.998397 2.585000 3.845610 0.994090 2.576856 
1.998238 2.575000 3.845610 0.990244 2.545350 
1.998238 2.565000 3.845610 0.986399 2.545350 
1.998238 2.555000 3.845610 0.982553 2.545350 
1.998072 2.545000 3.845610 0.978708 2.515257 
1.998072 2.535000 3.845610 0.974862 2.515257 
1.998072 2.525000 3.845610 0.971016 2.515257 
1.997898 2.515000 3.845610 0.967171 2.486455 
1.997898 2.505000 3.845610 0.963325 2.486455 
1.997898 2.495000 3.845610 0.959480 2.486455 
1.997717 2.485000 3.845610 0.955634 2.458836 
1.997717 2.475000 3.845610 0.951788 2.458836 
1.997717 2.465000 3.845610 0.947943 2.458836 
1.997529 2.455000 3.845610 0.944097 2.432306 
1.997529 2.445000 3.845610 0.940252 2.432306 
1.997529 2.435000 3.845610 0.936406 2.432306 
1.997332 2.425000 3.845610 0.932560 2.406782 
1.997332 2.415000 3.845610 0.928715 2.406782 
1.997129 2.405000 3.845610 0.924869 2.382190 
1.997129 2.395000 3.845610 0.921024 2.382190 
1.997129 2.385000 3.845610 0.917178 2.382190 
1.996918 2.375000 3.845610 0.913332 2.358463 
1.996918 2.365000 3.845610 0.909487 2.358463 
1.996699 2.355000 3.845610 0.905641 2.335543 
1.996699 2.345000 3.845610 0.901795 2.335543 
1.996473 2.335000 3.845610 0.897950 2.313374 
1.996473 2.325000 3.845610 0.894104 2.313374 
1.996473 2.315000 3.845610 0.890259 2.313374 
1.996240 2.305000 3.845610 0.886413 2.291910 
1.996240 2.295000 3.845610 0.882567 2.291910 
1.995999 2.285000 3.845610 0.878722 2.271105 
1.995999 2.275000 3.845610 0.874876 2.271105 
1.995750 2.265000 3.845610 0.871031 2.250921 
1.995750 2.255000 3.845610 0.867185 2.250921 
1.995494 2.245000 3.845610 0.863339 2.231320 
1.995494 2.235000 3.845610 0.859494 2.231320 
1.995231 2.225000 3.845610 0.855648 2.212269 
1.995231 2.215000 3.845610 0.851803 2.212269 
1.994960 2.205000 3.845610 0.847957 2.193738 
1.994960 2.195000 3.845610 0.844111 2.193738 
1.994681 2.185000 3.845610 0.840266 2.175698 
1.994395 2.175000 3.845610 0.836420 2.158124 
1.994395 2.165000 3.845610 0.832574 2.158124 
1.994102 2.155000 3.845610 0.828729 2.140992 
1.994102 2.145000 3.845610 0.824883 2.140992 
1.993801 2.135000 3.845610 0.821038 2.124279 
1.993801 2.125000 3.845610 0.817192 2.124279 
1.993492 2.115000 3.845610 0.813346 2.107966 
1.993176 2.105000 3.845610 0.809501 2.092032 
1.993176 2.095000 3.845610 0.805655 2.092032 
1.992853 2.085000 3.845610 0.801810 2.076460 
1.992522 2.075000 3.845610 0.797964 2.061235 
1.992522 2.065000 3.845610 0.794118 2.061235 
1.992183 2.055000 3.845610 0.790273 2.046339 
1.991837 2.045000 3.845610 0.786427 2.031759 
1.991837 2.035000 3.845610 0.782582 2.031759 
1.991483 2.025000 3.845610 0.778736 2.017482 
1.991122 2.015000 3.845610 0.774890 2.003494 
1.991122 2.005000 3.845610 0.771045 2.003494 
1.990754 1.995000 3.845610 0.767199 1.989783 
1.990378 1.985000 3.845610 0.763354 1.976340 
1.989994 1.975000 3.845610 0.759508 1.963152 
1.989994 1.965000 3.845610 0.755662 1.963152 
1.989603 1.955000 3.845610 0.751817 1.950210 
1.989204 1.945000 3.845610 0.747971 1.937505 
1.988798 1.935000 3.845610 0.744125 1.925027 
1.988384 1.925000 3.845610 0.740280 1.912769 
1.988384 1.915000 3.845610 0.736434 1.912769 
1.987963 1.905000 3.845610 0.732589 1.900723 
1.987534 1.895000 3.845610 0.728743 1.888880 
1.987097 1.885000 3.845610 0.724897 1.877234 
1.986654 1.875000 3.845610 0.721052 1.865778 
1.986202 1.865000 3.845610 0.717206 1.854506 
1.986202 1.855000 3.845610 0.713361 1.854506 
1.985743 1.845000 3.845610 0.709515 1.843412 
1.985277 1.835000 3.845610 0.705669 1.832489 
1.984803 1.825000 3.845610 0.701824 1.821732 
1.984321 1.815000 3.845610 0.697978 1.811136 
1.983832 1.805000 3.845610 0.694133 1.800696 
1.983335 1.795000 3.845610 0.690287 1.790407 
1.982831 1.785000 3.845610 0.686441 1.780265 
1.982319 1.775000 3.845610 0.682596 1.770264 
1.981799 1.765000 3.845610 0.678750 1.760401 
1.981273 1.755000 3.845610 0.674904 1.750672 
1.980738 1.745000 3.845610 0.671059 1.741073 
1.980196 1.735000 3.845610 0.667213 1.731600 
1.979646 1.725000 3.845610 0.663368 1.722250 
1.979089 1.715000 3.845610 0.659522 1.713019 
1.978524 1.705000 3.845610 0.655676 1.703905 
1.977952 1.695000 3.845610 0.651831 1.694903 
1.976784 1.685000 3.845610 0.647985 1.677226 
1.976189 1.675000 3.845610 0.644140 1.668545 
1.975586 1.665000 3.845610 0.640294 1.659965 
1.974976 1.655000 3.845610 0.636448 1.651485 
1.974358 1.645000 3.845610 0.632603 1.643101 
1.973733 1.635000 3.845610 0.628757 1.634811 
1.972459 1.625000 3.845610 0.624912 1.618503 
1.971810 1.615000 3.845610 0.621066 1.610481 
1.971154 1.605000 3.845610 0.617220 1.602545 
1.970491 1.595000 3.845610 0.613375 1.594691 
1.969141 1.585000 3.845610 0.609529 1.579227 
1.968454 1.575000 3.845610 0.605684 1.571611 
1.967760 1.565000 3.845610 0.601838 1.564072 
1.966349 1.555000 3.845610 0.597992 1.549214 
1.965632 1.545000 3.845610 0.594147 1.541891 
1.964908 1.535000 3.845610 0.590301 1.534639 
1.963436 1.525000 3.845610 0.586455 1.520335 
1.962688 1.515000 3.845610 0.582610 1.513281 
1.961170 1.505000 3.845610 0.578764 1.499362 
1.960400 1.495000 3.845610 0.574919 1.492495 
1.958836 1.485000 3.845610 0.571073 1.478938 
1.958042 1.475000 3.845610 0.567227 1.472246 
1.956432 1.465000 3.845610 0.563382 1.459029 
1.955615 1.455000 3.845610 0.559536 1.452502 
1.953959 1.445000 3.845610 0.555691 1.439605 
1.953120 1.435000 3.845610 0.551845 1.433233 
1.951417 1.425000 3.845610 0.547999 1.420638 
1.950554 1.415000 3.845610 0.544154 1.414413 
1.948806 1.405000 3.845610 0.540308 1.402103 
1.947026 1.395000 3.845610 0.536463 1.389975 
1.946125 1.385000 3.845610 0.532617 1.383976 
1.944299 1.375000 3.845610 0.528771 1.372108 
1.942442 1.365000 3.845610 0.524926 1.360404 
1.941502 1.355000 3.845610 0.521080 1.354612 
1.939598 1.345000 3.845610 0.517234 1.343146 
1.937663 1.335000 3.845610 0.513389 1.331831 
1.935698 1.325000 3.845610 0.509543 1.320662 
1.933701 1.315000 3.845610 0.505698 1.309634 
1.932691 1.305000 3.845610 0.501852 1.304172 
1.930647 1.295000 3.845610 0.498006 1.293347 
1.928572 1.285000 3.845610 0.494161 1.282652 
1.926466 1.275000 3.845610 0.490315 1.272082 
1.924328 1.265000 3.845610 0.486470 1.261634 
1.922159 1.255000 3.845610 0.482624 1.251303 
1.919959 1.245000 3.845610 0.478778 1.241087 
1.917727 1.235000 3.845610 0.474933 1.230980 
1.915463 1.225000 3.845610 0.471087 1.220980 
1.913168 1.215000 3.845610 0.467242 1.211084 
1.910842 1.205000 3.845610 0.463396 1.201288 
1.908483 1.195000 3.845610 0.459550 1.191589 
1.906093 1.185000 3.845610 0.455705 1.181984 
1.903672 1.175000 3.845610 0.451859 1.172471 
1.901218 1.165000 3.845610 0.448014 1.163047 
1.898733 1.155000 3.845610 0.444168 1.153708 
1.896215 1.145000 3.845610 0.440322 1.144453 
1.892379 1.135000 3.845610 0.436477 1.130721 
1.889782 1.125000 3.845610 0.432631 1.121664 
1.887152 1.115000 3.845610 0.428785 1.112682 
1.884491 1.105000 3.845610 0.424940 1.103774 
1.881797 1.095000 3.845610 0.421094 1.094936 
1.877696 1.085000 3.845610 0.417249 1.081807 
1.874921 1.075000 3.845610 0.413403 1.073137 
1.872114 1.065000 3.845610 0.409557 1.064531 
1.867842 1.055000 3.845610 0.405712 1.051739 
1.864954 1.045000 3.845610 0.401866 1.043285 
1.862033 1.035000 3.845610 0.398021 1.034889 
1.857590 1.025000 3.845610 0.394175 1.022399 
1.854587 1.015000 3.845610 0.390329 1.014140 
1.850021 1.005000 3.845610 0.386484 1.001849 
1.846936 0.995000 3.845610 0.382638 0.993718 
1.842246 0.985000 3.845610 0.378793 0.981611 
1.839078 0.975000 3.845610 0.374947 0.973598 
1.834264 0.965000 3.845610 0.371101 0.961662 
1.831013 0.955000 3.845610 0.367256 0.953759 
1.826073 0.945000 3.845610 0.363410 0.941982 
1.822739 0.935000 3.845610 0.359564 0.934181 
1.817674 0.925000 3.845610 0.355719 0.922552 
1.814255 0.915000 3.845610 0.351873 0.914845 
1.809063 0.905000 3.845610 0.348028 0.903352 
1.803796 0.895000 3.845610 0.344182 0.891935 
1.800241 0.885000 3.845610 0.340336 0.884365 
1.794846 0.875000 3.845610 0.336491 0.873069 
1.789373 0.865000 3.845610 0.332645 0.861840 
1.785682 0.855000 3.845610 0.328800 0.854390 
1.780080 0.845000 3.845610 0.324954 0.843266 
1.774401 0.835000 3.845610 0.321108 0.832200 
1.770572 0.825000 3.845610 0.317263 0.824855 
1.764762 0.815000 3.845610 0.313417 0.813881 
1.758874 0.805000 3.845610 0.309572 0.802957 
1.752907 0.795000 3.845610 0.305726 0.792081 
1.748884 0.785000 3.845610 0.301880 0.784856 
1.742785 0.775000 3.845610 0.298035 0.774054 
1.736606 0.765000 3.845610 0.294189 0.763292 
1.730346 0.755000 3.845610 0.290344 0.752568 
1.724006 0.745000 3.845610 0.286498 0.741880 
1.719734 0.735000 3.845610 0.282652 0.734772 
1.713259 0.725000 3.845610 0.278807 0.724136 
1.706703 0.715000 3.845610 0.274961 0.713529 
1.700064 0.705000 3.845610 0.271115 0.702948 
1.693343 0.695000 3.845610 0.267270 0.692390 
1.686540 0.685000 3.845610 0.263424 0.681853 
1.681958 0.675000 3.845610 0.259579 0.674840 
1.675016 0.665000 3.845610 0.255733 0.664333 
1.667990 0.655000 3.845610 0.251887 0.653842 
1.660879 0.645000 3.845610 0.248042 0.643364 
1.653684 0.635000 3.845610 0.244196 0.632896 
1.646404 0.625000 3.845610 0.240351 0.622437 
1.639039 0.615000 3.845610 0.236505 0.611983 
1.631587 0.605000 3.845610 0.232659 0.601534 
1.626571 0.595000 3.845610 0.228814 0.594568 
1.618975 0.585000 3.845610 0.224968 0.584120 
1.611292 0.575000 3.845610 0.221123 0.573671 
1.603520 0.565000 3.845610 0.217277 0.563217 
1.595661 0.555000 3.845610 0.213431 0.552757 
1.587712 0.545000 3.845610 0.209586 0.542288 
1.579675 0.535000 3.845610 0.205740 0.531809 
1.574266 0.525000 3.845610 0.201895 0.524816 
1.566078 0.515000 3.845610 0.198049 0.514314 
1.557799 0.505000 3.845610 0.194203 0.503796 
1.549429 0.495000 3.845610 0.190358 0.493260 
1.540966 0.485000 3.845610 0.186512 0.482703 
1.532411 0.475000 3.845610 0.182666 0.472122 
1.523763 0.465000 3.845610 0.178821 0.461517 
1.517945 0.455000 3.845610 0.174975 0.454431 
1.509140 0.445000 3.845610 0.171130 0.443778 
1.500240 0.435000 3.845610 0.167284 0.433094 
1.491244 0.425000 3.845610 0.163438 0.422376 
1.482152 0.415000 3.845610 0.159593 0.411622 
1.476037 0.405000 3.845610 0.155747 0.404432 
1.466782 0.395000 3.845610 0.151902 0.393613 
1.457430 0.385000 3.845610 0.148056 0.382751 
1.447979 0.375000 3.845610 0.144210 0.371844 
1.441622 0.365000 3.845610 0.140365 0.364547 
1.432004 0.355000 3.845610 0.136519 0.353560 
1.422285 0.345000 3.845610 0.132674 0.342521 
1.412464 0.335000 3.845610 0.128828 0.331427 
1.405860 0.325000 3.845610 0.124982 0.324000 
1.395867 0.315000 3.845610 0.121137 0.312809 
1.385771 0.305000 3.845610 0.117291 0.301556 
1.378981 0.295000 3.845610 0.113445 0.294019 
1.368709 0.285000 3.845610 0.109600 0.282657 
1.358330 0.275000 3.845610 0.105754 0.271225 
1.351352 0.265000 3.845610 0.101909 0.263563 
1.340793 0.255000 3.845610 0.098063 0.252008 
1.333694 0.245000 3.845610 0.094217 0.244261 
1.322954 0.235000 3.845610 0.090372 0.232573 
1.315732 0.225000 3.845610 0.086526 0.224735 
1.304806 0.215000 3.845610 0.082681 0.212905 
1.297460 0.205000 3.845610 0.078835 0.204969 
1.286346 0.195000 3.845610 0.074989 0.192988 
1.278873 0.185000 3.845610 0.071144 0.184948 
1.267568 0.175000 3.845610 0.067298 0.172804 
1.259966 0.165000 3.845610 0.063453 0.164652 
1.248467 0.155000 3.845610 0.059607 0.152335 
1.240735 0.145000 3.845610 0.055761 0.144064 
1.229037 0.135000 3.845610 0.051916 0.131562 
1.221172 0.125000 3.845610 0.048070 0.123163 
1.213252 0.115000 3.845610 0.044225 0.114710 
1.201272 0.105000 3.845610 0.040379 0.101928 
1.193216 0.095000 3.845610 0.036533 0.093336 
1.185105 0.085000 3.845610 0.032688 0.084685 
1.172834 0.075000 3.845610 0.028842 0.071596 
1.164583 0.065000 3.845610 0.024996 0.062792 
1.156274 0.055000 3.845610 0.021151 0.053924 
1.147909 0.045000 3.845610 0.017305 0.044990 
1.135252 0.035000 3.845610 0.013460 0.031463 
1.126742 0.025000 3.845610 0.009614 0.022357 
1.118172 0.015000 3.845610 0.005768 0.013178 
