1.999998 9.985000 85.550014 85.421689 6.725336 
1.999998 9.975000 85.550014 85.336139 6.725336 
1.999998 9.965000 85.550014 85.250589 6.725336 
1.999998 9.955000 85.550014 85.165039 6.725336 
1.999998 9.945000 85.550014 85.079489 6.725336 
1.999998 9.935000 85.550014 84.993939 6.725336 
1.999998 9.925000 85.550014 84.908389 6.725336 
1.999998 9.915000 85.550014 84.822839 6.725336 
1.999998 9.905000 85.550014 84.737289 6.725336 
1.999998 9.895000 85.550014 84.651739 6.725336 
1.999998 9.885000 85.550014 84.566189 6.725336 
1.999998 9.875000 85.550014 84.480639 6.725336 
1.999998 9.865000 85.550014 84.395089 6.725336 
1.999998 9.855000 85.550014 84.309539 6.725336 
1.999998 9.845000 85.550014 84.223989 6.725336 
1.999998 9.835000 85.550014 84.138439 6.725336 
1.999998 9.825000 85.550014 84.052889 6.725336 
1.999998 9.815000 85.550014 83.967339 6.725336 
1.999998 9.805000 85.550014 83.881789 6.725336 
1.999998 9.795000 85.550014 83.796239 6.725336 
1.999998 9.785000 85.550014 83.710689 6.725336 
1.999998 9.775000 85.550014 83.625139 6.725336 
1.999998 9.765000 85.550014 83.539589 6.725336 
1.999998 9.755000 85.550014 83.454039 6.725336 
1.999998 9.745000 85.550014 83.368489 6.725336 
1.999998 9.735000 85.550014 83.282939 6.725336 
1.999998 9.725000 85.550014 83.197389 6.725336 
1.999998 9.715000 85.550014 83.111839 6.725336 
1.999998 9.705000 85.550014 83.026289 6.725336 
1.999998 9.695000 85.550014 82.940739 6.725336 
1.999998 9.685000 85.550014 82.855189 6.725336 
1.999998 9.675000 85.550014 82.769639 6.725336 
1.999998 9.665000 85.550014 82.684089 6.725336 
1.999998 9.655000 85.550014 82.598539 6.725336 
1.999998 9.645000 85.550014 82.512989 6.725336 
1.999998 9.635000 85.550014 82.427439 6.725336 
1.999998 9.625000 85.550014 82.341889 6.725336 
1.999998 9.615000 85.550014 82.256339 6.725336 
1.999998 9.605000 85.550014 82.170789 6.725336 
1.999998 9.595000 85.550014 82.085239 6.725336 
1.999998 9.585000 85.550014 81.999689 6.725336 
1.999998 9.575000 85.550014 81.914139 6.725336 
1.999998 9.565000 85.550014 81.828589 6.725336 
1.999998 9.555000 85.550014 81.743039 6.725336 
1.999998 9.545000 85.550014 81.657489 6.725336 
1.999998 9.535000 85.550014 81.571939 6.725336 
1.999998 9.525000 85.550014 81.486389 6.725336 
1.999998 9.515000 85.550014 81.400839 6.725336 
1.999998 9.505000 85.550014 81.315289 6.725336 
1.999998 9.495000 85.550014 81.229739 6.725336 
1.999998 9.485000 85.550014 81.144188 6.725336 
1.999998 9.475000 85.550014 81.058638 6.725336 
1.999998 9.465000 85.550014 80.973088 6.725336 
1.999998 9.455000 85.550014 80.887538 6.725336 
1.999998 9.445000 85.550014 80.801988 6.725336 
1.999998 9.435000 85.550014 80.716438 6.725336 
1.999998 9.425000 85.550014 80.630888 6.725336 
1.999998 9.415000 85.550014 80.545338 6.725336 
1.999998 9.405000 85.550014 80.459788 6.725336 
1.999998 9.395000 85.550014 80.374238 6.725336 
1.999998 9.385000 85.550014 80.288688 6.725336 
1.999998 9.375000 85.550014 80.203138 6.725336 
1.999998 9.365000 85.550014 80.117588 6.725336 
1.999998 9.355000 85.550014 80.032038 6.725336 
1.999998 9.345000 85.550014 79.946488 6.725336 
1.999998 9.335000 85.550014 79.860938 6.725336 
1.999998 9.325000 85.550014 79.775388 6.725336 
1.999998 9.315000 85.550014 79.689838 6.725336 
1.999998 9.305000 85.550014 79.604288 6.725336 
1.999998 9.295000 85.550014 79.518738 6.725336 
1.999998 9.285000 85.550014 79.433188 6.725336 
1.999998 9.275000 85.550014 79.347638 6.725336 
1.999998 9.265000 85.550014 79.262088 6.725336 
1.999998 9.255000 85.550014 79.176538 6.725336 
1.999998 9.245000 85.550014 79.090988 6.725336 
1.999998 9.235000 85.550014 79.005438 6.725336 
1.999998 9.225000 85.550014 78.919888 6.725336 
1.999998 9.215000 85.550014 78.834338 6.725336 
1.999998 9.205000 85.550014 78.748788 6.725336 
1.999998 9.195000 85.550014 78.663238 6.725336 
1.999998 9.185000 85.550014 78.577688 6.725336 
1.999998 9.175000 85.550014 78.492138 6.725336 
1.999998 9.165000 85.550014 78.406588 6.725336 
1.999998 9.155000 85.550014 78.321038 6.725336 
1.999998 9.145000 85.550014 78.235488 6.725336 
1.999998 9.135000 85.550014 78.149938 6.725336 
1.999998 9.125000 85.550014 78.064388 6.725336 
1.999998 9.115000 85.550014 77.978838 6.725336 
1.999998 9.105000 85.550014 77.893288 6.725336 
1.999998 9.095000 85.550014 77.807738 6.725336 
1.999998 9.085000 85.550014 77.722188 6.725336 
1.999998 9.075000 85.550014 77.636638 6.725336 
1.999998 9.065000 85.550014 77.551088 6.725336 
1.999998 9.055000 85.550014 77.465538 6.725336 
1.999998 9.045000 85.550014 77.379988 6.725336 
1.999998 9.035000 85.550014 77.294438 6.725336 
1.999998 9.025000 85.550014 77.208888 6.725336 
1.999998 9.015000 85.550014 77.123338 6.725336 
1.999998 9.005000 85.550014 77.037788 6.725336 
1.999998 8.995000 85.550014 76.952238 6.725336 
1.999998 8.985000 85.550014 76.866688 6.725336 
1.999998 8.975000 85.550014 76.781138 6.725336 
1.999998 8.965000 85.550014 76.695588 6.725336 
1.999998 8.955000 85.550014 76.610038 6.725336 
1.999998 8.945000 85.550014 76.524488 6.725336 
1.999998 8.935000 85.550014 76.438938 6.725336 
1.999998 8.925000 85.550014 76.353388 6.725336 
1.999998 8.915000 85.550014 76.267838 6.725336 
1.999998 8.905000 85.550014 76.182288 6.725336 
1.999998 8.895000 85.550014 76.096738 6.725336 
1.999998 8.885000 85.550014 76.011188 6.725336 
1.999998 8.875000 85.550014 75.925638 6.725336 
1.999998 8.865000 85.550014 75.840088 6.725336 
1.999998 8.855000 85.550014 75.754538 6.725336 
1.999998 8.845000 85.550014 75.668988 6.725336 
1.999998 8.835000 85.550014 75.583438 6.725336 
1.999998 8.825000 85.550014 75.497888 6.725336 
1.999998 8.815000 85.550014 75.412338 6.725336 
1.999998 8.805000 85.550014 75.326788 6.725336 
1.999998 8.795000 85.550014 75.241238 6.725336 
1.999998 8.785000 85.550014 75.155687 6.725336 
1.999998 8.775000 85.550014 75.070137 6.725336 
1.999998 8.765000 85.550014 74.984587 6.725336 
1.999998 8.755000 85.550014 74.899037 6.725336 
1.999998 8.745000 85.550014 74.813487 6.725336 
1.999998 8.735000 85.550014 74.727937 6.725336 
1.999998 8.725000 85.550014 74.642387 6.725336 
1.999998 8.715000 85.550014 74.556837 6.725336 
1.999998 8.705000 85.550014 74.471287 6.725336 
1.999998 8.695000 85.550014 74.385737 6.725336 
1.999998 8.685000 85.550014 74.300187 6.725336 
1.999998 8.675000 85.550014 74.214637 6.725336 
1.999998 8.665000 85.550014 74.129087 6.725336 
1.999998 8.655000 85.550014 74.043537 6.725336 
1.999998 8.645000 85.550014 73.957987 6.725336 
1.999998 8.635000 85.550014 73.872437 6.725336 
1.999998 8.625000 85.550014 73.786887 6.725336 
1.999998 8.615000 85.550014 73.701337 6.725336 
1.999998 8.605000 85.550014 73.615787 6.725336 
1.999998 8.595000 85.550014 73.530237 6.725336 
1.999998 8.585000 85.550014 73.444687 6.725336 
1.999998 8.575000 85.550014 73.359137 6.725336 
1.999998 8.565000 85.550014 73.273587 6.725336 
1.999998 8.555000 85.550014 73.188037 6.725336 
1.999998 8.545000 85.550014 73.102487 6.725336 
1.999998 8.535000 85.550014 73.016937 6.725336 
1.999998 8.525000 85.550014 72.931387 6.725336 
1.999998 8.515000 85.550014 72.845837 6.725336 
1.999998 8.505000 85.550014 72.760287 6.725336 
1.999998 8.495000 85.550014 72.674737 6.725336 
1.999998 8.485000 85.550014 72.589187 6.725336 
1.999998 8.475000 85.550014 72.503637 6.725336 
1.999998 8.465000 85.550014 72.418087 6.725336 
1.999998 8.455000 85.550014 72.332537 6.725336 
1.999998 8.445000 85.550014 72.246987 6.725336 
1.999998 8.435000 85.550014 72.161437 6.725336 
1.999998 8.425000 85.550014 72.075887 6.725336 
1.999998 8.415000 85.550014 71.990337 6.725336 
1.999998 8.405000 85.550014 71.904787 6.725336 
1.999998 8.395000 85.550014 71.819237 6.725336 
1.999998 8.385000 85.550014 71.733687 6.725336 
1.999998 8.375000 85.550014 71.648137 6.725336 
1.999998 8.365000 85.550014 71.562587 6.725336 
1.999998 8.355000 85.550014 71.477037 6.725336 
1.999998 8.345000 85.550014 71.391487 6.725336 
1.999998 8.335000 85.550014 71.305937 6.725336 
1.999998 8.325000 85.550014 71.220387 6.725336 
1.999998 8.315000 85.550014 71.134837 6.725336 
1.999998 8.305000 85.550014 71.049287 6.725336 
1.999998 8.295000 85.550014 70.963737 6.725336 
1.999998 8.285000 85.550014 70.878187 6.725336 
1.999998 8.275000 85.550014 70.792637 6.725336 
1.999998 8.265000 85.550014 70.707087 6.725336 
1.999998 8.255000 85.550014 70.621537 6.725336 
1.999998 8.245000 85.550014 70.535987 6.725336 
1.999998 8.235000 85.550014 70.450437 6.725336 
1.999998 8.225000 85.550014 70.364887 6.725336 
1.999998 8.215000 85.550014 70.279337 6.725336 
1.999998 8.205000 85.550014 70.193787 6.725336 
1.999998 8.195000 85.550014 70.108237 6.725336 
1.999998 8.185000 85.550014 70.022687 6.725336 
1.999998 8.175000 85.550014 69.937137 6.725336 
1.999998 8.165000 85.550014 69.851587 6.725336 
1.999998 8.155000 85.550014 69.766037 6.725336 
1.999998 8.145000 85.550014 69.680487 6.725336 
1.999998 8.135000 85.550014 69.594937 6.725336 
1.999998 8.125000 85.550014 69.509387 6.725336 
1.999998 8.115000 85.550014 69.423837 6.725336 
1.999998 8.105000 85.550014 69.338287 6.725336 
1.999998 8.095000 85.550014 69.252737 6.725336 
1.999998 8.085000 85.550014 69.167187 6.725336 
1.999998 8.075000 85.550014 69.081636 6.725336 
1.999998 8.065000 85.550014 68.996086 6.725336 
1.999998 8.055000 85.550014 68.910536 6.725336 
1.999998 8.045000 85.550014 68.824986 6.725336 
1.999998 8.035000 85.550014 68.739436 6.725336 
1.999998 8.025000 85.550014 68.653886 6.725336 
1.999998 8.015000 85.550014 68.568336 6.725336 
1.999998 8.005000 85.550014 68.482786 6.725336 
1.999998 7.995000 85.550014 68.397236 6.725336 
1.999998 7.985000 85.550014 68.311686 6.725336 
1.999998 7.975000 85.550014 68.226136 6.725336 
1.999998 7.965000 85.550014 68.140586 6.725336 
1.999998 7.955000 85.550014 68.055036 6.725336 
1.999998 7.945000 85.550014 67.969486 6.725336 
1.999998 7.935000 85.550014 67.883936 6.725336 
1.999998 7.925000 85.550014 67.798386 6.725336 
1.999998 7.915000 85.550014 67.712836 6.725336 
1.999998 7.905000 85.550014 67.627286 6.725336 
1.999998 7.895000 85.550014 67.541736 6.725336 
1.999998 7.885000 85.550014 67.456186 6.725336 
1.999998 7.875000 85.550014 67.370636 6.725336 
1.999998 7.865000 85.550014 67.285086 6.725336 
1.999998 7.855000 85.550014 67.199536 6.725336 
1.999998 7.845000 85.550014 67.113986 6.725336 
1.999998 7.835000 85.550014 67.028436 6.725336 
1.999998 7.825000 85.550014 66.942886 6.725336 
1.999998 7.815000 85.550014 66.857336 6.725336 
1.999998 7.805000 85.550014 66.771786 6.725336 
1.999998 7.795000 85.550014 66.686236 6.725336 
1.999998 7.785000 85.550014 66.600686 6.725336 
1.999998 7.775000 85.550014 66.515136 6.725336 
1.999998 7.765000 85.550014 66.429586 6.725336 
1.999998 7.755000 85.550014 66.344036 6.725336 
1.999998 7.745000 85.550014 66.258486 6.725336 
1.999998 7.735000 85.550014 66.172936 6.725336 
1.999998 7.725000 85.550014 66.087386 6.725336 
1.999998 7.715000 85.550014 66.001836 6.725336 
1.999998 7.705000 85.550014 65.916286 6.725336 
1.999998 7.695000 85.550014 65.830736 6.725336 
1.999998 7.685000 85.550014 65.745186 6.725336 
1.999998 7.675000 85.550014 65.659636 6.725336 
1.999998 7.665000 85.550014 65.574086 6.725336 
1.999998 7.655000 85.550014 65.488536 6.725336 
1.999998 7.645000 85.550014 65.402986 6.725336 
1.999998 7.635000 85.550014 65.317436 6.725336 
1.999998 7.625000 85.550014 65.231886 6.725336 
1.999998 7.615000 85.550014 65.146336 6.725336 
1.999998 7.605000 85.550014 65.060786 6.725336 
1.999998 7.595000 85.550014 64.975236 6.725336 
1.999998 7.585000 85.550014 64.889686 6.725336 
1.999998 7.575000 85.550014 64.804136 6.725336 
1.999998 7.565000 85.550014 64.718586 6.725336 
1.999998 7.555000 85.550014 64.633036 6.725336 
1.999998 7.545000 85.550014 64.547486 6.725336 
1.999998 7.535000 85.550014 64.461936 6.725336 
1.999998 7.525000 85.550014 64.376386 6.725336 
1.999998 7.515000 85.550014 64.290836 6.725336 
1.999998 7.505000 85.550014 64.205286 6.725336 
1.999998 7.495000 85.550014 64.119736 6.725336 
1.999998 7.485000 85.550014 64.034186 6.725336 
1.999998 7.475000 85.550014 63.948636 6.725336 
1.999998 7.465000 85.550014 63.863086 6.725336 
1.999998 7.455000 85.550014 63.777536 6.725336 
1.999998 7.445000 85.550014 63.691986 6.725336 
1.999998 7.435000 85.550014 63.606436 6.725336 
1.999998 7.425000 85.550014 63.520886 6.725336 
1.999998 7.415000 85.550014 63.435336 6.725336 
1.999998 7.405000 85.550014 63.349786 6.725336 
1.999998 7.395000 85.550014 63.264236 6.725336 
1.999998 7.385000 85.550014 63.178686 6.725336 
1.999998 7.375000 85.550014 63.093135 6.725336 
1.999998 7.365000 85.550014 63.007585 6.725336 
1.999998 7.355000 85.550014 62.922035 6.725336 
1.999998 7.345000 85.550014 62.836485 6.725336 
1.999998 7.335000 85.550014 62.750935 6.725336 
1.999998 7.325000 85.550014 62.665385 6.725336 
1.999998 7.315000 85.550014 62.579835 6.725336 
1.999998 7.305000 85.550014 62.494285 6.725336 
1.999998 7.295000 85.550014 62.408735 6.725336 
1.999998 7.285000 85.550014 62.323185 6.725336 
1.999998 7.275000 85.550014 62.237635 6.725336 
1.999998 7.265000 85.550014 62.152085 6.725336 
1.999998 7.255000 85.550014 62.066535 6.725336 
1.999998 7.245000 85.550014 61.980985 6.725336 
1.999998 7.235000 85.550014 61.895435 6.725336 
1.999998 7.225000 85.550014 61.809885 6.725336 
1.999998 7.215000 85.550014 61.724335 6.725336 
1.999998 7.205000 85.550014 61.638785 6.725336 
1.999998 7.195000 85.550014 61.553235 6.725336 
1.999998 7.185000 85.550014 61.467685 6.725336 
1.999998 7.175000 85.550014 61.382135 6.725336 
1.999998 7.165000 85.550014 61.296585 6.725336 
1.999998 7.155000 85.550014 61.211035 6.725336 
1.999998 7.145000 85.550014 61.125485 6.725336 
1.999998 7.135000 85.550014 61.039935 6.725336 
1.999998 7.125000 85.550014 60.954385 6.725336 
1.999998 7.115000 85.550014 60.868835 6.725336 
1.999998 7.105000 85.550014 60.783285 6.725336 
1.999998 7.095000 85.550014 60.697735 6.725336 
1.999998 7.085000 85.550014 60.612185 6.725336 
1.999998 7.075000 85.550014 60.526635 6.725336 
1.999998 7.065000 85.550014 60.441085 6.725336 
1.999998 7.055000 85.550014 60.355535 6.725336 
1.999998 7.045000 85.550014 60.269985 6.725336 
1.999998 7.035000 85.550014 60.184435 6.725336 
1.999998 7.025000 85.550014 60.098885 6.725336 
1.999998 7.015000 85.550014 60.013335 6.725336 
1.999998 7.005000 85.550014 59.927785 6.725336 
1.999998 6.995000 85.550014 59.842235 6.725336 
1.999998 6.985000 85.550014 59.756685 6.725336 
1.999998 6.975000 85.550014 59.671135 6.725336 
1.999998 6.965000 85.550014 59.585585 6.725336 
1.999998 6.955000 85.550014 59.500035 6.725336 
1.999998 6.945000 85.550014 59.414485 6.725336 
1.999998 6.935000 85.550014 59.328935 6.725336 
1.999998 6.925000 85.550014 59.243385 6.725336 
1.999998 6.915000 85.550014 59.157835 6.725336 
1.999998 6.905000 85.550014 59.072285 6.725336 
1.999998 6.895000 85.550014 58.986735 6.725336 
1.999998 6.885000 85.550014 58.901185 6.725336 
1.999998 6.875000 85.550014 58.815635 6.725336 
1.999998 6.865000 85.550014 58.730085 6.725336 
1.999998 6.855000 85.550014 58.644535 6.725336 
1.999998 6.845000 85.550014 58.558985 6.725336 
1.999998 6.835000 85.550014 58.473435 6.725336 
1.999998 6.825000 85.550014 58.387885 6.725336 
1.999998 6.815000 85.550014 58.302335 6.725336 
1.999998 6.805000 85.550014 58.216785 6.725336 
1.999998 6.795000 85.550014 58.131235 6.725336 
1.999998 6.785000 85.550014 58.045685 6.725336 
1.999998 6.775000 85.550014 57.960135 6.725336 
1.999998 6.765000 85.550014 57.874585 6.725336 
1.999998 6.755000 85.550014 57.789035 6.725336 
1.999998 6.745000 85.550014 57.703485 6.725336 
1.999998 6.735000 85.550014 57.617935 6.725336 
1.999989 6.725000 85.550014 57.532385 6.128655 
1.999989 6.715000 85.550014 57.446835 6.128655 
1.999989 6.705000 85.550014 57.361285 6.128655 
1.999989 6.695000 85.550014 57.275735 6.128655 
1.999989 6.685000 85.550014 57.190185 6.128655 
1.999989 6.675000 85.550014 57.104634 6.128655 
1.999989 6.665000 85.550014 57.019084 6.128655 
1.999989 6.655000 85.550014 56.933534 6.128655 
1.999989 6.645000 85.550014 56.847984 6.128655 
1.999989 6.635000 85.550014 56.762434 6.128655 
1.999989 6.625000 85.550014 56.676884 6.128655 
1.999989 6.615000 85.550014 56.591334 6.128655 
1.999989 6.605000 85.550014 56.505784 6.128655 
1.999989 6.595000 85.550014 56.420234 6.128655 
1.999989 6.585000 85.550014 56.334684 6.128655 
1.999989 6.575000 85.550014 56.249134 6.128655 
1.999989 6.565000 85.550014 56.163584 6.128655 
1.999989 6.555000 85.550014 56.078034 6.128655 
1.999989 6.545000 85.550014 55.992484 6.128655 
1.999989 6.535000 85.550014 55.906934 6.128655 
1.999989 6.525000 85.550014 55.821384 6.128655 
1.999989 6.515000 85.550014 55.735834 6.128655 
1.999989 6.505000 85.550014 55.650284 6.128655 
1.999989 6.495000 85.550014 55.564734 6.128655 
1.999989 6.485000 85.550014 55.479184 6.128655 
1.999989 6.475000 85.550014 55.393634 6.128655 
1.999989 6.465000 85.550014 55.308084 6.128655 
1.999989 6.455000 85.550014 55.222534 6.128655 
1.999989 6.445000 85.550014 55.136984 6.128655 
1.999989 6.435000 85.550014 55.051434 6.128655 
1.999989 6.425000 85.550014 54.965884 6.128655 
1.999989 6.415000 85.550014 54.880334 6.128655 
1.999989 6.405000 85.550014 54.794784 6.128655 
1.999989 6.395000 85.550014 54.709234 6.128655 
1.999989 6.385000 85.550014 54.623684 6.128655 
1.999989 6.375000 85.550014 54.538134 6.128655 
1.999989 6.365000 85.550014 54.452584 6.128655 
1.999989 6.355000 85.550014 54.367034 6.128655 
1.999989 6.345000 85.550014 54.281484 6.128655 
1.999989 6.335000 85.550014 54.195934 6.128655 
1.999989 6.325000 85.550014 54.110384 6.128655 
1.999989 6.315000 85.550014 54.024834 6.128655 
1.999989 6.305000 85.550014 53.939284 6.128655 
1.999989 6.295000 85.550014 53.853734 6.128655 
1.999989 6.285000 85.550014 53.768184 6.128655 
1.999989 6.275000 85.550014 53.682634 6.128655 
1.999989 6.265000 85.550014 53.597084 6.128655 
1.999989 6.255000 85.550014 53.511534 6.128655 
1.999989 6.245000 85.550014 53.425984 6.128655 
1.999989 6.235000 85.550014 53.340434 6.128655 
1.999989 6.225000 85.550014 53.254884 6.128655 
1.999989 6.215000 85.550014 53.169334 6.128655 
1.999989 6.205000 85.550014 53.083784 6.128655 
1.999989 6.195000 85.550014 52.998234 6.128655 
1.999989 6.185000 85.550014 52.912684 6.128655 
1.999989 6.175000 85.550014 52.827134 6.128655 
1.999989 6.165000 85.550014 52.741584 6.128655 
1.999989 6.155000 85.550014 52.656034 6.128655 
1.999989 6.145000 85.550014 52.570484 6.128655 
1.999989 6.135000 85.550014 52.484934 6.128655 
1.999971 6.125000 85.550014 52.399384 5.818905 
1.999971 6.115000 85.550014 52.313834 5.818905 
1.999971 6.105000 85.550014 52.228284 5.818905 
1.999971 6.095000 85.550014 52.142734 5.818905 
1.999971 6.085000 85.550014 52.057184 5.818905 
1.999971 6.075000 85.550014 51.971634 5.818905 
1.999971 6.065000 85.550014 51.886084 5.818905 
1.999971 6.055000 85.550014 51.800534 5.818905 
1.999971 6.045000 85.550014 51.714984 5.818905 
1.999971 6.035000 85.550014 51.629434 5.818905 
1.999971 6.025000 85.550014 51.543884 5.818905 
1.999971 6.015000 85.550014 51.458334 5.818905 
1.999971 6.005000 85.550014 51.372784 5.818905 
1.999971 5.995000 85.550014 51.287234 5.818905 
1.999971 5.985000 85.550014 51.201684 5.818905 
1.999971 5.975000 85.550014 51.116133 5.818905 
1.999971 5.965000 85.550014 51.030583 5.818905 
1.999971 5.955000 85.550014 50.945033 5.818905 
1.999971 5.945000 85.550014 50.859483 5.818905 
1.999971 5.935000 85.550014 50.773933 5.818905 
1.999971 5.925000 85.550014 50.688383 5.818905 
1.999971 5.915000 85.550014 50.602833 5.818905 
1.999971 5.905000 85.550014 50.517283 5.818905 
1.999971 5.895000 85.550014 50.431733 5.818905 
1.999971 5.885000 85.550014 50.346183 5.818905 
1.999971 5.875000 85.550014 50.260633 5.818905 
1.999971 5.865000 85.550014 50.175083 5.818905 
1.999971 5.855000 85.550014 50.089533 5.818905 
1.999971 5.845000 85.550014 50.003983 5.818905 
1.999971 5.835000 85.550014 49.918433 5.818905 
1.999971 5.825000 85.550014 49.832883 5.818905 
1.999944 5.815000 85.550014 49.747333 5.608231 
1.999944 5.805000 85.550014 49.661783 5.608231 
1.999944 5.795000 85.550014 49.576233 5.608231 
1.999944 5.785000 85.550014 49.490683 5.608231 
1.999944 5.775000 85.550014 49.405133 5.608231 
1.999944 5.765000 85.550014 49.319583 5.608231 
1.999944 5.755000 85.550014 49.234033 5.608231 
1.999944 5.745000 85.550014 49.148483 5.608231 
1.999944 5.735000 85.550014 49.062933 5.608231 
1.999944 5.725000 85.550014 48.977383 5.608231 
1.999944 5.715000 85.550014 48.891833 5.608231 
1.999944 5.705000 85.550014 48.806283 5.608231 
1.999944 5.695000 85.550014 48.720733 5.608231 
1.999944 5.685000 85.550014 48.635183 5.608231 
1.999944 5.675000 85.550014 48.549633 5.608231 
1.999944 5.665000 85.550014 48.464083 5.608231 
1.999944 5.655000 85.550014 48.378533 5.608231 
1.999944 5.645000 85.550014 48.292983 5.608231 
1.999944 5.635000 85.550014 48.207433 5.608231 
1.999944 5.625000 85.550014 48.121883 5.608231 
1.999944 5.615000 85.550014 48.036333 5.608231 
1.999910 5.605000 85.550014 47.950783 5.448379 
1.999910 5.595000 85.550014 47.865233 5.448379 
1.999910 5.585000 85.550014 47.779683 5.448379 
1.999910 5.575000 85.550014 47.694133 5.448379 
1.999910 5.565000 85.550014 47.608583 5.448379 
1.999910 5.555000 85.550014 47.523033 5.448379 
1.999910 5.545000 85.550014 47.437483 5.448379 
1.999910 5.535000 85.550014 47.351933 5.448379 
1.999910 5.525000 85.550014 47.266383 5.448379 
1.999910 5.515000 85.550014 47.180833 5.448379 
1.999910 5.505000 85.550014 47.095283 5.448379 
1.999910 5.495000 85.550014 47.009733 5.448379 
1.999910 5.485000 85.550014 46.924183 5.448379 
1.999910 5.475000 85.550014 46.838633 5.448379 
1.999910 5.465000 85.550014 46.753083 5.448379 
1.999910 5.455000 85.550014 46.667533 5.448379 
1.999867 5.445000 85.550014 46.581983 5.319531 
1.999867 5.435000 85.550014 46.496433 5.319531 
1.999867 5.425000 85.550014 46.410883 5.319531 
1.999867 5.415000 85.550014 46.325333 5.319531 
1.999867 5.405000 85.550014 46.239783 5.319531 
1.999867 5.395000 85.550014 46.154233 5.319531 
1.999867 5.385000 85.550014 46.068683 5.319531 
1.999867 5.375000 85.550014 45.983133 5.319531 
1.999867 5.365000 85.550014 45.897583 5.319531 
1.999867 5.355000 85.550014 45.812033 5.319531 
1.999867 5.345000 85.550014 45.726483 5.319531 
1.999867 5.335000 85.550014 45.640933 5.319531 
1.999867 5.325000 85.550014 45.555383 5.319531 
1.999816 5.315000 85.550014 45.469833 5.211589 
1.999816 5.305000 85.550014 45.384283 5.211589 
1.999816 5.295000 85.550014 45.298733 5.211589 
1.999816 5.285000 85.550014 45.213183 5.211589 
1.999816 5.275000 85.550014 45.127633 5.211589 
1.999816 5.265000 85.550014 45.042082 5.211589 
1.999816 5.255000 85.550014 44.956532 5.211589 
1.999816 5.245000 85.550014 44.870982 5.211589 
1.999816 5.235000 85.550014 44.785432 5.211589 
1.999816 5.225000 85.550014 44.699882 5.211589 
1.999816 5.215000 85.550014 44.614332 5.211589 
1.999756 5.205000 85.550014 44.528782 5.118703 
1.999756 5.195000 85.550014 44.443232 5.118703 
1.999756 5.185000 85.550014 44.357682 5.118703 
1.999756 5.175000 85.550014 44.272132 5.118703 
1.999756 5.165000 85.550014 44.186582 5.118703 
1.999756 5.155000 85.550014 44.101032 5.118703 
1.999756 5.145000 85.550014 44.015482 5.118703 
1.999756 5.135000 85.550014 43.929932 5.118703 
1.999756 5.125000 85.550014 43.844382 5.118703 
1.999689 5.115000 85.550014 43.758832 5.037181 
1.999689 5.105000 85.550014 43.673282 5.037181 
1.999689 5.095000 85.550014 43.587732 5.037181 
1.999689 5.085000 85.550014 43.502182 5.037181 
1.999689 5.075000 85.550014 43.416632 5.037181 
1.999689 5.065000 85.550014 43.331082 5.037181 
1.999689 5.055000 85.550014 43.245532 5.037181 
1.999689 5.045000 85.550014 43.159982 5.037181 
1.999613 5.035000 85.550014 43.074432 4.964540 
1.999613 5.025000 85.550014 42.988882 4.964540 
1.999613 5.015000 85.550014 42.903332 4.964540 
1.999613 5.005000 85.550014 42.817782 4.964540 
1.999613 4.995000 85.550014 42.732232 4.964540 
1.999613 4.985000 85.550014 42.646682 4.964540 
1.999613 4.975000 85.550014 42.561132 4.964540 
1.999613 4.965000 85.550014 42.475582 4.964540 
1.999529 4.955000 85.550014 42.390032 4.899032 
1.999529 4.945000 85.550014 42.304482 4.899032 
1.999529 4.935000 85.550014 42.218932 4.899032 
1.999529 4.925000 85.550014 42.133382 4.899032 
1.999529 4.915000 85.550014 42.047832 4.899032 
1.999529 4.905000 85.550014 41.962282 4.899032 
1.999437 4.895000 85.550014 41.876732 4.839380 
1.999437 4.885000 85.550014 41.791182 4.839380 
1.999437 4.875000 85.550014 41.705632 4.839380 
1.999437 4.865000 85.550014 41.620082 4.839380 
1.999437 4.855000 85.550014 41.534532 4.839380 
1.999437 4.845000 85.550014 41.448982 4.839380 
1.999336 4.835000 85.550014 41.363432 4.784619 
1.999336 4.825000 85.550014 41.277882 4.784619 
1.999336 4.815000 85.550014 41.192332 4.784619 
1.999336 4.805000 85.550014 41.106782 4.784619 
1.999336 4.795000 85.550014 41.021232 4.784619 
1.999336 4.785000 85.550014 40.935682 4.784619 
1.999227 4.775000 85.550014 40.850132 4.734007 
1.999227 4.765000 85.550014 40.764582 4.734007 
1.999227 4.755000 85.550014 40.679032 4.734007 
1.999227 4.745000 85.550014 40.593482 4.734007 
1.999227 4.735000 85.550014 40.507932 4.734007 
1.999110 4.725000 85.550014 40.422382 4.686957 
1.999110 4.715000 85.550014 40.336832 4.686957 
1.999110 4.705000 85.550014 40.251282 4.686957 
1.999110 4.695000 85.550014 40.165732 4.686957 
1.998985 4.685000 85.550014 40.080182 4.642999 
1.998985 4.675000 85.550014 39.994632 4.642999 
1.998985 4.665000 85.550014 39.909082 4.642999 
1.998985 4.655000 85.550014 39.823532 4.642999 
1.998985 4.645000 85.550014 39.737982 4.642999 
1.998852 4.635000 85.550014 39.652432 4.601752 
1.998852 4.625000 85.550014 39.566882 4.601752 
1.998852 4.615000 85.550014 39.481332 4.601752 
1.998852 4.605000 85.550014 39.395782 4.601752 
1.998710 4.595000 85.550014 39.310232 4.562898 
1.998710 4.585000 85.550014 39.224682 4.562898 
1.998710 4.575000 85.550014 39.139132 4.562898 
1.998710 4.565000 85.550014 39.053581 4.562898 
1.998560 4.555000 85.550014 38.968031 4.526174 
1.998560 4.545000 85.550014 38.882481 4.526174 
1.998560 4.535000 85.550014 38.796931 4.526174 
1.998401 4.525000 85.550014 38.711381 4.491357 
1.998401 4.515000 85.550014 38.625831 4.491357 
1.998401 4.505000 85.550014 38.540281 4.491357 
1.998401 4.495000 85.550014 38.454731 4.491357 
1.998235 4.485000 85.550014 38.369181 4.458258 
1.998235 4.475000 85.550014 38.283631 4.458258 
1.998235 4.465000 85.550014 38.198081 4.458258 
1.998060 4.455000 85.550014 38.112531 4.426715 
1.998060 4.445000 85.550014 38.026981 4.426715 
1.998060 4.435000 85.550014 37.941431 4.426715 
1.997877 4.425000 85.550014 37.855881 4.396586 
1.997877 4.415000 85.550014 37.770331 4.396586 
1.997877 4.405000 85.550014 37.684781 4.396586 
1.997685 4.395000 85.550014 37.599231 4.367750 
1.997685 4.385000 85.550014 37.513681 4.367750 
1.997685 4.375000 85.550014 37.428131 4.367750 
1.997486 4.365000 85.550014 37.342581 4.340099 
1.997486 4.355000 85.550014 37.257031 4.340099 
1.997486 4.345000 85.550014 37.171481 4.340099 
1.997278 4.335000 85.550014 37.085931 4.313539 
1.997278 4.325000 85.550014 37.000381 4.313539 
1.997278 4.315000 85.550014 36.914831 4.313539 
1.997062 4.305000 85.550014 36.829281 4.287985 
1.997062 4.295000 85.550014 36.743731 4.287985 
1.996837 4.285000 85.550014 36.658181 4.263365 
1.996837 4.275000 85.550014 36.572631 4.263365 
1.996837 4.265000 85.550014 36.487081 4.263365 
1.996605 4.255000 85.550014 36.401531 4.239611 
1.996605 4.245000 85.550014 36.315981 4.239611 
1.996364 4.235000 85.550014 36.230431 4.216664 
1.996364 4.225000 85.550014 36.144881 4.216664 
1.996115 4.215000 85.550014 36.059331 4.194469 
1.996115 4.205000 85.550014 35.973781 4.194469 
1.996115 4.195000 85.550014 35.888231 4.194469 
1.995857 4.185000 85.550014 35.802681 4.172980 
1.995857 4.175000 85.550014 35.717131 4.172980 
1.995592 4.165000 85.550014 35.631581 4.152150 
1.995592 4.155000 85.550014 35.546031 4.152150 
1.995318 4.145000 85.550014 35.460481 4.131941 
1.995318 4.135000 85.550014 35.374931 4.131941 
1.995035 4.125000 85.550014 35.289381 4.112316 
1.995035 4.115000 85.550014 35.203831 4.112316 
1.994745 4.105000 85.550014 35.118281 4.093241 
1.994745 4.095000 85.550014 35.032731 4.093241 
1.994446 4.085000 85.550014 34.947181 4.074687 
1.994446 4.075000 85.550014 34.861631 4.074687 
1.994139 4.065000 85.550014 34.776081 4.056624 
1.993823 4.055000 85.550014 34.690531 4.039026 
1.993823 4.045000 85.550014 34.604981 4.039026 
1.993500 4.035000 85.550014 34.519431 4.021871 
1.993500 4.025000 85.550014 34.433881 4.021871 
1.993168 4.015000 85.550014 34.348331 4.005135 
1.992828 4.005000 85.550014 34.262781 3.988798 
1.992828 3.995000 85.550014 34.177231 3.988798 
1.992479 3.985000 85.550014 34.091681 3.972841 
1.992479 3.975000 85.550014 34.006131 3.972841 
1.992122 3.965000 85.550014 33.920581 3.957247 
1.991757 3.955000 85.550014 33.835031 3.941998 
1.991757 3.945000 85.550014 33.749481 3.941998 
1.991384 3.935000 85.550014 33.663931 3.927079 
1.991002 3.925000 85.550014 33.578381 3.912475 
1.991002 3.915000 85.550014 33.492831 3.912475 
1.990612 3.905000 85.550014 33.407281 3.898174 
1.990214 3.895000 85.550014 33.321731 3.884163 
1.990214 3.885000 85.550014 33.236181 3.884163 
1.989808 3.875000 85.550014 33.150631 3.870429 
1.989393 3.865000 85.550014 33.065080 3.856961 
1.988970 3.855000 85.550014 32.979530 3.843749 
1.988970 3.845000 85.550014 32.893980 3.843749 
1.988538 3.835000 85.550014 32.808430 3.830783 
1.988098 3.825000 85.550014 32.722880 3.818053 
1.987650 3.815000 85.550014 32.637330 3.805551 
1.987194 3.805000 85.550014 32.551780 3.793268 
1.987194 3.795000 85.550014 32.466230 3.793268 
1.986729 3.785000 85.550014 32.380680 3.781196 
1.986256 3.775000 85.550014 32.295130 3.769328 
1.985775 3.765000 85.550014 32.209580 3.757657 
1.985285 3.755000 85.550014 32.124030 3.746175 
1.984787 3.745000 85.550014 32.038480 3.734877 
1.984787 3.735000 85.550014 31.952930 3.734877 
1.984281 3.725000 85.550014 31.867380 3.723756 
1.983766 3.715000 85.550014 31.781830 3.712806 
1.983243 3.705000 85.550014 31.696280 3.702022 
1.982712 3.695000 85.550014 31.610730 3.691399 
1.982172 3.685000 85.550014 31.525180 3.680931 
1.981624 3.675000 85.550014 31.439630 3.670615 
1.981068 3.665000 85.550014 31.354080 3.660444 
1.980503 3.655000 85.550014 31.268530 3.650415 
1.979930 3.645000 85.550014 31.182980 3.640523 
1.979349 3.635000 85.550014 31.097430 3.630765 
1.978759 3.625000 85.550014 31.011880 3.621137 
1.978161 3.615000 85.550014 30.926330 3.611634 
1.977554 3.605000 85.550014 30.840780 3.602254 
1.976939 3.595000 85.550014 30.755230 3.592993 
1.976316 3.585000 85.550014 30.669680 3.583847 
1.975684 3.575000 85.550014 30.584130 3.574814 
1.974396 3.565000 85.550014 30.498580 3.557074 
1.973739 3.555000 85.550014 30.413030 3.548361 
1.973074 3.545000 85.550014 30.327480 3.539749 
1.972401 3.535000 85.550014 30.241930 3.531236 
1.971719 3.525000 85.550014 30.156380 3.522818 
1.971028 3.515000 85.550014 30.070830 3.514495 
1.969623 3.505000 85.550014 29.985280 3.498119 
1.968907 3.495000 85.550014 29.899730 3.490063 
1.968183 3.485000 85.550014 29.814180 3.482091 
1.967451 3.475000 85.550014 29.728630 3.474202 
1.965961 3.465000 85.550014 29.643080 3.458666 
1.965203 3.455000 85.550014 29.557530 3.451014 
1.964437 3.445000 85.550014 29.471980 3.443438 
1.962879 3.435000 85.550014 29.386430 3.428504 
1.962088 3.425000 85.550014 29.300880 3.421144 
1.961288 3.415000 85.550014 29.215330 3.413853 
1.959663 3.405000 85.550014 29.129780 3.399471 
1.958838 3.395000 85.550014 29.044230 3.392377 
1.957162 3.385000 85.550014 28.958680 3.378378 
1.956311 3.375000 85.550014 28.873130 3.371470 
1.955452 3.365000 85.550014 28.787580 3.364621 
1.953708 3.355000 85.550014 28.702030 3.351096 
1.952823 3.345000 85.550014 28.616480 3.344417 
1.951028 3.335000 85.550014 28.530930 3.331223 
1.950118 3.325000 85.550014 28.445380 3.324705 
1.948272 3.315000 85.550014 28.359830 3.311822 
1.946392 3.305000 85.550014 28.274280 3.299137 
1.945439 3.295000 85.550014 28.188730 3.292866 
1.943508 3.285000 85.550014 28.103180 3.280463 
1.942529 3.275000 85.550014 28.017630 3.274330 
1.940547 3.265000 85.550014 27.932080 3.262193 
1.938530 3.255000 85.550014 27.846530 3.250227 
1.937508 3.245000 85.550014 27.760980 3.244306 
1.935440 3.235000 85.550014 27.675430 3.232582 
1.933337 3.225000 85.550014 27.589880 3.221014 
1.931200 3.215000 85.550014 27.504330 3.209595 
1.930118 3.205000 85.550014 27.418780 3.203940 
1.927929 3.195000 85.550014 27.333230 3.192736 
1.925705 3.185000 85.550014 27.247680 3.181669 
1.923447 3.175000 85.550014 27.162130 3.170734 
1.921154 3.165000 85.550014 27.076580 3.159927 
1.919994 3.155000 85.550014 26.991029 3.154570 
1.917649 3.145000 85.550014 26.905479 3.143946 
1.915269 3.135000 85.550014 26.819929 3.133440 
1.912854 3.125000 85.550014 26.734379 3.123048 
1.910404 3.115000 85.550014 26.648829 3.112766 
1.907919 3.105000 85.550014 26.563279 3.102590 
1.905399 3.095000 85.550014 26.477729 3.092518 
1.902844 3.085000 85.550014 26.392179 3.082545 
1.900254 3.075000 85.550014 26.306629 3.072669 
1.897629 3.065000 85.550014 26.221079 3.062886 
1.894968 3.055000 85.550014 26.135529 3.053194 
1.892272 3.045000 85.550014 26.049979 3.043590 
1.889541 3.035000 85.550014 25.964429 3.034072 
1.886774 3.025000 85.550014 25.878879 3.024635 
1.882557 3.015000 85.550014 25.793329 3.010630 
1.879701 3.005000 85.550014 25.707779 3.001390 
1.876810 2.995000 85.550014 25.622229 2.992223 
1.873882 2.985000 85.550014 25.536679 2.983128 
1.870919 2.975000 85.550014 25.451129 2.974103 
1.866407 2.965000 85.550014 25.365579 2.960691 
1.863353 2.955000 85.550014 25.280029 2.951831 
1.860264 2.945000 85.550014 25.194479 2.943033 
1.857138 2.935000 85.550014 25.108929 2.934296 
1.852382 2.925000 85.550014 25.023379 2.921300 
1.849166 2.915000 85.550014 24.937829 2.912706 
1.845913 2.905000 85.550014 24.852279 2.904167 
1.840965 2.895000 85.550014 24.766729 2.891456 
1.837620 2.885000 85.550014 24.681179 2.883046 
1.834239 2.875000 85.550014 24.595629 2.874684 
1.829098 2.865000 85.550014 24.510079 2.862230 
1.825625 2.855000 85.550014 24.424529 2.853983 
1.820345 2.845000 85.550014 24.338979 2.841695 
1.816779 2.835000 85.550014 24.253429 2.833555 
1.811359 2.825000 85.550014 24.167879 2.821420 
1.807699 2.815000 85.550014 24.082329 2.813378 
1.802139 2.805000 85.550014 23.996779 2.801384 
1.798386 2.795000 85.550014 23.911229 2.793432 
1.792684 2.785000 85.550014 23.825679 2.781568 
1.788836 2.775000 85.550014 23.740129 2.773698 
1.782992 2.765000 85.550014 23.654579 2.761952 
1.779048 2.755000 85.550014 23.569029 2.754158 
1.773060 2.745000 85.550014 23.483479 2.742520 
1.769021 2.735000 85.550014 23.397929 2.734795 
1.762889 2.725000 85.550014 23.312379 2.723256 
1.756670 2.715000 85.550014 23.226829 2.711770 
1.752475 2.705000 85.550014 23.141279 2.704142 
1.746110 2.695000 85.550014 23.055729 2.692739 
1.739656 2.685000 85.550014 22.970179 2.681383 
1.735305 2.675000 85.550014 22.884629 2.673835 
1.728703 2.665000 85.550014 22.799079 2.662548 
1.722012 2.655000 85.550014 22.713529 2.651297 
1.717502 2.645000 85.550014 22.627979 2.643817 
1.710661 2.635000 85.550014 22.542429 2.632622 
1.703729 2.625000 85.550014 22.456879 2.621457 
1.699058 2.615000 85.550014 22.371329 2.614029 
1.691975 2.605000 85.550014 22.285779 2.602908 
1.684800 2.595000 85.550014 22.200229 2.591808 
1.679965 2.585000 85.550014 22.114679 2.584419 
1.672636 2.575000 85.550014 22.029129 2.573351 
1.665214 2.565000 85.550014 21.943579 2.562297 
1.660213 2.555000 85.550014 21.858029 2.554935 
1.652635 2.545000 85.550014 21.772479 2.543900 
1.644962 2.535000 85.550014 21.686929 2.532873 
1.637193 2.525000 85.550014 21.601379 2.521852 
1.631961 2.515000 85.550014 21.515829 2.514506 
1.624033 2.505000 85.550014 21.430279 2.503488 
1.616009 2.495000 85.550014 21.344729 2.492468 
1.607887 2.485000 85.550014 21.259179 2.481445 
1.602418 2.475000 85.550014 21.173629 2.474092 
1.594133 2.465000 85.550014 21.088079 2.463056 
1.585749 2.455000 85.550014 21.002528 2.452009 
1.580104 2.445000 85.550014 20.916978 2.444637 
1.571554 2.435000 85.550014 20.831428 2.433567 
1.562903 2.425000 85.550014 20.745878 2.422478 
1.554151 2.415000 85.550014 20.660328 2.411370 
1.548260 2.405000 85.550014 20.574778 2.403952 
1.539337 2.395000 85.550014 20.489228 2.392804 
1.530311 2.385000 85.550014 20.403678 2.381629 
1.524237 2.375000 85.550014 20.318128 2.374162 
1.515037 2.365000 85.550014 20.232578 2.362936 
1.505733 2.355000 85.550014 20.147028 2.351675 
1.499471 2.345000 85.550014 20.061478 2.344148 
1.489989 2.335000 85.550014 19.975928 2.332824 
1.480400 2.325000 85.550014 19.890378 2.321459 
1.473947 2.315000 85.550014 19.804828 2.313857 
1.464177 2.305000 85.550014 19.719278 2.302416 
1.457602 2.295000 85.550014 19.633728 2.294761 
1.447649 2.285000 85.550014 19.548178 2.283236 
1.437584 2.275000 85.550014 19.462628 2.271657 
1.430812 2.265000 85.550014 19.377078 2.263905 
1.420560 2.255000 85.550014 19.291528 2.252229 
1.413662 2.245000 85.550014 19.205978 2.244409 
1.403220 2.235000 85.550014 19.120428 2.232626 
1.396194 2.225000 85.550014 19.034878 2.224734 
1.385559 2.215000 85.550014 18.949328 2.212835 
1.378403 2.205000 85.550014 18.863778 2.204862 
1.367572 2.195000 85.550014 18.778228 2.192839 
1.360285 2.185000 85.550014 18.692678 2.184779 
1.349254 2.175000 85.550014 18.607128 2.172621 
1.341833 2.165000 85.550014 18.521578 2.164468 
1.330600 2.155000 85.550014 18.436028 2.152164 
1.323043 2.145000 85.550014 18.350478 2.143911 
1.311604 2.135000 85.550014 18.264928 2.131450 
1.303909 2.125000 85.550014 18.179378 2.123089 
1.296158 2.115000 85.550014 18.093828 2.114681 
1.284425 2.105000 85.550014 18.008278 2.101982 
1.276531 2.095000 85.550014 17.922728 2.093456 
1.268581 2.085000 85.550014 17.837178 2.084879 
1.256546 2.075000 85.550014 17.751628 2.071916 
1.248450 2.065000 85.550014 17.666078 2.063207 
1.240295 2.055000 85.550014 17.580528 2.054443 
1.227951 2.045000 85.550014 17.494978 2.041190 
1.219647 2.035000 85.550014 17.409428 2.032281 
1.211282 2.025000 85.550014 17.323878 2.023311 
1.202856 2.015000 85.550014 17.238328 2.014279 
1.190101 2.005000 85.550014 17.152778 2.000608 
1.181520 1.995000 85.550014 17.067228 1.991412 
1.172876 1.985000 85.550014 16.981678 1.982146 
1.164169 1.975000 85.550014 16.896128 1.972809 
1.155398 1.965000 85.550014 16.810578 1.963399 
1.146562 1.955000 85.550014 16.725028 1.953914 
1.137662 1.945000 85.550014 16.639478 1.944353 
1.128695 1.935000 85.550014 16.553928 1.934712 
1.119663 1.925000 85.550014 16.468378 1.924989 
1.105988 1.915000 85.550014 16.382828 1.910247 
1.096788 1.905000 85.550014 16.297278 1.900310 
1.087518 1.895000 85.550014 16.211728 1.890284 
1.078180 1.885000 85.550014 16.126178 1.880164 
1.068772 1.875000 85.550014 16.040628 1.869949 
1.064041 1.865000 85.550014 15.955078 1.864805 
1.054527 1.855000 85.550014 15.869528 1.854441 
1.044942 1.845000 85.550014 15.783978 1.843975 
1.035284 1.835000 85.550014 15.698428 1.833403 
1.025553 1.825000 85.550014 15.612878 1.822722 
1.015748 1.815000 85.550014 15.527328 1.811929 
1.005869 1.805000 85.550014 15.441778 1.801020 
0.995914 1.795000 85.550014 15.356228 1.789991 
0.990909 1.785000 85.550014 15.270678 1.784431 
0.980839 1.775000 85.550014 15.185128 1.773216 
0.970693 1.765000 85.550014 15.099578 1.761873 
0.960468 1.755000 85.550014 15.014027 1.750396 
0.955325 1.745000 85.550014 14.928477 1.744606 
0.944981 1.735000 85.550014 14.842927 1.732921 
0.934556 1.725000 85.550014 14.757377 1.721091 
0.924049 1.715000 85.550014 14.671827 1.709112 
0.918765 1.705000 85.550014 14.586277 1.703066 
0.908133 1.695000 85.550014 14.500727 1.690853 
0.902786 1.685000 85.550014 14.415177 1.684687 
0.892028 1.675000 85.550014 14.329627 1.672229 
0.881184 1.665000 85.550014 14.244077 1.659600 
0.875730 1.655000 85.550014 14.158527 1.653219 
0.864755 1.645000 85.550014 14.072977 1.640323 
0.859234 1.635000 85.550014 13.987427 1.633804 
0.848126 1.625000 85.550014 13.901877 1.620625 
0.842538 1.615000 85.550014 13.816327 1.613961 
0.831293 1.605000 85.550014 13.730777 1.600483 
0.825636 1.595000 85.550014 13.645227 1.593666 
0.814252 1.585000 85.550014 13.559677 1.579872 
0.808525 1.575000 85.550014 13.474127 1.572893 
0.796999 1.565000 85.550014 13.388577 1.558764 
0.791200 1.555000 85.550014 13.303027 1.551612 
0.785376 1.545000 85.550014 13.217477 1.544401 
0.773655 1.535000 85.550014 13.131927 1.529794 
0.767757 1.525000 85.550014 13.046377 1.522396 
0.761834 1.515000 85.550014 12.960827 1.514934 
0.749913 1.505000 85.550014 12.875277 1.499809 
0.743913 1.495000 85.550014 12.789727 1.492144 
0.737888 1.485000 85.550014 12.704177 1.484408 
0.725759 1.475000 85.550014 12.618627 1.468720 
0.719655 1.465000 85.550014 12.533077 1.460764 
0.713524 1.455000 85.550014 12.447527 1.452731 
0.707366 1.445000 85.550014 12.361977 1.444620 
0.694968 1.435000 85.550014 12.276427 1.428154 
0.688728 1.425000 85.550014 12.190877 1.419796 
0.682459 1.415000 85.550014 12.105327 1.411352 
0.676163 1.405000 85.550014 12.019777 1.402820 
0.669837 1.395000 85.550014 11.934227 1.394197 
0.657101 1.385000 85.550014 11.848677 1.376673 
0.650689 1.375000 85.550014 11.763127 1.367766 
0.644247 1.365000 85.550014 11.677577 1.358760 
0.637776 1.355000 85.550014 11.592027 1.349652 
0.631274 1.345000 85.550014 11.506477 1.340439 
0.624742 1.335000 85.550014 11.420927 1.331119 
0.618179 1.325000 85.550014 11.335377 1.321689 
0.611586 1.315000 85.550014 11.249827 1.312146 
0.604961 1.305000 85.550014 11.164277 1.302486 
0.598304 1.295000 85.550014 11.078727 1.292708 
0.591615 1.285000 85.550014 10.993177 1.282806 
0.584895 1.275000 85.550014 10.907627 1.272778 
0.578141 1.265000 85.550014 10.822077 1.262621 
0.571354 1.255000 85.550014 10.736527 1.252331 
0.564534 1.245000 85.550014 10.650977 1.241903 
0.557681 1.235000 85.550014 10.565427 1.231333 
0.550793 1.225000 85.550014 10.479877 1.220618 
0.543871 1.215000 85.550014 10.394327 1.209753 
0.536914 1.205000 85.550014 10.308777 1.198733 
0.529921 1.195000 85.550014 10.223227 1.187554 
0.522893 1.185000 85.550014 10.137677 1.176210 
0.515829 1.175000 85.550014 10.052127 1.164696 
0.515829 1.165000 85.550014 9.966577 1.164696 
0.508728 1.155000 85.550014 9.881027 1.153007 
0.501591 1.145000 85.550014 9.795477 1.141136 
0.494416 1.135000 85.550014 9.709927 1.129077 
0.487203 1.125000 85.550014 9.624377 1.116825 
0.479951 1.115000 85.550014 9.538827 1.104372 
0.479951 1.105000 85.550014 9.453277 1.104372 
0.472661 1.095000 85.550014 9.367727 1.091710 
0.465331 1.085000 85.550014 9.282177 1.078834 
0.457962 1.075000 85.550014 9.196627 1.065733 
0.450552 1.065000 85.550014 9.111077 1.052401 
0.450552 1.055000 85.550014 9.025527 1.052401 
0.443101 1.045000 85.550014 8.939976 1.038828 
0.435608 1.035000 85.550014 8.854426 1.025005 
0.428074 1.025000 85.550014 8.768876 1.010921 
0.428074 1.015000 85.550014 8.683326 1.010921 
0.420496 1.005000 85.550014 8.597776 0.996567 
0.412876 0.995000 85.550014 8.512226 0.981931 
0.412876 0.985000 85.550014 8.426676 0.981931 
0.405211 0.975000 85.550014 8.341126 0.967002 
0.397502 0.965000 85.550014 8.255576 0.951766 
0.397502 0.955000 85.550014 8.170026 0.951766 
0.389747 0.945000 85.550014 8.084476 0.936210 
0.381947 0.935000 85.550014 7.998926 0.920320 
0.381947 0.925000 85.550014 7.913376 0.920320 
0.374100 0.915000 85.550014 7.827826 0.904080 
0.374100 0.905000 85.550014 7.742276 0.904080 
0.366205 0.895000 85.550014 7.656726 0.887475 
0.358262 0.885000 85.550014 7.571176 0.870486 
0.358262 0.875000 85.550014 7.485626 0.870486 
0.350270 0.865000 85.550014 7.400076 0.853094 
0.350270 0.855000 85.550014 7.314526 0.853094 
0.342229 0.845000 85.550014 7.228976 0.835280 
0.334137 0.835000 85.550014 7.143426 0.817021 
0.334137 0.825000 85.550014 7.057876 0.817021 
0.325993 0.815000 85.550014 6.972326 0.798295 
0.325993 0.805000 85.550014 6.886776 0.798295 
0.317797 0.795000 85.550014 6.801226 0.779075 
0.317797 0.785000 85.550014 6.715676 0.779075 
0.309547 0.775000 85.550014 6.630126 0.759335 
0.309547 0.765000 85.550014 6.544576 0.759335 
0.301243 0.755000 85.550014 6.459026 0.739043 
0.301243 0.745000 85.550014 6.373476 0.739043 
0.292884 0.735000 85.550014 6.287926 0.718169 
0.292884 0.725000 85.550014 6.202376 0.718169 
0.284468 0.715000 85.550014 6.116826 0.696677 
0.284468 0.705000 85.550014 6.031276 0.696677 
0.275995 0.695000 85.550014 5.945726 0.674528 
0.275995 0.685000 85.550014 5.860176 0.674528 
0.275995 0.675000 85.550014 5.774626 0.674528 
0.267464 0.665000 85.550014 5.689076 0.651681 
0.267464 0.655000 85.550014 5.603526 0.651681 
0.258872 0.645000 85.550014 5.517976 0.628089 
0.258872 0.635000 85.550014 5.432426 0.628089 
0.250220 0.625000 85.550014 5.346876 0.603701 
0.250220 0.615000 85.550014 5.261326 0.603701 
0.250220 0.605000 85.550014 5.175776 0.603701 
0.241505 0.595000 85.550014 5.090226 0.578462 
0.241505 0.585000 85.550014 5.004676 0.578462 
0.232727 0.575000 85.550014 4.919126 0.552310 
0.232727 0.565000 85.550014 4.833576 0.552310 
0.232727 0.555000 85.550014 4.748026 0.552310 
0.223884 0.545000 85.550014 4.662476 0.525177 
0.223884 0.535000 85.550014 4.576926 0.525177 
0.214974 0.525000 85.550014 4.491376 0.496986 
0.214974 0.515000 85.550014 4.405826 0.496986 
0.214974 0.505000 85.550014 4.320276 0.496986 
0.205996 0.495000 85.550014 4.234726 0.467654 
0.205996 0.485000 85.550014 4.149176 0.467654 
0.205996 0.475000 85.550014 4.063626 0.467654 
0.196949 0.465000 85.550014 3.978076 0.437084 
0.196949 0.455000 85.550014 3.892526 0.437084 
0.196949 0.445000 85.550014 3.806976 0.437084 
0.187831 0.435000 85.550014 3.721426 0.405173 
0.187831 0.425000 85.550014 3.635876 0.405173 
0.187831 0.415000 85.550014 3.550326 0.405173 
0.178639 0.405000 85.550014 3.464776 0.371800 
0.178639 0.395000 85.550014 3.379226 0.371800 
0.178639 0.385000 85.550014 3.293676 0.371800 
0.178639 0.375000 85.550014 3.208126 0.371800 
0.169373 0.365000 85.550014 3.122576 0.336832 
0.169373 0.355000 85.550014 3.037026 0.336832 
0.169373 0.345000 85.550014 2.951475 0.336832 
0.160030 0.335000 85.550014 2.865925 0.300117 
0.160030 0.325000 85.550014 2.780375 0.300117 
0.160030 0.315000 85.550014 2.694825 0.300117 
0.160030 0.305000 85.550014 2.609275 0.300117 
0.150608 0.295000 85.550014 2.523725 0.261488 
0.150608 0.285000 85.550014 2.438175 0.261488 
0.150608 0.275000 85.550014 2.352625 0.261488 
0.150608 0.265000 85.550014 2.267075 0.261488 
0.141106 0.255000 85.550014 2.181525 0.220751 
0.141106 0.245000 85.550014 2.095975 0.220751 
0.141106 0.235000 85.550014 2.010425 0.220751 
0.141106 0.225000 85.550014 1.924875 0.220751 
0.131520 0.215000 85.550014 1.839325 0.177693 
0.131520 0.205000 85.550014 1.753775 0.177693 
0.131520 0.195000 85.550014 1.668225 0.177693 
0.131520 0.185000 85.550014 1.582675 0.177693 
0.121849 0.175000 85.550014 1.497125 0.132078 
0.121849 0.165000 85.550014 1.411575 0.132078 
0.121849 0.155000 85.550014 1.326025 0.132078 
0.121849 0.145000 85.550014 1.240475 0.132078 
0.121849 0.135000 85.550014 1.154925 0.132078 
0.112090 0.125000 85.550014 1.069375 0.083646 
0.112090 0.115000 85.550014 0.983825 0.083646 
0.112090 0.105000 85.550014 0.898275 0.083646 
0.112090 0.095000 85.550014 0.812725 0.083646 
0.112090 0.085000 85.550014 0.727175 0.083646 
0.102241 0.075000 85.550014 0.641625 0.032124 
0.102241 0.065000 85.550014 0.556075 0.032124 
0.102241 0.055000 85.550014 0.470525 0.032124 
0.102241 0.045000 85.550014 0.384975 0.032124 
0.102241 0.035000 85.550014 0.299425 0.032124 
0.092298 0.025000 85.550014 0.213875 -0.022756 
0.092298 0.015000 85.550014 0.128325 -0.022756 
