2.000000 9.985000 103.103670 102.949015 2.469995 
2.000000 9.975000 103.103670 102.845911 2.469995 
2.000000 9.965000 103.103670 102.742807 2.469995 
2.000000 9.955000 103.103670 102.639704 2.469995 
2.000000 9.945000 103.103670 102.536600 2.469995 
2.000000 9.935000 103.103670 102.433496 2.469995 
2.000000 9.925000 103.103670 102.330392 2.469995 
2.000000 9.915000 103.103670 102.227289 2.469995 
2.000000 9.905000 103.103670 102.124185 2.469995 
2.000000 9.895000 103.103670 102.021081 2.469995 
2.000000 9.885000 103.103670 101.917978 2.469995 
2.000000 9.875000 103.103670 101.814874 2.469995 
2.000000 9.865000 103.103670 101.711770 2.469995 
2.000000 9.855000 103.103670 101.608667 2.469995 
2.000000 9.845000 103.103670 101.505563 2.469995 
2.000000 9.835000 103.103670 101.402459 2.469995 
2.000000 9.825000 103.103670 101.299356 2.469995 
2.000000 9.815000 103.103670 101.196252 2.469995 
2.000000 9.805000 103.103670 101.093148 2.469995 
2.000000 9.795000 103.103670 100.990045 2.469995 
2.000000 9.785000 103.103670 100.886941 2.469995 
2.000000 9.775000 103.103670 100.783837 2.469995 
2.000000 9.765000 103.103670 100.680734 2.469995 
2.000000 9.755000 103.103670 100.577630 2.469995 
2.000000 9.745000 103.103670 100.474526 2.469995 
2.000000 9.735000 103.103670 100.371423 2.469995 
2.000000 9.725000 103.103670 100.268319 2.469995 
2.000000 9.715000 103.103670 100.165215 2.469995 
2.000000 9.705000 103.103670 100.062112 2.469995 
2.000000 9.695000 103.103670 99.959008 2.469995 
2.000000 9.685000 103.103670 99.855904 2.469995 
2.000000 9.675000 103.103670 99.752801 2.469995 
2.000000 9.665000 103.103670 99.649697 2.469995 
2.000000 9.655000 103.103670 99.546593 2.469995 
2.000000 9.645000 103.103670 99.443490 2.469995 
2.000000 9.635000 103.103670 99.340386 2.469995 
2.000000 9.625000 103.103670 99.237282 2.469995 
2.000000 9.615000 103.103670 99.134179 2.469995 
2.000000 9.605000 103.103670 99.031075 2.469995 
2.000000 9.595000 103.103670 98.927971 2.469995 
2.000000 9.585000 103.103670 98.824868 2.469995 
2.000000 9.575000 103.103670 98.721764 2.469995 
2.000000 9.565000 103.103670 98.618660 2.469995 
2.000000 9.555000 103.103670 98.515557 2.469995 
2.000000 9.545000 103.103670 98.412453 2.469995 
2.000000 9.535000 103.103670 98.309349 2.469995 
2.000000 9.525000 103.103670 98.206246 2.469995 
2.000000 9.515000 103.103670 98.103142 2.469995 
2.000000 9.505000 103.103670 98.000038 2.469995 
2.000000 9.495000 103.103670 97.896935 2.469995 
2.000000 9.485000 103.103670 97.793831 2.469995 
2.000000 9.475000 103.103670 97.690727 2.469995 
2.000000 9.465000 103.103670 97.587624 2.469995 
2.000000 9.455000 103.103670 97.484520 2.469995 
2.000000 9.445000 103.103670 97.381416 2.469995 
2.000000 9.435000 103.103670 97.278313 2.469995 
2.000000 9.425000 103.103670 97.175209 2.469995 
2.000000 9.415000 103.103670 97.072105 2.469995 
2.000000 9.405000 103.103670 96.969002 2.469995 
2.000000 9.395000 103.103670 96.865898 2.469995 
2.000000 9.385000 103.103670 96.762794 2.469995 
2.000000 9.375000 103.103670 96.659691 2.469995 
2.000000 9.365000 103.103670 96.556587 2.469995 
2.000000 9.355000 103.103670 96.453483 2.469995 
2.000000 9.345000 103.103670 96.350380 2.469995 
2.000000 9.335000 103.103670 96.247276 2.469995 
2.000000 9.325000 103.103670 96.144172 2.469995 
2.000000 9.315000 103.103670 96.041069 2.469995 
2.000000 9.305000 103.103670 95.937965 2.469995 
2.000000 9.295000 103.103670 95.834861 2.469995 
2.000000 9.285000 103.103670 95.731758 2.469995 
2.000000 9.275000 103.103670 95.628654 2.469995 
2.000000 9.265000 103.103670 95.525550 2.469995 
2.000000 9.255000 103.103670 95.422447 2.469995 
2.000000 9.245000 103.103670 95.319343 2.469995 
2.000000 9.235000 103.103670 95.216239 2.469995 
2.000000 9.225000 103.103670 95.113136 2.469995 
2.000000 9.215000 103.103670 95.010032 2.469995 
2.000000 9.205000 103.103670 94.906928 2.469995 
2.000000 9.195000 103.103670 94.803825 2.469995 
2.000000 9.185000 103.103670 94.700721 2.469995 
2.000000 9.175000 103.103670 94.597617 2.469995 
2.000000 9.165000 103.103670 94.494514 2.469995 
2.000000 9.155000 103.103670 94.391410 2.469995 
2.000000 9.145000 103.103670 94.288306 2.469995 
2.000000 9.135000 103.103670 94.185203 2.469995 
2.000000 9.125000 103.103670 94.082099 2.469995 
2.000000 9.115000 103.103670 93.978995 2.469995 
2.000000 9.105000 103.103670 93.875892 2.469995 
2.000000 9.095000 103.103670 93.772788 2.469995 
2.000000 9.085000 103.103670 93.669684 2.469995 
2.000000 9.075000 103.103670 93.566581 2.469995 
2.000000 9.065000 103.103670 93.463477 2.469995 
2.000000 9.055000 103.103670 93.360373 2.469995 
2.000000 9.045000 103.103670 93.257270 2.469995 
2.000000 9.035000 103.103670 93.154166 2.469995 
2.000000 9.025000 103.103670 93.051062 2.469995 
2.000000 9.015000 103.103670 92.947959 2.469995 
2.000000 9.005000 103.103670 92.844855 2.469995 
2.000000 8.995000 103.103670 92.741751 2.469995 
2.000000 8.985000 103.103670 92.638648 2.469995 
2.000000 8.975000 103.103670 92.535544 2.469995 
2.000000 8.965000 103.103670 92.432440 2.469995 
2.000000 8.955000 103.103670 92.329337 2.469995 
2.000000 8.945000 103.103670 92.226233 2.469995 
2.000000 8.935000 103.103670 92.123129 2.469995 
2.000000 8.925000 103.103670 92.020025 2.469995 
2.000000 8.915000 103.103670 91.916922 2.469995 
2.000000 8.905000 103.103670 91.813818 2.469995 
2.000000 8.895000 103.103670 91.710714 2.469995 
2.000000 8.885000 103.103670 91.607611 2.469995 
2.000000 8.875000 103.103670 91.504507 2.469995 
2.000000 8.865000 103.103670 91.401403 2.469995 
2.000000 8.855000 103.103670 91.298300 2.469995 
2.000000 8.845000 103.103670 91.195196 2.469995 
2.000000 8.835000 103.103670 91.092092 2.469995 
2.000000 8.825000 103.103670 90.988989 2.469995 
2.000000 8.815000 103.103670 90.885885 2.469995 
2.000000 8.805000 103.103670 90.782781 2.469995 
2.000000 8.795000 103.103670 90.679678 2.469995 
2.000000 8.785000 103.103670 90.576574 2.469995 
2.000000 8.775000 103.103670 90.473470 2.469995 
2.000000 8.765000 103.103670 90.370367 2.469995 
2.000000 8.755000 103.103670 90.267263 2.469995 
2.000000 8.745000 103.103670 90.164159 2.469995 
2.000000 8.735000 103.103670 90.061056 2.469995 
2.000000 8.725000 103.103670 89.957952 2.469995 
2.000000 8.715000 103.103670 89.854848 2.469995 
2.000000 8.705000 103.103670 89.751745 2.469995 
2.000000 8.695000 103.103670 89.648641 2.469995 
2.000000 8.685000 103.103670 89.545537 2.469995 
2.000000 8.675000 103.103670 89.442434 2.469995 
2.000000 8.665000 103.103670 89.339330 2.469995 
2.000000 8.655000 103.103670 89.236226 2.469995 
2.000000 8.645000 103.103670 89.133123 2.469995 
2.000000 8.635000 103.103670 89.030019 2.469995 
2.000000 8.625000 103.103670 88.926915 2.469995 
2.000000 8.615000 103.103670 88.823812 2.469995 
2.000000 8.605000 103.103670 88.720708 2.469995 
2.000000 8.595000 103.103670 88.617604 2.469995 
2.000000 8.585000 103.103670 88.514501 2.469995 
2.000000 8.575000 103.103670 88.411397 2.469995 
2.000000 8.565000 103.103670 88.308293 2.469995 
2.000000 8.555000 103.103670 88.205190 2.469995 
2.000000 8.545000 103.103670 88.102086 2.469995 
2.000000 8.535000 103.103670 87.998982 2.469995 
2.000000 8.525000 103.103670 87.895879 2.469995 
2.000000 8.515000 103.103670 87.792775 2.469995 
2.000000 8.505000 103.103670 87.689671 2.469995 
2.000000 8.495000 103.103670 87.586568 2.469995 
2.000000 8.485000 103.103670 87.483464 2.469995 
2.000000 8.475000 103.103670 87.380360 2.469995 
2.000000 8.465000 103.103670 87.277257 2.469995 
2.000000 8.455000 103.103670 87.174153 2.469995 
2.000000 8.445000 103.103670 87.071049 2.469995 
2.000000 8.435000 103.103670 86.967946 2.469995 
2.000000 8.425000 103.103670 86.864842 2.469995 
2.000000 8.415000 103.103670 86.761738 2.469995 
2.000000 8.405000 103.103670 86.658635 2.469995 
2.000000 8.395000 103.103670 86.555531 2.469995 
2.000000 8.385000 103.103670 86.452427 2.469995 
2.000000 8.375000 103.103670 86.349324 2.469995 
2.000000 8.365000 103.103670 86.246220 2.469995 
2.000000 8.355000 103.103670 86.143116 2.469995 
2.000000 8.345000 103.103670 86.040013 2.469995 
2.000000 8.335000 103.103670 85.936909 2.469995 
2.000000 8.325000 103.103670 85.833805 2.469995 
2.000000 8.315000 103.103670 85.730702 2.469995 
2.000000 8.305000 103.103670 85.627598 2.469995 
2.000000 8.295000 103.103670 85.524494 2.469995 
2.000000 8.285000 103.103670 85.421391 2.469995 
2.000000 8.275000 103.103670 85.318287 2.469995 
2.000000 8.265000 103.103670 85.215183 2.469995 
2.000000 8.255000 103.103670 85.112080 2.469995 
2.000000 8.245000 103.103670 85.008976 2.469995 
2.000000 8.235000 103.103670 84.905872 2.469995 
2.000000 8.225000 103.103670 84.802769 2.469995 
2.000000 8.215000 103.103670 84.699665 2.469995 
2.000000 8.205000 103.103670 84.596561 2.469995 
2.000000 8.195000 103.103670 84.493458 2.469995 
2.000000 8.185000 103.103670 84.390354 2.469995 
2.000000 8.175000 103.103670 84.287250 2.469995 
2.000000 8.165000 103.103670 84.184147 2.469995 
2.000000 8.155000 103.103670 84.081043 2.469995 
2.000000 8.145000 103.103670 83.977939 2.469995 
2.000000 8.135000 103.103670 83.874836 2.469995 
2.000000 8.125000 103.103670 83.771732 2.469995 
2.000000 8.115000 103.103670 83.668628 2.469995 
2.000000 8.105000 103.103670 83.565525 2.469995 
2.000000 8.095000 103.103670 83.462421 2.469995 
2.000000 8.085000 103.103670 83.359317 2.469995 
2.000000 8.075000 103.103670 83.256214 2.469995 
2.000000 8.065000 103.103670 83.153110 2.469995 
2.000000 8.055000 103.103670 83.050006 2.469995 
2.000000 8.045000 103.103670 82.946903 2.469995 
2.000000 8.035000 103.103670 82.843799 2.469995 
2.000000 8.025000 103.103670 82.740695 2.469995 
2.000000 8.015000 103.103670 82.637592 2.469995 
2.000000 8.005000 103.103670 82.534488 2.469995 
2.000000 7.995000 103.103670 82.431384 2.469995 
2.000000 7.985000 103.103670 82.328281 2.469995 
2.000000 7.975000 103.103670 82.225177 2.469995 
2.000000 7.965000 103.103670 82.122073 2.469995 
2.000000 7.955000 103.103670 82.018970 2.469995 
2.000000 7.945000 103.103670 81.915866 2.469995 
2.000000 7.935000 103.103670 81.812762 2.469995 
2.000000 7.925000 103.103670 81.709658 2.469995 
2.000000 7.915000 103.103670 81.606555 2.469995 
2.000000 7.905000 103.103670 81.503451 2.469995 
2.000000 7.895000 103.103670 81.400347 2.469995 
2.000000 7.885000 103.103670 81.297244 2.469995 
2.000000 7.875000 103.103670 81.194140 2.469995 
2.000000 7.865000 103.103670 81.091036 2.469995 
2.000000 7.855000 103.103670 80.987933 2.469995 
2.000000 7.845000 103.103670 80.884829 2.469995 
2.000000 7.835000 103.103670 80.781725 2.469995 
2.000000 7.825000 103.103670 80.678622 2.469995 
2.000000 7.815000 103.103670 80.575518 2.469995 
2.000000 7.805000 103.103670 80.472414 2.469995 
2.000000 7.795000 103.103670 80.369311 2.469995 
2.000000 7.785000 103.103670 80.266207 2.469995 
2.000000 7.775000 103.103670 80.163103 2.469995 
2.000000 7.765000 103.103670 80.060000 2.469995 
2.000000 7.755000 103.103670 79.956896 2.469995 
2.000000 7.745000 103.103670 79.853792 2.469995 
2.000000 7.735000 103.103670 79.750689 2.469995 
2.000000 7.725000 103.103670 79.647585 2.469995 
2.000000 7.715000 103.103670 79.544481 2.469995 
2.000000 7.705000 103.103670 79.441378 2.469995 
2.000000 7.695000 103.103670 79.338274 2.469995 
2.000000 7.685000 103.103670 79.235170 2.469995 
2.000000 7.675000 103.103670 79.132067 2.469995 
2.000000 7.665000 103.103670 79.028963 2.469995 
2.000000 7.655000 103.103670 78.925859 2.469995 
2.000000 7.645000 103.103670 78.822756 2.469995 
2.000000 7.635000 103.103670 78.719652 2.469995 
2.000000 7.625000 103.103670 78.616548 2.469995 
2.000000 7.615000 103.103670 78.513445 2.469995 
2.000000 7.605000 103.103670 78.410341 2.469995 
2.000000 7.595000 103.103670 78.307237 2.469995 
2.000000 7.585000 103.103670 78.204134 2.469995 
2.000000 7.575000 103.103670 78.101030 2.469995 
2.000000 7.565000 103.103670 77.997926 2.469995 
2.000000 7.555000 103.103670 77.894823 2.469995 
2.000000 7.545000 103.103670 77.791719 2.469995 
2.000000 7.535000 103.103670 77.688615 2.469995 
2.000000 7.525000 103.103670 77.585512 2.469995 
2.000000 7.515000 103.103670 77.482408 2.469995 
2.000000 7.505000 103.103670 77.379304 2.469995 
2.000000 7.495000 103.103670 77.276201 2.469995 
2.000000 7.485000 103.103670 77.173097 2.469995 
2.000000 7.475000 103.103670 77.069993 2.469995 
2.000000 7.465000 103.103670 76.966890 2.469995 
2.000000 7.455000 103.103670 76.863786 2.469995 
2.000000 7.445000 103.103670 76.760682 2.469995 
2.000000 7.435000 103.103670 76.657579 2.469995 
2.000000 7.425000 103.103670 76.554475 2.469995 
2.000000 7.415000 103.103670 76.451371 2.469995 
2.000000 7.405000 103.103670 76.348268 2.469995 
2.000000 7.395000 103.103670 76.245164 2.469995 
2.000000 7.385000 103.103670 76.142060 2.469995 
2.000000 7.375000 103.103670 76.038957 2.469995 
2.000000 7.365000 103.103670 75.935853 2.469995 
2.000000 7.355000 103.103670 75.832749 2.469995 
2.000000 7.345000 103.103670 75.729646 2.469995 
2.000000 7.335000 103.103670 75.626542 2.469995 
2.000000 7.325000 103.103670 75.523438 2.469995 
2.000000 7.315000 103.103670 75.420335 2.469995 
2.000000 7.305000 103.103670 75.317231 2.469995 
2.000000 7.295000 103.103670 75.214127 2.469995 
2.000000 7.285000 103.103670 75.111024 2.469995 
2.000000 7.275000 103.103670 75.007920 2.469995 
2.000000 7.265000 103.103670 74.904816 2.469995 
2.000000 7.255000 103.103670 74.801713 2.469995 
2.000000 7.245000 103.103670 74.698609 2.469995 
2.000000 7.235000 103.103670 74.595505 2.469995 
2.000000 7.225000 103.103670 74.492402 2.469995 
2.000000 7.215000 103.103670 74.389298 2.469995 
2.000000 7.205000 103.103670 74.286194 2.469995 
2.000000 7.195000 103.103670 74.183091 2.469995 
2.000000 7.185000 103.103670 74.079987 2.469995 
2.000000 7.175000 103.103670 73.976883 2.469995 
2.000000 7.165000 103.103670 73.873780 2.469995 
2.000000 7.155000 103.103670 73.770676 2.469995 
2.000000 7.145000 103.103670 73.667572 2.469995 
2.000000 7.135000 103.103670 73.564469 2.469995 
2.000000 7.125000 103.103670 73.461365 2.469995 
2.000000 7.115000 103.103670 73.358261 2.469995 
2.000000 7.105000 103.103670 73.255158 2.469995 
2.000000 7.095000 103.103670 73.152054 2.469995 
2.000000 7.085000 103.103670 73.048950 2.469995 
2.000000 7.075000 103.103670 72.945847 2.469995 
2.000000 7.065000 103.103670 72.842743 2.469995 
2.000000 7.055000 103.103670 72.739639 2.469995 
2.000000 7.045000 103.103670 72.636536 2.469995 
2.000000 7.035000 103.103670 72.533432 2.469995 
2.000000 7.025000 103.103670 72.430328 2.469995 
2.000000 7.015000 103.103670 72.327225 2.469995 
2.000000 7.005000 103.103670 72.224121 2.469995 
2.000000 6.995000 103.103670 72.121017 2.469995 
2.000000 6.985000 103.103670 72.017914 2.469995 
2.000000 6.975000 103.103670 71.914810 2.469995 
2.000000 6.965000 103.103670 71.811706 2.469995 
2.000000 6.955000 103.103670 71.708602 2.469995 
2.000000 6.945000 103.103670 71.605499 2.469995 
2.000000 6.935000 103.103670 71.502395 2.469995 
2.000000 6.925000 103.103670 71.399291 2.469995 
2.000000 6.915000 103.103670 71.296188 2.469995 
2.000000 6.905000 103.103670 71.193084 2.469995 
2.000000 6.895000 103.103670 71.089980 2.469995 
2.000000 6.885000 103.103670 70.986877 2.469995 
2.000000 6.875000 103.103670 70.883773 2.469995 
2.000000 6.865000 103.103670 70.780669 2.469995 
2.000000 6.855000 103.103670 70.677566 2.469995 
2.000000 6.845000 103.103670 70.574462 2.469995 
2.000000 6.835000 103.103670 70.471358 2.469995 
2.000000 6.825000 103.103670 70.368255 2.469995 
2.000000 6.815000 103.103670 70.265151 2.469995 
2.000000 6.805000 103.103670 70.162047 2.469995 
2.000000 6.795000 103.103670 70.058944 2.469995 
2.000000 6.785000 103.103670 69.955840 2.469995 
2.000000 6.775000 103.103670 69.852736 2.469995 
2.000000 6.765000 103.103670 69.749633 2.469995 
2.000000 6.755000 103.103670 69.646529 2.469995 
2.000000 6.745000 103.103670 69.543425 2.469995 
2.000000 6.735000 103.103670 69.440322 2.469995 
2.000000 6.725000 103.103670 69.337218 2.469995 
2.000000 6.715000 103.103670 69.234114 2.469995 
2.000000 6.705000 103.103670 69.131011 2.469995 
2.000000 6.695000 103.103670 69.027907 2.469995 
2.000000 6.685000 103.103670 68.924803 2.469995 
2.000000 6.675000 103.103670 68.821700 2.469995 
2.000000 6.665000 103.103670 68.718596 2.469995 
2.000000 6.655000 103.103670 68.615492 2.469995 
2.000000 6.645000 103.103670 68.512389 2.469995 
2.000000 6.635000 103.103670 68.409285 2.469995 
2.000000 6.625000 103.103670 68.306181 2.469995 
2.000000 6.615000 103.103670 68.203078 2.469995 
2.000000 6.605000 103.103670 68.099974 2.469995 
2.000000 6.595000 103.103670 67.996870 2.469995 
2.000000 6.585000 103.103670 67.893767 2.469995 
2.000000 6.575000 103.103670 67.790663 2.469995 
2.000000 6.565000 103.103670 67.687559 2.469995 
2.000000 6.555000 103.103670 67.584456 2.469995 
2.000000 6.545000 103.103670 67.481352 2.469995 
2.000000 6.535000 103.103670 67.378248 2.469995 
2.000000 6.525000 103.103670 67.275145 2.469995 
2.000000 6.515000 103.103670 67.172041 2.469995 
2.000000 6.505000 103.103670 67.068937 2.469995 
2.000000 6.495000 103.103670 66.965834 2.469995 
2.000000 6.485000 103.103670 66.862730 2.469995 
2.000000 6.475000 103.103670 66.759626 2.469995 
2.000000 6.465000 103.103670 66.656523 2.469995 
2.000000 6.455000 103.103670 66.553419 2.469995 
2.000000 6.445000 103.103670 66.450315 2.469995 
2.000000 6.435000 103.103670 66.347212 2.469995 
2.000000 6.425000 103.103670 66.244108 2.469995 
2.000000 6.415000 103.103670 66.141004 2.469995 
2.000000 6.405000 103.103670 66.037901 2.469995 
2.000000 6.395000 103.103670 65.934797 2.469995 
2.000000 6.385000 103.103670 65.831693 2.469995 
2.000000 6.375000 103.103670 65.728590 2.469995 
2.000000 6.365000 103.103670 65.625486 2.469995 
2.000000 6.355000 103.103670 65.522382 2.469995 
2.000000 6.345000 103.103670 65.419279 2.469995 
2.000000 6.335000 103.103670 65.316175 2.469995 
2.000000 6.325000 103.103670 65.213071 2.469995 
2.000000 6.315000 103.103670 65.109968 2.469995 
2.000000 6.305000 103.103670 65.006864 2.469995 
2.000000 6.295000 103.103670 64.903760 2.469995 
2.000000 6.285000 103.103670 64.800657 2.469995 
2.000000 6.275000 103.103670 64.697553 2.469995 
2.000000 6.265000 103.103670 64.594449 2.469995 
2.000000 6.255000 103.103670 64.491346 2.469995 
2.000000 6.245000 103.103670 64.388242 2.469995 
2.000000 6.235000 103.103670 64.285138 2.469995 
2.000000 6.225000 103.103670 64.182035 2.469995 
2.000000 6.215000 103.103670 64.078931 2.469995 
2.000000 6.205000 103.103670 63.975827 2.469995 
2.000000 6.195000 103.103670 63.872724 2.469995 
2.000000 6.185000 103.103670 63.769620 2.469995 
2.000000 6.175000 103.103670 63.666516 2.469995 
2.000000 6.165000 103.103670 63.563413 2.469995 
2.000000 6.155000 103.103670 63.460309 2.469995 
2.000000 6.145000 103.103670 63.357205 2.469995 
2.000000 6.135000 103.103670 63.254102 2.469995 
2.000000 6.125000 103.103670 63.150998 2.469995 
2.000000 6.115000 103.103670 63.047894 2.469995 
2.000000 6.105000 103.103670 62.944791 2.469995 
2.000000 6.095000 103.103670 62.841687 2.469995 
2.000000 6.085000 103.103670 62.738583 2.469995 
2.000000 6.075000 103.103670 62.635480 2.469995 
2.000000 6.065000 103.103670 62.532376 2.469995 
2.000000 6.055000 103.103670 62.429272 2.469995 
2.000000 6.045000 103.103670 62.326169 2.469995 
2.000000 6.035000 103.103670 62.223065 2.469995 
2.000000 6.025000 103.103670 62.119961 2.469995 
2.000000 6.015000 103.103670 62.016858 2.469995 
2.000000 6.005000 103.103670 61.913754 2.469995 
2.000000 5.995000 103.103670 61.810650 2.469995 
2.000000 5.985000 103.103670 61.707547 2.469995 
2.000000 5.975000 103.103670 61.604443 2.469995 
2.000000 5.965000 103.103670 61.501339 2.469995 
2.000000 5.955000 103.103670 61.398235 2.469995 
2.000000 5.945000 103.103670 61.295132 2.469995 
2.000000 5.935000 103.103670 61.192028 2.469995 
2.000000 5.925000 103.103670 61.088924 2.469995 
2.000000 5.915000 103.103670 60.985821 2.469995 
2.000000 5.905000 103.103670 60.882717 2.469995 
2.000000 5.895000 103.103670 60.779613 2.469995 
2.000000 5.885000 103.103670 60.676510 2.469995 
2.000000 5.875000 103.103670 60.573406 2.469995 
2.000000 5.865000 103.103670 60.470302 2.469995 
2.000000 5.855000 103.103670 60.367199 2.469995 
2.000000 5.845000 103.103670 60.264095 2.469995 
2.000000 5.835000 103.103670 60.160991 2.469995 
2.000000 5.825000 103.103670 60.057888 2.469995 
2.000000 5.815000 103.103670 59.954784 2.469995 
2.000000 5.805000 103.103670 59.851680 2.469995 
2.000000 5.795000 103.103670 59.748577 2.469995 
2.000000 5.785000 103.103670 59.645473 2.469995 
2.000000 5.775000 103.103670 59.542369 2.469995 
2.000000 5.765000 103.103670 59.439266 2.469995 
2.000000 5.755000 103.103670 59.336162 2.469995 
2.000000 5.745000 103.103670 59.233058 2.469995 
2.000000 5.735000 103.103670 59.129955 2.469995 
2.000000 5.725000 103.103670 59.026851 2.469995 
2.000000 5.715000 103.103670 58.923747 2.469995 
2.000000 5.705000 103.103670 58.820644 2.469995 
2.000000 5.695000 103.103670 58.717540 2.469995 
2.000000 5.685000 103.103670 58.614436 2.469995 
2.000000 5.675000 103.103670 58.511333 2.469995 
2.000000 5.665000 103.103670 58.408229 2.469995 
2.000000 5.655000 103.103670 58.305125 2.469995 
2.000000 5.645000 103.103670 58.202022 2.469995 
2.000000 5.635000 103.103670 58.098918 2.469995 
2.000000 5.625000 103.103670 57.995814 2.469995 
2.000000 5.615000 103.103670 57.892711 2.469995 
2.000000 5.605000 103.103670 57.789607 2.469995 
2.000000 5.595000 103.103670 57.686503 2.469995 
2.000000 5.585000 103.103670 57.583400 2.469995 
2.000000 5.575000 103.103670 57.480296 2.469995 
2.000000 5.565000 103.103670 57.377192 2.469995 
2.000000 5.555000 103.103670 57.274089 2.469995 
2.000000 5.545000 103.103670 57.170985 2.469995 
2.000000 5.535000 103.103670 57.067881 2.469995 
2.000000 5.525000 103.103670 56.964778 2.469995 
2.000000 5.515000 103.103670 56.861674 2.469995 
2.000000 5.505000 103.103670 56.758570 2.469995 
2.000000 5.495000 103.103670 56.655467 2.469995 
2.000000 5.485000 103.103670 56.552363 2.469995 
2.000000 5.475000 103.103670 56.449259 2.469995 
2.000000 5.465000 103.103670 56.346156 2.469995 
2.000000 5.455000 103.103670 56.243052 2.469995 
2.000000 5.445000 103.103670 56.139948 2.469995 
2.000000 5.435000 103.103670 56.036845 2.469995 
2.000000 5.425000 103.103670 55.933741 2.469995 
2.000000 5.415000 103.103670 55.830637 2.469995 
2.000000 5.405000 103.103670 55.727534 2.469995 
2.000000 5.395000 103.103670 55.624430 2.469995 
2.000000 5.385000 103.103670 55.521326 2.469995 
2.000000 5.375000 103.103670 55.418223 2.469995 
2.000000 5.365000 103.103670 55.315119 2.469995 
2.000000 5.355000 103.103670 55.212015 2.469995 
2.000000 5.345000 103.103670 55.108912 2.469995 
2.000000 5.335000 103.103670 55.005808 2.469995 
2.000000 5.325000 103.103670 54.902704 2.469995 
2.000000 5.315000 103.103670 54.799601 2.469995 
2.000000 5.305000 103.103670 54.696497 2.469995 
2.000000 5.295000 103.103670 54.593393 2.469995 
2.000000 5.285000 103.103670 54.490290 2.469995 
2.000000 5.275000 103.103670 54.387186 2.469995 
2.000000 5.265000 103.103670 54.284082 2.469995 
2.000000 5.255000 103.103670 54.180979 2.469995 
2.000000 5.245000 103.103670 54.077875 2.469995 
2.000000 5.235000 103.103670 53.974771 2.469995 
2.000000 5.225000 103.103670 53.871668 2.469995 
2.000000 5.215000 103.103670 53.768564 2.469995 
2.000000 5.205000 103.103670 53.665460 2.469995 
2.000000 5.195000 103.103670 53.562357 2.469995 
2.000000 5.185000 103.103670 53.459253 2.469995 
2.000000 5.175000 103.103670 53.356149 2.469995 
2.000000 5.165000 103.103670 53.253046 2.469995 
2.000000 5.155000 103.103670 53.149942 2.469995 
2.000000 5.145000 103.103670 53.046838 2.469995 
2.000000 5.135000 103.103670 52.943735 2.469995 
2.000000 5.125000 103.103670 52.840631 2.469995 
2.000000 5.115000 103.103670 52.737527 2.469995 
2.000000 5.105000 103.103670 52.634424 2.469995 
2.000000 5.095000 103.103670 52.531320 2.469995 
2.000000 5.085000 103.103670 52.428216 2.469995 
2.000000 5.075000 103.103670 52.325113 2.469995 
2.000000 5.065000 103.103670 52.222009 2.469995 
2.000000 5.055000 103.103670 52.118905 2.469995 
2.000000 5.045000 103.103670 52.015802 2.469995 
2.000000 5.035000 103.103670 51.912698 2.469995 
2.000000 5.025000 103.103670 51.809594 2.469995 
2.000000 5.015000 103.103670 51.706491 2.469995 
2.000000 5.005000 103.103670 51.603387 2.469995 
2.000000 4.995000 103.103670 51.500283 2.469995 
2.000000 4.985000 103.103670 51.397180 2.469995 
2.000000 4.975000 103.103670 51.294076 2.469995 
2.000000 4.965000 103.103670 51.190972 2.469995 
2.000000 4.955000 103.103670 51.087868 2.469995 
2.000000 4.945000 103.103670 50.984765 2.469995 
2.000000 4.935000 103.103670 50.881661 2.469995 
2.000000 4.925000 103.103670 50.778557 2.469995 
2.000000 4.915000 103.103670 50.675454 2.469995 
2.000000 4.905000 103.103670 50.572350 2.469995 
2.000000 4.895000 103.103670 50.469246 2.469995 
2.000000 4.885000 103.103670 50.366143 2.469995 
2.000000 4.875000 103.103670 50.263039 2.469995 
2.000000 4.865000 103.103670 50.159935 2.469995 
2.000000 4.855000 103.103670 50.056832 2.469995 
2.000000 4.845000 103.103670 49.953728 2.469995 
2.000000 4.835000 103.103670 49.850624 2.469995 
2.000000 4.825000 103.103670 49.747521 2.469995 
2.000000 4.815000 103.103670 49.644417 2.469995 
2.000000 4.805000 103.103670 49.541313 2.469995 
2.000000 4.795000 103.103670 49.438210 2.469995 
2.000000 4.785000 103.103670 49.335106 2.469995 
2.000000 4.775000 103.103670 49.232002 2.469995 
2.000000 4.765000 103.103670 49.128899 2.469995 
2.000000 4.755000 103.103670 49.025795 2.469995 
2.000000 4.745000 103.103670 48.922691 2.469995 
2.000000 4.735000 103.103670 48.819588 2.469995 
2.000000 4.725000 103.103670 48.716484 2.469995 
2.000000 4.715000 103.103670 48.613380 2.469995 
2.000000 4.705000 103.103670 48.510277 2.469995 
2.000000 4.695000 103.103670 48.407173 2.469995 
2.000000 4.685000 103.103670 48.304069 2.469995 
2.000000 4.675000 103.103670 48.200966 2.469995 
2.000000 4.665000 103.103670 48.097862 2.469995 
2.000000 4.655000 103.103670 47.994758 2.469995 
2.000000 4.645000 103.103670 47.891655 2.469995 
2.000000 4.635000 103.103670 47.788551 2.469995 
2.000000 4.625000 103.103670 47.685447 2.469995 
2.000000 4.615000 103.103670 47.582344 2.469995 
2.000000 4.605000 103.103670 47.479240 2.469995 
2.000000 4.595000 103.103670 47.376136 2.469995 
2.000000 4.585000 103.103670 47.273033 2.469995 
2.000000 4.575000 103.103670 47.169929 2.469995 
2.000000 4.565000 103.103670 47.066825 2.469995 
2.000000 4.555000 103.103670 46.963722 2.469995 
2.000000 4.545000 103.103670 46.860618 2.469995 
2.000000 4.535000 103.103670 46.757514 2.469995 
2.000000 4.525000 103.103670 46.654411 2.469995 
2.000000 4.515000 103.103670 46.551307 2.469995 
2.000000 4.505000 103.103670 46.448203 2.469995 
2.000000 4.495000 103.103670 46.345100 2.469995 
2.000000 4.485000 103.103670 46.241996 2.469995 
2.000000 4.475000 103.103670 46.138892 2.469995 
2.000000 4.465000 103.103670 46.035789 2.469995 
2.000000 4.455000 103.103670 45.932685 2.469995 
2.000000 4.445000 103.103670 45.829581 2.469995 
2.000000 4.435000 103.103670 45.726478 2.469995 
2.000000 4.425000 103.103670 45.623374 2.469995 
2.000000 4.415000 103.103670 45.520270 2.469995 
2.000000 4.405000 103.103670 45.417167 2.469995 
2.000000 4.395000 103.103670 45.314063 2.469995 
2.000000 4.385000 103.103670 45.210959 2.469995 
2.000000 4.375000 103.103670 45.107856 2.469995 
2.000000 4.365000 103.103670 45.004752 2.469995 
2.000000 4.355000 103.103670 44.901648 2.469995 
2.000000 4.345000 103.103670 44.798545 2.469995 
2.000000 4.335000 103.103670 44.695441 2.469995 
2.000000 4.325000 103.103670 44.592337 2.469995 
2.000000 4.315000 103.103670 44.489234 2.469995 
2.000000 4.305000 103.103670 44.386130 2.469995 
2.000000 4.295000 103.103670 44.283026 2.469995 
2.000000 4.285000 103.103670 44.179923 2.469995 
2.000000 4.275000 103.103670 44.076819 2.469995 
2.000000 4.265000 103.103670 43.973715 2.469995 
2.000000 4.255000 103.103670 43.870612 2.469995 
2.000000 4.245000 103.103670 43.767508 2.469995 
2.000000 4.235000 103.103670 43.664404 2.469995 
2.000000 4.225000 103.103670 43.561301 2.469995 
2.000000 4.215000 103.103670 43.458197 2.469995 
2.000000 4.205000 103.103670 43.355093 2.469995 
2.000000 4.195000 103.103670 43.251990 2.469995 
2.000000 4.185000 103.103670 43.148886 2.469995 
2.000000 4.175000 103.103670 43.045782 2.469995 
2.000000 4.165000 103.103670 42.942679 2.469995 
2.000000 4.155000 103.103670 42.839575 2.469995 
2.000000 4.145000 103.103670 42.736471 2.469995 
2.000000 4.135000 103.103670 42.633368 2.469995 
2.000000 4.125000 103.103670 42.530264 2.469995 
2.000000 4.115000 103.103670 42.427160 2.469995 
2.000000 4.105000 103.103670 42.324057 2.469995 
2.000000 4.095000 103.103670 42.220953 2.469995 
2.000000 4.085000 103.103670 42.117849 2.469995 
2.000000 4.075000 103.103670 42.014746 2.469995 
2.000000 4.065000 103.103670 41.911642 2.469995 
2.000000 4.055000 103.103670 41.808538 2.469995 
2.000000 4.045000 103.103670 41.705435 2.469995 
2.000000 4.035000 103.103670 41.602331 2.469995 
2.000000 4.025000 103.103670 41.499227 2.469995 
2.000000 4.015000 103.103670 41.396124 2.469995 
2.000000 4.005000 103.103670 41.293020 2.469995 
2.000000 3.995000 103.103670 41.189916 2.469995 
2.000000 3.985000 103.103670 41.086813 2.469995 
2.000000 3.975000 103.103670 40.983709 2.469995 
2.000000 3.965000 103.103670 40.880605 2.469995 
2.000000 3.955000 103.103670 40.777501 2.469995 
2.000000 3.945000 103.103670 40.674398 2.469995 
2.000000 3.935000 103.103670 40.571294 2.469995 
2.000000 3.925000 103.103670 40.468190 2.469995 
2.000000 3.915000 103.103670 40.365087 2.469995 
2.000000 3.905000 103.103670 40.261983 2.469995 
2.000000 3.895000 103.103670 40.158879 2.469995 
2.000000 3.885000 103.103670 40.055776 2.469995 
2.000000 3.875000 103.103670 39.952672 2.469995 
2.000000 3.865000 103.103670 39.849568 2.469995 
2.000000 3.855000 103.103670 39.746465 2.469995 
2.000000 3.845000 103.103670 39.643361 2.469995 
2.000000 3.835000 103.103670 39.540257 2.469995 
2.000000 3.825000 103.103670 39.437154 2.469995 
2.000000 3.815000 103.103670 39.334050 2.469995 
2.000000 3.805000 103.103670 39.230946 2.469995 
2.000000 3.795000 103.103670 39.127843 2.469995 
2.000000 3.785000 103.103670 39.024739 2.469995 
2.000000 3.775000 103.103670 38.921635 2.469995 
2.000000 3.765000 103.103670 38.818532 2.469995 
2.000000 3.755000 103.103670 38.715428 2.469995 
2.000000 3.745000 103.103670 38.612324 2.469995 
2.000000 3.735000 103.103670 38.509221 2.469995 
2.000000 3.725000 103.103670 38.406117 2.469995 
2.000000 3.715000 103.103670 38.303013 2.469995 
2.000000 3.705000 103.103670 38.199910 2.469995 
2.000000 3.695000 103.103670 38.096806 2.469995 
2.000000 3.685000 103.103670 37.993702 2.469995 
2.000000 3.675000 103.103670 37.890599 2.469995 
2.000000 3.665000 103.103670 37.787495 2.469995 
2.000000 3.655000 103.103670 37.684391 2.469995 
2.000000 3.645000 103.103670 37.581288 2.469995 
2.000000 3.635000 103.103670 37.478184 2.469995 
2.000000 3.625000 103.103670 37.375080 2.469995 
2.000000 3.615000 103.103670 37.271977 2.469995 
2.000000 3.605000 103.103670 37.168873 2.469995 
2.000000 3.595000 103.103670 37.065769 2.469995 
2.000000 3.585000 103.103670 36.962666 2.469995 
2.000000 3.575000 103.103670 36.859562 2.469995 
2.000000 3.565000 103.103670 36.756458 2.469995 
2.000000 3.555000 103.103670 36.653355 2.469995 
2.000000 3.545000 103.103670 36.550251 2.469995 
2.000000 3.535000 103.103670 36.447147 2.469995 
2.000000 3.525000 103.103670 36.344044 2.469995 
2.000000 3.515000 103.103670 36.240940 2.469995 
2.000000 3.505000 103.103670 36.137836 2.469995 
2.000000 3.495000 103.103670 36.034733 2.469995 
2.000000 3.485000 103.103670 35.931629 2.469995 
2.000000 3.475000 103.103670 35.828525 2.469995 
2.000000 3.465000 103.103670 35.725422 2.469995 
2.000000 3.455000 103.103670 35.622318 2.469995 
2.000000 3.445000 103.103670 35.519214 2.469995 
2.000000 3.435000 103.103670 35.416111 2.469995 
2.000000 3.425000 103.103670 35.313007 2.469995 
2.000000 3.415000 103.103670 35.209903 2.469995 
2.000000 3.405000 103.103670 35.106800 2.469995 
2.000000 3.395000 103.103670 35.003696 2.469995 
2.000000 3.385000 103.103670 34.900592 2.469995 
2.000000 3.375000 103.103670 34.797489 2.469995 
2.000000 3.365000 103.103670 34.694385 2.469995 
2.000000 3.355000 103.103670 34.591281 2.469995 
2.000000 3.345000 103.103670 34.488178 2.469995 
2.000000 3.335000 103.103670 34.385074 2.469995 
2.000000 3.325000 103.103670 34.281970 2.469995 
2.000000 3.315000 103.103670 34.178867 2.469995 
2.000000 3.305000 103.103670 34.075763 2.469995 
2.000000 3.295000 103.103670 33.972659 2.469995 
2.000000 3.285000 103.103670 33.869556 2.469995 
2.000000 3.275000 103.103670 33.766452 2.469995 
2.000000 3.265000 103.103670 33.663348 2.469995 
2.000000 3.255000 103.103670 33.560245 2.469995 
2.000000 3.245000 103.103670 33.457141 2.469995 
2.000000 3.235000 103.103670 33.354037 2.469995 
2.000000 3.225000 103.103670 33.250934 2.469995 
2.000000 3.215000 103.103670 33.147830 2.469995 
2.000000 3.205000 103.103670 33.044726 2.469995 
2.000000 3.195000 103.103670 32.941623 2.469995 
2.000000 3.185000 103.103670 32.838519 2.469995 
2.000000 3.175000 103.103670 32.735415 2.469995 
2.000000 3.165000 103.103670 32.632312 2.469995 
2.000000 3.155000 103.103670 32.529208 2.469995 
2.000000 3.145000 103.103670 32.426104 2.469995 
2.000000 3.135000 103.103670 32.323001 2.469995 
2.000000 3.125000 103.103670 32.219897 2.469995 
2.000000 3.115000 103.103670 32.116793 2.469995 
2.000000 3.105000 103.103670 32.013690 2.469995 
2.000000 3.095000 103.103670 31.910586 2.469995 
2.000000 3.085000 103.103670 31.807482 2.469995 
2.000000 3.075000 103.103670 31.704379 2.469995 
2.000000 3.065000 103.103670 31.601275 2.469995 
2.000000 3.055000 103.103670 31.498171 2.469995 
2.000000 3.045000 103.103670 31.395068 2.469995 
2.000000 3.035000 103.103670 31.291964 2.469995 
2.000000 3.025000 103.103670 31.188860 2.469995 
2.000000 3.015000 103.103670 31.085757 2.469995 
2.000000 3.005000 103.103670 30.982653 2.469995 
2.000000 2.995000 103.103670 30.879549 2.469995 
2.000000 2.985000 103.103670 30.776446 2.469995 
2.000000 2.975000 103.103670 30.673342 2.469995 
2.000000 2.965000 103.103670 30.570238 2.469995 
2.000000 2.955000 103.103670 30.467134 2.469995 
2.000000 2.945000 103.103670 30.364031 2.469995 
2.000000 2.935000 103.103670 30.260927 2.469995 
2.000000 2.925000 103.103670 30.157823 2.469995 
2.000000 2.915000 103.103670 30.054720 2.469995 
2.000000 2.905000 103.103670 29.951616 2.469995 
2.000000 2.895000 103.103670 29.848512 2.469995 
2.000000 2.885000 103.103670 29.745409 2.469995 
2.000000 2.875000 103.103670 29.642305 2.469995 
2.000000 2.865000 103.103670 29.539201 2.469995 
2.000000 2.855000 103.103670 29.436098 2.469995 
2.000000 2.845000 103.103670 29.332994 2.469995 
2.000000 2.835000 103.103670 29.229890 2.469995 
2.000000 2.825000 103.103670 29.126787 2.469995 
2.000000 2.815000 103.103670 29.023683 2.469995 
2.000000 2.805000 103.103670 28.920579 2.469995 
2.000000 2.795000 103.103670 28.817476 2.469995 
2.000000 2.785000 103.103670 28.714372 2.469995 
2.000000 2.775000 103.103670 28.611268 2.469995 
2.000000 2.765000 103.103670 28.508165 2.469995 
2.000000 2.755000 103.103670 28.405061 2.469995 
2.000000 2.745000 103.103670 28.301957 2.469995 
2.000000 2.735000 103.103670 28.198854 2.469995 
2.000000 2.725000 103.103670 28.095750 2.469995 
2.000000 2.715000 103.103670 27.992646 2.469995 
2.000000 2.705000 103.103670 27.889543 2.469995 
2.000000 2.695000 103.103670 27.786439 2.469995 
2.000000 2.685000 103.103670 27.683335 2.469995 
2.000000 2.675000 103.103670 27.580232 2.469995 
2.000000 2.665000 103.103670 27.477128 2.469995 
2.000000 2.655000 103.103670 27.374024 2.469995 
2.000000 2.645000 103.103670 27.270921 2.469995 
2.000000 2.635000 103.103670 27.167817 2.469995 
2.000000 2.625000 103.103670 27.064713 2.469995 
2.000000 2.615000 103.103670 26.961610 2.469995 
2.000000 2.605000 103.103670 26.858506 2.469995 
2.000000 2.595000 103.103670 26.755402 2.469995 
2.000000 2.585000 103.103670 26.652299 2.469995 
2.000000 2.575000 103.103670 26.549195 2.469995 
2.000000 2.565000 103.103670 26.446091 2.469995 
2.000000 2.555000 103.103670 26.342988 2.469995 
2.000000 2.545000 103.103670 26.239884 2.469995 
2.000000 2.535000 103.103670 26.136780 2.469995 
2.000000 2.525000 103.103670 26.033677 2.469995 
2.000000 2.515000 103.103670 25.930573 2.469995 
2.000000 2.505000 103.103670 25.827469 2.469995 
2.000000 2.495000 103.103670 25.724366 2.469995 
2.000000 2.485000 103.103670 25.621262 2.469995 
2.000000 2.475000 103.103670 25.518158 2.469995 
1.992923 2.465000 103.103670 25.415055 2.464542 
1.978639 2.455000 103.103670 25.311951 2.452161 
1.967811 2.445000 103.103670 25.208847 2.442832 
1.956885 2.435000 103.103670 25.105744 2.433465 
1.945860 2.425000 103.103670 25.002640 2.424059 
1.934734 2.415000 103.103670 24.899536 2.414610 
1.919743 2.405000 103.103670 24.796433 2.401945 
1.908380 2.395000 103.103670 24.693329 2.392394 
1.896915 2.385000 103.103670 24.590225 2.382795 
1.885346 2.375000 103.103670 24.487122 2.373146 
1.873673 2.365000 103.103670 24.384018 2.363447 
1.861894 2.355000 103.103670 24.280914 2.353695 
1.850010 2.345000 103.103670 24.177811 2.343888 
1.838018 2.335000 103.103670 24.074707 2.334024 
1.825918 2.325000 103.103670 23.971603 2.324101 
1.813710 2.315000 103.103670 23.868500 2.314117 
1.801391 2.305000 103.103670 23.765396 2.304069 
1.788962 2.295000 103.103670 23.662292 2.293957 
1.776421 2.285000 103.103670 23.559189 2.283776 
1.763767 2.275000 103.103670 23.456085 2.273525 
1.750999 2.265000 103.103670 23.352981 2.263202 
1.738116 2.255000 103.103670 23.249878 2.252804 
1.725117 2.245000 103.103670 23.146774 2.242328 
1.712001 2.235000 103.103670 23.043670 2.231772 
1.703191 2.225000 103.103670 22.940567 2.224688 
1.689877 2.215000 103.103670 22.837463 2.213992 
1.676443 2.205000 103.103670 22.734359 2.203209 
1.662886 2.195000 103.103670 22.631256 2.192334 
1.649208 2.185000 103.103670 22.528152 2.181366 
1.640019 2.175000 103.103670 22.425048 2.174000 
1.626133 2.165000 103.103670 22.321945 2.162869 
1.612120 2.155000 103.103670 22.218841 2.151635 
1.602707 2.145000 103.103670 22.115737 2.144086 
1.588480 2.135000 103.103670 22.012634 2.132673 
1.574123 2.125000 103.103670 21.909530 2.121148 
1.564478 2.115000 103.103670 21.806426 2.113401 
1.549900 2.105000 103.103670 21.703323 2.101680 
1.540107 2.095000 103.103670 21.600219 2.093798 
1.525305 2.085000 103.103670 21.497115 2.081870 
1.515360 2.075000 103.103670 21.394012 2.073846 
1.500328 2.065000 103.103670 21.290908 2.061698 
1.490229 2.055000 103.103670 21.187804 2.053523 
1.474963 2.045000 103.103670 21.084701 2.041143 
1.464706 2.035000 103.103670 20.981597 2.032809 
1.454385 2.025000 103.103670 20.878493 2.024408 
1.438782 2.015000 103.103670 20.775390 2.011678 
1.428299 2.005000 103.103670 20.672286 2.003103 
1.417749 1.995000 103.103670 20.569182 1.994455 
1.401798 1.985000 103.103670 20.466078 1.981345 
1.391080 1.975000 103.103670 20.362975 1.972508 
1.380294 1.965000 103.103670 20.259871 1.963593 
1.369439 1.955000 103.103670 20.156767 1.954596 
1.353025 1.945000 103.103670 20.053664 1.940945 
1.341994 1.935000 103.103670 19.950560 1.931736 
1.330892 1.925000 103.103670 19.847456 1.922439 
1.319717 1.915000 103.103670 19.744353 1.913051 
1.308470 1.905000 103.103670 19.641249 1.903570 
1.297149 1.895000 103.103670 19.538145 1.893992 
1.285753 1.885000 103.103670 19.435042 1.884316 
1.274282 1.875000 103.103670 19.331938 1.874539 
1.262736 1.865000 103.103670 19.228834 1.864658 
1.251112 1.855000 103.103670 19.125731 1.854670 
1.239410 1.845000 103.103670 19.022627 1.844572 
1.227630 1.835000 103.103670 18.919523 1.834360 
1.215770 1.825000 103.103670 18.816420 1.824033 
1.203830 1.815000 103.103670 18.713316 1.813585 
1.191808 1.805000 103.103670 18.610212 1.803015 
1.179704 1.795000 103.103670 18.507109 1.792317 
1.167517 1.785000 103.103670 18.404005 1.781489 
1.155245 1.775000 103.103670 18.300901 1.770525 
1.149077 1.765000 103.103670 18.197798 1.764992 
1.136676 1.755000 103.103670 18.094694 1.753818 
1.124188 1.745000 103.103670 17.991590 1.742499 
1.111612 1.735000 103.103670 17.888487 1.731030 
1.098947 1.725000 103.103670 17.785383 1.719405 
1.092580 1.715000 103.103670 17.682279 1.713533 
1.079778 1.705000 103.103670 17.579176 1.701666 
1.066883 1.695000 103.103670 17.476072 1.689631 
1.060401 1.685000 103.103670 17.372968 1.683548 
1.047365 1.675000 103.103670 17.269865 1.671249 
1.034233 1.665000 103.103670 17.166761 1.658767 
1.027631 1.655000 103.103670 17.063657 1.652455 
1.014353 1.645000 103.103670 16.960554 1.639686 
1.007676 1.635000 103.103670 16.857450 1.633227 
0.994249 1.625000 103.103670 16.754346 1.620155 
0.987497 1.615000 103.103670 16.651243 1.613540 
0.973916 1.605000 103.103670 16.548139 1.600148 
0.967086 1.595000 103.103670 16.445035 1.593368 
0.953349 1.585000 103.103670 16.341932 1.579638 
0.946440 1.575000 103.103670 16.238828 1.572685 
0.932542 1.565000 103.103670 16.135724 1.558596 
0.925552 1.555000 103.103670 16.032621 1.551458 
0.918535 1.545000 103.103670 15.929517 1.544256 
0.904416 1.535000 103.103670 15.826413 1.529655 
0.897315 1.525000 103.103670 15.723310 1.522253 
0.890185 1.515000 103.103670 15.620206 1.514782 
0.875838 1.505000 103.103670 15.517102 1.499625 
0.868622 1.495000 103.103670 15.413999 1.491937 
0.861375 1.485000 103.103670 15.310895 1.484173 
0.846793 1.475000 103.103670 15.207791 1.468412 
0.839456 1.465000 103.103670 15.104688 1.460411 
0.832089 1.455000 103.103670 15.001584 1.452327 
0.824691 1.445000 103.103670 14.898480 1.444159 
0.809801 1.435000 103.103670 14.795377 1.427563 
0.802308 1.425000 103.103670 14.692273 1.419130 
0.794784 1.415000 103.103670 14.589169 1.410604 
0.787227 1.405000 103.103670 14.486066 1.401983 
0.779637 1.395000 103.103670 14.382962 1.393265 
0.772014 1.385000 103.103670 14.279858 1.384448 
0.756668 1.375000 103.103670 14.176755 1.366504 
0.748944 1.365000 103.103670 14.073651 1.357373 
0.741185 1.355000 103.103670 13.970547 1.348131 
0.733392 1.345000 103.103670 13.867444 1.338776 
0.725563 1.335000 103.103670 13.764340 1.329305 
0.717699 1.325000 103.103670 13.661236 1.319715 
0.709799 1.315000 103.103670 13.558133 1.310002 
0.701862 1.305000 103.103670 13.455029 1.300164 
0.693889 1.295000 103.103670 13.351925 1.290196 
0.685878 1.285000 103.103670 13.248822 1.280095 
0.677830 1.275000 103.103670 13.145718 1.269858 
0.669744 1.265000 103.103670 13.042614 1.259479 
0.661619 1.255000 103.103670 12.939511 1.248955 
0.653456 1.245000 103.103670 12.836407 1.238282 
0.645253 1.235000 103.103670 12.733303 1.227455 
0.637010 1.225000 103.103670 12.630200 1.216470 
0.628726 1.215000 103.103670 12.527096 1.205321 
0.620402 1.205000 103.103670 12.423992 1.194002 
0.620402 1.195000 103.103670 12.320889 1.194002 
0.612037 1.185000 103.103670 12.217785 1.182510 
0.603629 1.175000 103.103670 12.114681 1.170837 
0.595179 1.165000 103.103670 12.011578 1.158978 
0.586686 1.155000 103.103670 11.908474 1.146927 
0.578150 1.145000 103.103670 11.805370 1.134677 
0.578150 1.135000 103.103670 11.702267 1.134677 
0.569569 1.125000 103.103670 11.599163 1.122221 
0.560944 1.115000 103.103670 11.496059 1.109552 
0.552273 1.105000 103.103670 11.392956 1.096661 
0.543556 1.095000 103.103670 11.289852 1.083541 
0.543556 1.085000 103.103670 11.186748 1.083541 
0.534793 1.075000 103.103670 11.083645 1.070184 
0.525983 1.065000 103.103670 10.980541 1.056579 
0.517125 1.055000 103.103670 10.877437 1.042718 
0.517125 1.045000 103.103670 10.774334 1.042718 
0.508218 1.035000 103.103670 10.671230 1.028591 
0.499262 1.025000 103.103670 10.568126 1.014185 
0.499262 1.015000 103.103670 10.465023 1.014185 
0.490256 1.005000 103.103670 10.361919 0.999491 
0.481200 0.995000 103.103670 10.258815 0.984496 
0.481200 0.985000 103.103670 10.155711 0.984496 
0.472092 0.975000 103.103670 10.052608 0.969187 
0.462931 0.965000 103.103670 9.949504 0.953550 
0.462931 0.955000 103.103670 9.846400 0.953550 
0.453718 0.945000 103.103670 9.743297 0.937570 
0.444452 0.935000 103.103670 9.640193 0.921233 
0.444452 0.925000 103.103670 9.537089 0.921233 
0.435130 0.915000 103.103670 9.433986 0.904521 
0.435130 0.905000 103.103670 9.330882 0.904521 
0.425753 0.895000 103.103670 9.227778 0.887416 
0.416320 0.885000 103.103670 9.124675 0.869899 
0.416320 0.875000 103.103670 9.021571 0.869899 
0.406830 0.865000 103.103670 8.918467 0.851950 
0.406830 0.855000 103.103670 8.815364 0.851950 
0.397283 0.845000 103.103670 8.712260 0.833547 
0.397283 0.835000 103.103670 8.609156 0.833547 
0.387676 0.825000 103.103670 8.506053 0.814665 
0.387676 0.815000 103.103670 8.402949 0.814665 
0.378010 0.805000 103.103670 8.299845 0.795280 
0.368283 0.795000 103.103670 8.196742 0.775363 
0.368283 0.785000 103.103670 8.093638 0.775363 
0.358494 0.775000 103.103670 7.990534 0.754884 
0.358494 0.765000 103.103670 7.887431 0.754884 
0.358494 0.755000 103.103670 7.784327 0.754884 
0.348644 0.745000 103.103670 7.681223 0.733812 
0.348644 0.735000 103.103670 7.578120 0.733812 
0.338730 0.725000 103.103670 7.475016 0.712110 
0.338730 0.715000 103.103670 7.371912 0.712110 
0.328752 0.705000 103.103670 7.268809 0.689740 
0.328752 0.695000 103.103670 7.165705 0.689740 
0.318710 0.685000 103.103670 7.062601 0.666661 
0.318710 0.675000 103.103670 6.959498 0.666661 
0.308602 0.665000 103.103670 6.856394 0.642827 
0.308602 0.655000 103.103670 6.753290 0.642827 
0.308602 0.645000 103.103670 6.650187 0.642827 
0.298427 0.635000 103.103670 6.547083 0.618187 
0.298427 0.625000 103.103670 6.443979 0.618187 
0.288186 0.615000 103.103670 6.340876 0.592687 
0.288186 0.605000 103.103670 6.237772 0.592687 
0.288186 0.595000 103.103670 6.134668 0.592687 
0.277878 0.585000 103.103670 6.031565 0.566268 
0.277878 0.575000 103.103670 5.928461 0.566268 
0.267501 0.565000 103.103670 5.825357 0.538861 
0.267501 0.555000 103.103670 5.722254 0.538861 
0.267501 0.545000 103.103670 5.619150 0.538861 
0.257057 0.535000 103.103670 5.516046 0.510395 
0.257057 0.525000 103.103670 5.412943 0.510395 
0.257057 0.515000 103.103670 5.309839 0.510395 
0.246545 0.505000 103.103670 5.206735 0.480789 
0.246545 0.495000 103.103670 5.103632 0.480789 
0.246545 0.485000 103.103670 5.000528 0.480789 
0.235966 0.475000 103.103670 4.897424 0.449954 
0.235966 0.465000 103.103670 4.794321 0.449954 
0.235966 0.455000 103.103670 4.691217 0.449954 
0.225321 0.445000 103.103670 4.588113 0.417791 
0.225321 0.435000 103.103670 4.485010 0.417791 
0.225321 0.425000 103.103670 4.381906 0.417791 
0.214610 0.415000 103.103670 4.278802 0.384191 
0.214610 0.405000 103.103670 4.175699 0.384191 
0.214610 0.395000 103.103670 4.072595 0.384191 
0.214610 0.385000 103.103670 3.969491 0.384191 
0.203837 0.375000 103.103670 3.866388 0.349035 
0.203837 0.365000 103.103670 3.763284 0.349035 
0.203837 0.355000 103.103670 3.660180 0.349035 
0.193004 0.345000 103.103670 3.557077 0.312190 
0.193004 0.335000 103.103670 3.453973 0.312190 
0.193004 0.325000 103.103670 3.350869 0.312190 
0.193004 0.315000 103.103670 3.247766 0.312190 
0.182117 0.305000 103.103670 3.144662 0.273513 
0.182117 0.295000 103.103670 3.041558 0.273513 
0.182117 0.285000 103.103670 2.938455 0.273513 
0.182117 0.275000 103.103670 2.835351 0.273513 
0.171182 0.265000 103.103670 2.732247 0.232848 
0.171182 0.255000 103.103670 2.629144 0.232848 
0.171182 0.245000 103.103670 2.526040 0.232848 
0.171182 0.235000 103.103670 2.422936 0.232848 
0.160208 0.225000 103.103670 2.319833 0.190031 
0.160208 0.215000 103.103670 2.216729 0.190031 
0.160208 0.205000 103.103670 2.113625 0.190031 
0.160208 0.195000 103.103670 2.010522 0.190031 
0.149208 0.185000 103.103670 1.907418 0.144894 
0.149208 0.175000 103.103670 1.804314 0.144894 
0.149208 0.165000 103.103670 1.701211 0.144894 
0.149208 0.155000 103.103670 1.598107 0.144894 
0.149208 0.145000 103.103670 1.495003 0.144894 
0.138200 0.135000 103.103670 1.391900 0.097275 
0.138200 0.125000 103.103670 1.288796 0.097275 
0.138200 0.115000 103.103670 1.185692 0.097275 
0.138200 0.105000 103.103670 1.082589 0.097275 
0.127209 0.095000 103.103670 0.979485 0.047042 
0.127209 0.085000 103.103670 0.876381 0.047042 
0.127209 0.075000 103.103670 0.773278 0.047042 
0.127209 0.065000 103.103670 0.670174 0.047042 
0.127209 0.055000 103.103670 0.567070 0.047042 
0.116273 0.045000 103.103670 0.463967 -0.005878 
0.116273 0.035000 103.103670 0.360863 -0.005878 
0.116273 0.025000 103.103670 0.257759 -0.005878 
0.116273 0.015000 103.103670 0.154656 -0.005878 
