2.000000 9.985000 82.851148 82.726871 2.536017 
2.000000 9.975000 82.851148 82.644020 2.536017 
2.000000 9.965000 82.851148 82.561169 2.536017 
2.000000 9.955000 82.851148 82.478318 2.536017 
2.000000 9.945000 82.851148 82.395466 2.536017 
2.000000 9.935000 82.851148 82.312615 2.536017 
2.000000 9.925000 82.851148 82.229764 2.536017 
2.000000 9.915000 82.851148 82.146913 2.536017 
2.000000 9.905000 82.851148 82.064062 2.536017 
2.000000 9.895000 82.851148 81.981211 2.536017 
2.000000 9.885000 82.851148 81.898359 2.536017 
2.000000 9.875000 82.851148 81.815508 2.536017 
2.000000 9.865000 82.851148 81.732657 2.536017 
2.000000 9.855000 82.851148 81.649806 2.536017 
2.000000 9.845000 82.851148 81.566955 2.536017 
2.000000 9.835000 82.851148 81.484104 2.536017 
2.000000 9.825000 82.851148 81.401253 2.536017 
2.000000 9.815000 82.851148 81.318401 2.536017 
2.000000 9.805000 82.851148 81.235550 2.536017 
2.000000 9.795000 82.851148 81.152699 2.536017 
2.000000 9.785000 82.851148 81.069848 2.536017 
2.000000 9.775000 82.851148 80.986997 2.536017 
2.000000 9.765000 82.851148 80.904146 2.536017 
2.000000 9.755000 82.851148 80.821295 2.536017 
2.000000 9.745000 82.851148 80.738443 2.536017 
2.000000 9.735000 82.851148 80.655592 2.536017 
2.000000 9.725000 82.851148 80.572741 2.536017 
2.000000 9.715000 82.851148 80.489890 2.536017 
2.000000 9.705000 82.851148 80.407039 2.536017 
2.000000 9.695000 82.851148 80.324188 2.536017 
2.000000 9.685000 82.851148 80.241337 2.536017 
2.000000 9.675000 82.851148 80.158485 2.536017 
2.000000 9.665000 82.851148 80.075634 2.536017 
2.000000 9.655000 82.851148 79.992783 2.536017 
2.000000 9.645000 82.851148 79.909932 2.536017 
2.000000 9.635000 82.851148 79.827081 2.536017 
2.000000 9.625000 82.851148 79.744230 2.536017 
2.000000 9.615000 82.851148 79.661378 2.536017 
2.000000 9.605000 82.851148 79.578527 2.536017 
2.000000 9.595000 82.851148 79.495676 2.536017 
2.000000 9.585000 82.851148 79.412825 2.536017 
2.000000 9.575000 82.851148 79.329974 2.536017 
2.000000 9.565000 82.851148 79.247123 2.536017 
2.000000 9.555000 82.851148 79.164272 2.536017 
2.000000 9.545000 82.851148 79.081420 2.536017 
2.000000 9.535000 82.851148 78.998569 2.536017 
2.000000 9.525000 82.851148 78.915718 2.536017 
2.000000 9.515000 82.851148 78.832867 2.536017 
2.000000 9.505000 82.851148 78.750016 2.536017 
2.000000 9.495000 82.851148 78.667165 2.536017 
2.000000 9.485000 82.851148 78.584314 2.536017 
2.000000 9.475000 82.851148 78.501462 2.536017 
2.000000 9.465000 82.851148 78.418611 2.536017 
2.000000 9.455000 82.851148 78.335760 2.536017 
2.000000 9.445000 82.851148 78.252909 2.536017 
2.000000 9.435000 82.851148 78.170058 2.536017 
2.000000 9.425000 82.851148 78.087207 2.536017 
2.000000 9.415000 82.851148 78.004356 2.536017 
2.000000 9.405000 82.851148 77.921504 2.536017 
2.000000 9.395000 82.851148 77.838653 2.536017 
2.000000 9.385000 82.851148 77.755802 2.536017 
2.000000 9.375000 82.851148 77.672951 2.536017 
2.000000 9.365000 82.851148 77.590100 2.536017 
2.000000 9.355000 82.851148 77.507249 2.536017 
2.000000 9.345000 82.851148 77.424398 2.536017 
2.000000 9.335000 82.851148 77.341546 2.536017 
2.000000 9.325000 82.851148 77.258695 2.536017 
2.000000 9.315000 82.851148 77.175844 2.536017 
2.000000 9.305000 82.851148 77.092993 2.536017 
2.000000 9.295000 82.851148 77.010142 2.536017 
2.000000 9.285000 82.851148 76.927291 2.536017 
2.000000 9.275000 82.851148 76.844439 2.536017 
2.000000 9.265000 82.851148 76.761588 2.536017 
2.000000 9.255000 82.851148 76.678737 2.536017 
2.000000 9.245000 82.851148 76.595886 2.536017 
2.000000 9.235000 82.851148 76.513035 2.536017 
2.000000 9.225000 82.851148 76.430184 2.536017 
2.000000 9.215000 82.851148 76.347333 2.536017 
2.000000 9.205000 82.851148 76.264481 2.536017 
2.000000 9.195000 82.851148 76.181630 2.536017 
2.000000 9.185000 82.851148 76.098779 2.536017 
2.000000 9.175000 82.851148 76.015928 2.536017 
2.000000 9.165000 82.851148 75.933077 2.536017 
2.000000 9.155000 82.851148 75.850226 2.536017 
2.000000 9.145000 82.851148 75.767375 2.536017 
2.000000 9.135000 82.851148 75.684523 2.536017 
2.000000 9.125000 82.851148 75.601672 2.536017 
2.000000 9.115000 82.851148 75.518821 2.536017 
2.000000 9.105000 82.851148 75.435970 2.536017 
2.000000 9.095000 82.851148 75.353119 2.536017 
2.000000 9.085000 82.851148 75.270268 2.536017 
2.000000 9.075000 82.851148 75.187417 2.536017 
2.000000 9.065000 82.851148 75.104565 2.536017 
2.000000 9.055000 82.851148 75.021714 2.536017 
2.000000 9.045000 82.851148 74.938863 2.536017 
2.000000 9.035000 82.851148 74.856012 2.536017 
2.000000 9.025000 82.851148 74.773161 2.536017 
2.000000 9.015000 82.851148 74.690310 2.536017 
2.000000 9.005000 82.851148 74.607458 2.536017 
2.000000 8.995000 82.851148 74.524607 2.536017 
2.000000 8.985000 82.851148 74.441756 2.536017 
2.000000 8.975000 82.851148 74.358905 2.536017 
2.000000 8.965000 82.851148 74.276054 2.536017 
2.000000 8.955000 82.851148 74.193203 2.536017 
2.000000 8.945000 82.851148 74.110352 2.536017 
2.000000 8.935000 82.851148 74.027500 2.536017 
2.000000 8.925000 82.851148 73.944649 2.536017 
2.000000 8.915000 82.851148 73.861798 2.536017 
2.000000 8.905000 82.851148 73.778947 2.536017 
2.000000 8.895000 82.851148 73.696096 2.536017 
2.000000 8.885000 82.851148 73.613245 2.536017 
2.000000 8.875000 82.851148 73.530394 2.536017 
2.000000 8.865000 82.851148 73.447542 2.536017 
2.000000 8.855000 82.851148 73.364691 2.536017 
2.000000 8.845000 82.851148 73.281840 2.536017 
2.000000 8.835000 82.851148 73.198989 2.536017 
2.000000 8.825000 82.851148 73.116138 2.536017 
2.000000 8.815000 82.851148 73.033287 2.536017 
2.000000 8.805000 82.851148 72.950436 2.536017 
2.000000 8.795000 82.851148 72.867584 2.536017 
2.000000 8.785000 82.851148 72.784733 2.536017 
2.000000 8.775000 82.851148 72.701882 2.536017 
2.000000 8.765000 82.851148 72.619031 2.536017 
2.000000 8.755000 82.851148 72.536180 2.536017 
2.000000 8.745000 82.851148 72.453329 2.536017 
2.000000 8.735000 82.851148 72.370478 2.536017 
2.000000 8.725000 82.851148 72.287626 2.536017 
2.000000 8.715000 82.851148 72.204775 2.536017 
2.000000 8.705000 82.851148 72.121924 2.536017 
2.000000 8.695000 82.851148 72.039073 2.536017 
2.000000 8.685000 82.851148 71.956222 2.536017 
2.000000 8.675000 82.851148 71.873371 2.536017 
2.000000 8.665000 82.851148 71.790519 2.536017 
2.000000 8.655000 82.851148 71.707668 2.536017 
2.000000 8.645000 82.851148 71.624817 2.536017 
2.000000 8.635000 82.851148 71.541966 2.536017 
2.000000 8.625000 82.851148 71.459115 2.536017 
2.000000 8.615000 82.851148 71.376264 2.536017 
2.000000 8.605000 82.851148 71.293413 2.536017 
2.000000 8.595000 82.851148 71.210561 2.536017 
2.000000 8.585000 82.851148 71.127710 2.536017 
2.000000 8.575000 82.851148 71.044859 2.536017 
2.000000 8.565000 82.851148 70.962008 2.536017 
2.000000 8.555000 82.851148 70.879157 2.536017 
2.000000 8.545000 82.851148 70.796306 2.536017 
2.000000 8.535000 82.851148 70.713455 2.536017 
2.000000 8.525000 82.851148 70.630603 2.536017 
2.000000 8.515000 82.851148 70.547752 2.536017 
2.000000 8.505000 82.851148 70.464901 2.536017 
2.000000 8.495000 82.851148 70.382050 2.536017 
2.000000 8.485000 82.851148 70.299199 2.536017 
2.000000 8.475000 82.851148 70.216348 2.536017 
2.000000 8.465000 82.851148 70.133497 2.536017 
2.000000 8.455000 82.851148 70.050645 2.536017 
2.000000 8.445000 82.851148 69.967794 2.536017 
2.000000 8.435000 82.851148 69.884943 2.536017 
2.000000 8.425000 82.851148 69.802092 2.536017 
2.000000 8.415000 82.851148 69.719241 2.536017 
2.000000 8.405000 82.851148 69.636390 2.536017 
2.000000 8.395000 82.851148 69.553538 2.536017 
2.000000 8.385000 82.851148 69.470687 2.536017 
2.000000 8.375000 82.851148 69.387836 2.536017 
2.000000 8.365000 82.851148 69.304985 2.536017 
2.000000 8.355000 82.851148 69.222134 2.536017 
2.000000 8.345000 82.851148 69.139283 2.536017 
2.000000 8.335000 82.851148 69.056432 2.536017 
2.000000 8.325000 82.851148 68.973580 2.536017 
2.000000 8.315000 82.851148 68.890729 2.536017 
2.000000 8.305000 82.851148 68.807878 2.536017 
2.000000 8.295000 82.851148 68.725027 2.536017 
2.000000 8.285000 82.851148 68.642176 2.536017 
2.000000 8.275000 82.851148 68.559325 2.536017 
2.000000 8.265000 82.851148 68.476474 2.536017 
2.000000 8.255000 82.851148 68.393622 2.536017 
2.000000 8.245000 82.851148 68.310771 2.536017 
2.000000 8.235000 82.851148 68.227920 2.536017 
2.000000 8.225000 82.851148 68.145069 2.536017 
2.000000 8.215000 82.851148 68.062218 2.536017 
2.000000 8.205000 82.851148 67.979367 2.536017 
2.000000 8.195000 82.851148 67.896516 2.536017 
2.000000 8.185000 82.851148 67.813664 2.536017 
2.000000 8.175000 82.851148 67.730813 2.536017 
2.000000 8.165000 82.851148 67.647962 2.536017 
2.000000 8.155000 82.851148 67.565111 2.536017 
2.000000 8.145000 82.851148 67.482260 2.536017 
2.000000 8.135000 82.851148 67.399409 2.536017 
2.000000 8.125000 82.851148 67.316557 2.536017 
2.000000 8.115000 82.851148 67.233706 2.536017 
2.000000 8.105000 82.851148 67.150855 2.536017 
2.000000 8.095000 82.851148 67.068004 2.536017 
2.000000 8.085000 82.851148 66.985153 2.536017 
2.000000 8.075000 82.851148 66.902302 2.536017 
2.000000 8.065000 82.851148 66.819451 2.536017 
2.000000 8.055000 82.851148 66.736599 2.536017 
2.000000 8.045000 82.851148 66.653748 2.536017 
2.000000 8.035000 82.851148 66.570897 2.536017 
2.000000 8.025000 82.851148 66.488046 2.536017 
2.000000 8.015000 82.851148 66.405195 2.536017 
2.000000 8.005000 82.851148 66.322344 2.536017 
2.000000 7.995000 82.851148 66.239493 2.536017 
2.000000 7.985000 82.851148 66.156641 2.536017 
2.000000 7.975000 82.851148 66.073790 2.536017 
2.000000 7.965000 82.851148 65.990939 2.536017 
2.000000 7.955000 82.851148 65.908088 2.536017 
2.000000 7.945000 82.851148 65.825237 2.536017 
2.000000 7.935000 82.851148 65.742386 2.536017 
2.000000 7.925000 82.851148 65.659535 2.536017 
2.000000 7.915000 82.851148 65.576683 2.536017 
2.000000 7.905000 82.851148 65.493832 2.536017 
2.000000 7.895000 82.851148 65.410981 2.536017 
2.000000 7.885000 82.851148 65.328130 2.536017 
2.000000 7.875000 82.851148 65.245279 2.536017 
2.000000 7.865000 82.851148 65.162428 2.536017 
2.000000 7.855000 82.851148 65.079577 2.536017 
2.000000 7.845000 82.851148 64.996725 2.536017 
2.000000 7.835000 82.851148 64.913874 2.536017 
2.000000 7.825000 82.851148 64.831023 2.536017 
2.000000 7.815000 82.851148 64.748172 2.536017 
2.000000 7.805000 82.851148 64.665321 2.536017 
2.000000 7.795000 82.851148 64.582470 2.536017 
2.000000 7.785000 82.851148 64.499618 2.536017 
2.000000 7.775000 82.851148 64.416767 2.536017 
2.000000 7.765000 82.851148 64.333916 2.536017 
2.000000 7.755000 82.851148 64.251065 2.536017 
2.000000 7.745000 82.851148 64.168214 2.536017 
2.000000 7.735000 82.851148 64.085363 2.536017 
2.000000 7.725000 82.851148 64.002512 2.536017 
2.000000 7.715000 82.851148 63.919660 2.536017 
2.000000 7.705000 82.851148 63.836809 2.536017 
2.000000 7.695000 82.851148 63.753958 2.536017 
2.000000 7.685000 82.851148 63.671107 2.536017 
2.000000 7.675000 82.851148 63.588256 2.536017 
2.000000 7.665000 82.851148 63.505405 2.536017 
2.000000 7.655000 82.851148 63.422554 2.536017 
2.000000 7.645000 82.851148 63.339702 2.536017 
2.000000 7.635000 82.851148 63.256851 2.536017 
2.000000 7.625000 82.851148 63.174000 2.536017 
2.000000 7.615000 82.851148 63.091149 2.536017 
2.000000 7.605000 82.851148 63.008298 2.536017 
2.000000 7.595000 82.851148 62.925447 2.536017 
2.000000 7.585000 82.851148 62.842596 2.536017 
2.000000 7.575000 82.851148 62.759744 2.536017 
2.000000 7.565000 82.851148 62.676893 2.536017 
2.000000 7.555000 82.851148 62.594042 2.536017 
2.000000 7.545000 82.851148 62.511191 2.536017 
2.000000 7.535000 82.851148 62.428340 2.536017 
2.000000 7.525000 82.851148 62.345489 2.536017 
2.000000 7.515000 82.851148 62.262637 2.536017 
2.000000 7.505000 82.851148 62.179786 2.536017 
2.000000 7.495000 82.851148 62.096935 2.536017 
2.000000 7.485000 82.851148 62.014084 2.536017 
2.000000 7.475000 82.851148 61.931233 2.536017 
2.000000 7.465000 82.851148 61.848382 2.536017 
2.000000 7.455000 82.851148 61.765531 2.536017 
2.000000 7.445000 82.851148 61.682679 2.536017 
2.000000 7.435000 82.851148 61.599828 2.536017 
2.000000 7.425000 82.851148 61.516977 2.536017 
2.000000 7.415000 82.851148 61.434126 2.536017 
2.000000 7.405000 82.851148 61.351275 2.536017 
2.000000 7.395000 82.851148 61.268424 2.536017 
2.000000 7.385000 82.851148 61.185573 2.536017 
2.000000 7.375000 82.851148 61.102721 2.536017 
2.000000 7.365000 82.851148 61.019870 2.536017 
2.000000 7.355000 82.851148 60.937019 2.536017 
2.000000 7.345000 82.851148 60.854168 2.536017 
2.000000 7.335000 82.851148 60.771317 2.536017 
2.000000 7.325000 82.851148 60.688466 2.536017 
2.000000 7.315000 82.851148 60.605615 2.536017 
2.000000 7.305000 82.851148 60.522763 2.536017 
2.000000 7.295000 82.851148 60.439912 2.536017 
2.000000 7.285000 82.851148 60.357061 2.536017 
2.000000 7.275000 82.851148 60.274210 2.536017 
2.000000 7.265000 82.851148 60.191359 2.536017 
2.000000 7.255000 82.851148 60.108508 2.536017 
2.000000 7.245000 82.851148 60.025656 2.536017 
2.000000 7.235000 82.851148 59.942805 2.536017 
2.000000 7.225000 82.851148 59.859954 2.536017 
2.000000 7.215000 82.851148 59.777103 2.536017 
2.000000 7.205000 82.851148 59.694252 2.536017 
2.000000 7.195000 82.851148 59.611401 2.536017 
2.000000 7.185000 82.851148 59.528550 2.536017 
2.000000 7.175000 82.851148 59.445698 2.536017 
2.000000 7.165000 82.851148 59.362847 2.536017 
2.000000 7.155000 82.851148 59.279996 2.536017 
2.000000 7.145000 82.851148 59.197145 2.536017 
2.000000 7.135000 82.851148 59.114294 2.536017 
2.000000 7.125000 82.851148 59.031443 2.536017 
2.000000 7.115000 82.851148 58.948592 2.536017 
2.000000 7.105000 82.851148 58.865740 2.536017 
2.000000 7.095000 82.851148 58.782889 2.536017 
2.000000 7.085000 82.851148 58.700038 2.536017 
2.000000 7.075000 82.851148 58.617187 2.536017 
2.000000 7.065000 82.851148 58.534336 2.536017 
2.000000 7.055000 82.851148 58.451485 2.536017 
2.000000 7.045000 82.851148 58.368634 2.536017 
2.000000 7.035000 82.851148 58.285782 2.536017 
2.000000 7.025000 82.851148 58.202931 2.536017 
2.000000 7.015000 82.851148 58.120080 2.536017 
2.000000 7.005000 82.851148 58.037229 2.536017 
2.000000 6.995000 82.851148 57.954378 2.536017 
2.000000 6.985000 82.851148 57.871527 2.536017 
2.000000 6.975000 82.851148 57.788676 2.536017 
2.000000 6.965000 82.851148 57.705824 2.536017 
2.000000 6.955000 82.851148 57.622973 2.536017 
2.000000 6.945000 82.851148 57.540122 2.536017 
2.000000 6.935000 82.851148 57.457271 2.536017 
2.000000 6.925000 82.851148 57.374420 2.536017 
2.000000 6.915000 82.851148 57.291569 2.536017 
2.000000 6.905000 82.851148 57.208717 2.536017 
2.000000 6.895000 82.851148 57.125866 2.536017 
2.000000 6.885000 82.851148 57.043015 2.536017 
2.000000 6.875000 82.851148 56.960164 2.536017 
2.000000 6.865000 82.851148 56.877313 2.536017 
2.000000 6.855000 82.851148 56.794462 2.536017 
2.000000 6.845000 82.851148 56.711611 2.536017 
2.000000 6.835000 82.851148 56.628759 2.536017 
2.000000 6.825000 82.851148 56.545908 2.536017 
2.000000 6.815000 82.851148 56.463057 2.536017 
2.000000 6.805000 82.851148 56.380206 2.536017 
2.000000 6.795000 82.851148 56.297355 2.536017 
2.000000 6.785000 82.851148 56.214504 2.536017 
2.000000 6.775000 82.851148 56.131653 2.536017 
2.000000 6.765000 82.851148 56.048801 2.536017 
2.000000 6.755000 82.851148 55.965950 2.536017 
2.000000 6.745000 82.851148 55.883099 2.536017 
2.000000 6.735000 82.851148 55.800248 2.536017 
2.000000 6.725000 82.851148 55.717397 2.536017 
2.000000 6.715000 82.851148 55.634546 2.536017 
2.000000 6.705000 82.851148 55.551695 2.536017 
2.000000 6.695000 82.851148 55.468843 2.536017 
2.000000 6.685000 82.851148 55.385992 2.536017 
2.000000 6.675000 82.851148 55.303141 2.536017 
2.000000 6.665000 82.851148 55.220290 2.536017 
2.000000 6.655000 82.851148 55.137439 2.536017 
2.000000 6.645000 82.851148 55.054588 2.536017 
2.000000 6.635000 82.851148 54.971736 2.536017 
2.000000 6.625000 82.851148 54.888885 2.536017 
2.000000 6.615000 82.851148 54.806034 2.536017 
2.000000 6.605000 82.851148 54.723183 2.536017 
2.000000 6.595000 82.851148 54.640332 2.536017 
2.000000 6.585000 82.851148 54.557481 2.536017 
2.000000 6.575000 82.851148 54.474630 2.536017 
2.000000 6.565000 82.851148 54.391778 2.536017 
2.000000 6.555000 82.851148 54.308927 2.536017 
2.000000 6.545000 82.851148 54.226076 2.536017 
2.000000 6.535000 82.851148 54.143225 2.536017 
2.000000 6.525000 82.851148 54.060374 2.536017 
2.000000 6.515000 82.851148 53.977523 2.536017 
2.000000 6.505000 82.851148 53.894672 2.536017 
2.000000 6.495000 82.851148 53.811820 2.536017 
2.000000 6.485000 82.851148 53.728969 2.536017 
2.000000 6.475000 82.851148 53.646118 2.536017 
2.000000 6.465000 82.851148 53.563267 2.536017 
2.000000 6.455000 82.851148 53.480416 2.536017 
2.000000 6.445000 82.851148 53.397565 2.536017 
2.000000 6.435000 82.851148 53.314714 2.536017 
2.000000 6.425000 82.851148 53.231862 2.536017 
2.000000 6.415000 82.851148 53.149011 2.536017 
2.000000 6.405000 82.851148 53.066160 2.536017 
2.000000 6.395000 82.851148 52.983309 2.536017 
2.000000 6.385000 82.851148 52.900458 2.536017 
2.000000 6.375000 82.851148 52.817607 2.536017 
2.000000 6.365000 82.851148 52.734756 2.536017 
2.000000 6.355000 82.851148 52.651904 2.536017 
2.000000 6.345000 82.851148 52.569053 2.536017 
2.000000 6.335000 82.851148 52.486202 2.536017 
2.000000 6.325000 82.851148 52.403351 2.536017 
2.000000 6.315000 82.851148 52.320500 2.536017 
2.000000 6.305000 82.851148 52.237649 2.536017 
2.000000 6.295000 82.851148 52.154797 2.536017 
2.000000 6.285000 82.851148 52.071946 2.536017 
2.000000 6.275000 82.851148 51.989095 2.536017 
2.000000 6.265000 82.851148 51.906244 2.536017 
2.000000 6.255000 82.851148 51.823393 2.536017 
2.000000 6.245000 82.851148 51.740542 2.536017 
2.000000 6.235000 82.851148 51.657691 2.536017 
2.000000 6.225000 82.851148 51.574839 2.536017 
2.000000 6.215000 82.851148 51.491988 2.536017 
2.000000 6.205000 82.851148 51.409137 2.536017 
2.000000 6.195000 82.851148 51.326286 2.536017 
2.000000 6.185000 82.851148 51.243435 2.536017 
2.000000 6.175000 82.851148 51.160584 2.536017 
2.000000 6.165000 82.851148 51.077733 2.536017 
2.000000 6.155000 82.851148 50.994881 2.536017 
2.000000 6.145000 82.851148 50.912030 2.536017 
2.000000 6.135000 82.851148 50.829179 2.536017 
2.000000 6.125000 82.851148 50.746328 2.536017 
2.000000 6.115000 82.851148 50.663477 2.536017 
2.000000 6.105000 82.851148 50.580626 2.536017 
2.000000 6.095000 82.851148 50.497775 2.536017 
2.000000 6.085000 82.851148 50.414923 2.536017 
2.000000 6.075000 82.851148 50.332072 2.536017 
2.000000 6.065000 82.851148 50.249221 2.536017 
2.000000 6.055000 82.851148 50.166370 2.536017 
2.000000 6.045000 82.851148 50.083519 2.536017 
2.000000 6.035000 82.851148 50.000668 2.536017 
2.000000 6.025000 82.851148 49.917816 2.536017 
2.000000 6.015000 82.851148 49.834965 2.536017 
2.000000 6.005000 82.851148 49.752114 2.536017 
2.000000 5.995000 82.851148 49.669263 2.536017 
2.000000 5.985000 82.851148 49.586412 2.536017 
2.000000 5.975000 82.851148 49.503561 2.536017 
2.000000 5.965000 82.851148 49.420710 2.536017 
2.000000 5.955000 82.851148 49.337858 2.536017 
2.000000 5.945000 82.851148 49.255007 2.536017 
2.000000 5.935000 82.851148 49.172156 2.536017 
2.000000 5.925000 82.851148 49.089305 2.536017 
2.000000 5.915000 82.851148 49.006454 2.536017 
2.000000 5.905000 82.851148 48.923603 2.536017 
2.000000 5.895000 82.851148 48.840752 2.536017 
2.000000 5.885000 82.851148 48.757900 2.536017 
2.000000 5.875000 82.851148 48.675049 2.536017 
2.000000 5.865000 82.851148 48.592198 2.536017 
2.000000 5.855000 82.851148 48.509347 2.536017 
2.000000 5.845000 82.851148 48.426496 2.536017 
2.000000 5.835000 82.851148 48.343645 2.536017 
2.000000 5.825000 82.851148 48.260794 2.536017 
2.000000 5.815000 82.851148 48.177942 2.536017 
2.000000 5.805000 82.851148 48.095091 2.536017 
2.000000 5.795000 82.851148 48.012240 2.536017 
2.000000 5.785000 82.851148 47.929389 2.536017 
2.000000 5.775000 82.851148 47.846538 2.536017 
2.000000 5.765000 82.851148 47.763687 2.536017 
2.000000 5.755000 82.851148 47.680835 2.536017 
2.000000 5.745000 82.851148 47.597984 2.536017 
2.000000 5.735000 82.851148 47.515133 2.536017 
2.000000 5.725000 82.851148 47.432282 2.536017 
2.000000 5.715000 82.851148 47.349431 2.536017 
2.000000 5.705000 82.851148 47.266580 2.536017 
2.000000 5.695000 82.851148 47.183729 2.536017 
2.000000 5.685000 82.851148 47.100877 2.536017 
2.000000 5.675000 82.851148 47.018026 2.536017 
2.000000 5.665000 82.851148 46.935175 2.536017 
2.000000 5.655000 82.851148 46.852324 2.536017 
2.000000 5.645000 82.851148 46.769473 2.536017 
2.000000 5.635000 82.851148 46.686622 2.536017 
2.000000 5.625000 82.851148 46.603771 2.536017 
2.000000 5.615000 82.851148 46.520919 2.536017 
2.000000 5.605000 82.851148 46.438068 2.536017 
2.000000 5.595000 82.851148 46.355217 2.536017 
2.000000 5.585000 82.851148 46.272366 2.536017 
2.000000 5.575000 82.851148 46.189515 2.536017 
2.000000 5.565000 82.851148 46.106664 2.536017 
2.000000 5.555000 82.851148 46.023813 2.536017 
2.000000 5.545000 82.851148 45.940961 2.536017 
2.000000 5.535000 82.851148 45.858110 2.536017 
2.000000 5.525000 82.851148 45.775259 2.536017 
2.000000 5.515000 82.851148 45.692408 2.536017 
2.000000 5.505000 82.851148 45.609557 2.536017 
2.000000 5.495000 82.851148 45.526706 2.536017 
2.000000 5.485000 82.851148 45.443855 2.536017 
2.000000 5.475000 82.851148 45.361003 2.536017 
2.000000 5.465000 82.851148 45.278152 2.536017 
2.000000 5.455000 82.851148 45.195301 2.536017 
2.000000 5.445000 82.851148 45.112450 2.536017 
2.000000 5.435000 82.851148 45.029599 2.536017 
2.000000 5.425000 82.851148 44.946748 2.536017 
2.000000 5.415000 82.851148 44.863896 2.536017 
2.000000 5.405000 82.851148 44.781045 2.536017 
2.000000 5.395000 82.851148 44.698194 2.536017 
2.000000 5.385000 82.851148 44.615343 2.536017 
2.000000 5.375000 82.851148 44.532492 2.536017 
2.000000 5.365000 82.851148 44.449641 2.536017 
2.000000 5.355000 82.851148 44.366790 2.536017 
2.000000 5.345000 82.851148 44.283938 2.536017 
2.000000 5.335000 82.851148 44.201087 2.536017 
2.000000 5.325000 82.851148 44.118236 2.536017 
2.000000 5.315000 82.851148 44.035385 2.536017 
2.000000 5.305000 82.851148 43.952534 2.536017 
2.000000 5.295000 82.851148 43.869683 2.536017 
2.000000 5.285000 82.851148 43.786832 2.536017 
2.000000 5.275000 82.851148 43.703980 2.536017 
2.000000 5.265000 82.851148 43.621129 2.536017 
2.000000 5.255000 82.851148 43.538278 2.536017 
2.000000 5.245000 82.851148 43.455427 2.536017 
2.000000 5.235000 82.851148 43.372576 2.536017 
2.000000 5.225000 82.851148 43.289725 2.536017 
2.000000 5.215000 82.851148 43.206874 2.536017 
2.000000 5.205000 82.851148 43.124022 2.536017 
2.000000 5.195000 82.851148 43.041171 2.536017 
2.000000 5.185000 82.851148 42.958320 2.536017 
2.000000 5.175000 82.851148 42.875469 2.536017 
2.000000 5.165000 82.851148 42.792618 2.536017 
2.000000 5.155000 82.851148 42.709767 2.536017 
2.000000 5.145000 82.851148 42.626915 2.536017 
2.000000 5.135000 82.851148 42.544064 2.536017 
2.000000 5.125000 82.851148 42.461213 2.536017 
2.000000 5.115000 82.851148 42.378362 2.536017 
2.000000 5.105000 82.851148 42.295511 2.536017 
2.000000 5.095000 82.851148 42.212660 2.536017 
2.000000 5.085000 82.851148 42.129809 2.536017 
2.000000 5.075000 82.851148 42.046957 2.536017 
2.000000 5.065000 82.851148 41.964106 2.536017 
2.000000 5.055000 82.851148 41.881255 2.536017 
2.000000 5.045000 82.851148 41.798404 2.536017 
2.000000 5.035000 82.851148 41.715553 2.536017 
2.000000 5.025000 82.851148 41.632702 2.536017 
2.000000 5.015000 82.851148 41.549851 2.536017 
2.000000 5.005000 82.851148 41.466999 2.536017 
2.000000 4.995000 82.851148 41.384148 2.536017 
2.000000 4.985000 82.851148 41.301297 2.536017 
2.000000 4.975000 82.851148 41.218446 2.536017 
2.000000 4.965000 82.851148 41.135595 2.536017 
2.000000 4.955000 82.851148 41.052744 2.536017 
2.000000 4.945000 82.851148 40.969893 2.536017 
2.000000 4.935000 82.851148 40.887041 2.536017 
2.000000 4.925000 82.851148 40.804190 2.536017 
2.000000 4.915000 82.851148 40.721339 2.536017 
2.000000 4.905000 82.851148 40.638488 2.536017 
2.000000 4.895000 82.851148 40.555637 2.536017 
2.000000 4.885000 82.851148 40.472786 2.536017 
2.000000 4.875000 82.851148 40.389934 2.536017 
2.000000 4.865000 82.851148 40.307083 2.536017 
2.000000 4.855000 82.851148 40.224232 2.536017 
2.000000 4.845000 82.851148 40.141381 2.536017 
2.000000 4.835000 82.851148 40.058530 2.536017 
2.000000 4.825000 82.851148 39.975679 2.536017 
2.000000 4.815000 82.851148 39.892828 2.536017 
2.000000 4.805000 82.851148 39.809976 2.536017 
2.000000 4.795000 82.851148 39.727125 2.536017 
2.000000 4.785000 82.851148 39.644274 2.536017 
2.000000 4.775000 82.851148 39.561423 2.536017 
2.000000 4.765000 82.851148 39.478572 2.536017 
2.000000 4.755000 82.851148 39.395721 2.536017 
2.000000 4.745000 82.851148 39.312870 2.536017 
2.000000 4.735000 82.851148 39.230018 2.536017 
2.000000 4.725000 82.851148 39.147167 2.536017 
2.000000 4.715000 82.851148 39.064316 2.536017 
2.000000 4.705000 82.851148 38.981465 2.536017 
2.000000 4.695000 82.851148 38.898614 2.536017 
2.000000 4.685000 82.851148 38.815763 2.536017 
2.000000 4.675000 82.851148 38.732912 2.536017 
2.000000 4.665000 82.851148 38.650060 2.536017 
2.000000 4.655000 82.851148 38.567209 2.536017 
2.000000 4.645000 82.851148 38.484358 2.536017 
2.000000 4.635000 82.851148 38.401507 2.536017 
2.000000 4.625000 82.851148 38.318656 2.536017 
2.000000 4.615000 82.851148 38.235805 2.536017 
2.000000 4.605000 82.851148 38.152954 2.536017 
2.000000 4.595000 82.851148 38.070102 2.536017 
2.000000 4.585000 82.851148 37.987251 2.536017 
2.000000 4.575000 82.851148 37.904400 2.536017 
2.000000 4.565000 82.851148 37.821549 2.536017 
2.000000 4.555000 82.851148 37.738698 2.536017 
2.000000 4.545000 82.851148 37.655847 2.536017 
2.000000 4.535000 82.851148 37.572995 2.536017 
2.000000 4.525000 82.851148 37.490144 2.536017 
2.000000 4.515000 82.851148 37.407293 2.536017 
2.000000 4.505000 82.851148 37.324442 2.536017 
2.000000 4.495000 82.851148 37.241591 2.536017 
2.000000 4.485000 82.851148 37.158740 2.536017 
2.000000 4.475000 82.851148 37.075889 2.536017 
2.000000 4.465000 82.851148 36.993037 2.536017 
2.000000 4.455000 82.851148 36.910186 2.536017 
2.000000 4.445000 82.851148 36.827335 2.536017 
2.000000 4.435000 82.851148 36.744484 2.536017 
2.000000 4.425000 82.851148 36.661633 2.536017 
2.000000 4.415000 82.851148 36.578782 2.536017 
2.000000 4.405000 82.851148 36.495931 2.536017 
2.000000 4.395000 82.851148 36.413079 2.536017 
2.000000 4.385000 82.851148 36.330228 2.536017 
2.000000 4.375000 82.851148 36.247377 2.536017 
2.000000 4.365000 82.851148 36.164526 2.536017 
2.000000 4.355000 82.851148 36.081675 2.536017 
2.000000 4.345000 82.851148 35.998824 2.536017 
2.000000 4.335000 82.851148 35.915973 2.536017 
2.000000 4.325000 82.851148 35.833121 2.536017 
2.000000 4.315000 82.851148 35.750270 2.536017 
2.000000 4.305000 82.851148 35.667419 2.536017 
2.000000 4.295000 82.851148 35.584568 2.536017 
2.000000 4.285000 82.851148 35.501717 2.536017 
2.000000 4.275000 82.851148 35.418866 2.536017 
2.000000 4.265000 82.851148 35.336014 2.536017 
2.000000 4.255000 82.851148 35.253163 2.536017 
2.000000 4.245000 82.851148 35.170312 2.536017 
2.000000 4.235000 82.851148 35.087461 2.536017 
2.000000 4.225000 82.851148 35.004610 2.536017 
2.000000 4.215000 82.851148 34.921759 2.536017 
2.000000 4.205000 82.851148 34.838908 2.536017 
2.000000 4.195000 82.851148 34.756056 2.536017 
2.000000 4.185000 82.851148 34.673205 2.536017 
2.000000 4.175000 82.851148 34.590354 2.536017 
2.000000 4.165000 82.851148 34.507503 2.536017 
2.000000 4.155000 82.851148 34.424652 2.536017 
2.000000 4.145000 82.851148 34.341801 2.536017 
2.000000 4.135000 82.851148 34.258950 2.536017 
2.000000 4.125000 82.851148 34.176098 2.536017 
2.000000 4.115000 82.851148 34.093247 2.536017 
2.000000 4.105000 82.851148 34.010396 2.536017 
2.000000 4.095000 82.851148 33.927545 2.536017 
2.000000 4.085000 82.851148 33.844694 2.536017 
2.000000 4.075000 82.851148 33.761843 2.536017 
2.000000 4.065000 82.851148 33.678992 2.536017 
2.000000 4.055000 82.851148 33.596140 2.536017 
2.000000 4.045000 82.851148 33.513289 2.536017 
2.000000 4.035000 82.851148 33.430438 2.536017 
2.000000 4.025000 82.851148 33.347587 2.536017 
2.000000 4.015000 82.851148 33.264736 2.536017 
2.000000 4.005000 82.851148 33.181885 2.536017 
2.000000 3.995000 82.851148 33.099033 2.536017 
2.000000 3.985000 82.851148 33.016182 2.536017 
2.000000 3.975000 82.851148 32.933331 2.536017 
2.000000 3.965000 82.851148 32.850480 2.536017 
2.000000 3.955000 82.851148 32.767629 2.536017 
2.000000 3.945000 82.851148 32.684778 2.536017 
2.000000 3.935000 82.851148 32.601927 2.536017 
2.000000 3.925000 82.851148 32.519075 2.536017 
2.000000 3.915000 82.851148 32.436224 2.536017 
2.000000 3.905000 82.851148 32.353373 2.536017 
2.000000 3.895000 82.851148 32.270522 2.536017 
2.000000 3.885000 82.851148 32.187671 2.536017 
2.000000 3.875000 82.851148 32.104820 2.536017 
2.000000 3.865000 82.851148 32.021969 2.536017 
2.000000 3.855000 82.851148 31.939117 2.536017 
2.000000 3.845000 82.851148 31.856266 2.536017 
2.000000 3.835000 82.851148 31.773415 2.536017 
2.000000 3.825000 82.851148 31.690564 2.536017 
2.000000 3.815000 82.851148 31.607713 2.536017 
2.000000 3.805000 82.851148 31.524862 2.536017 
2.000000 3.795000 82.851148 31.442011 2.536017 
2.000000 3.785000 82.851148 31.359159 2.536017 
2.000000 3.775000 82.851148 31.276308 2.536017 
2.000000 3.765000 82.851148 31.193457 2.536017 
2.000000 3.755000 82.851148 31.110606 2.536017 
2.000000 3.745000 82.851148 31.027755 2.536017 
2.000000 3.735000 82.851148 30.944904 2.536017 
2.000000 3.725000 82.851148 30.862053 2.536017 
2.000000 3.715000 82.851148 30.779201 2.536017 
2.000000 3.705000 82.851148 30.696350 2.536017 
2.000000 3.695000 82.851148 30.613499 2.536017 
2.000000 3.685000 82.851148 30.530648 2.536017 
2.000000 3.675000 82.851148 30.447797 2.536017 
2.000000 3.665000 82.851148 30.364946 2.536017 
2.000000 3.655000 82.851148 30.282094 2.536017 
2.000000 3.645000 82.851148 30.199243 2.536017 
2.000000 3.635000 82.851148 30.116392 2.536017 
2.000000 3.625000 82.851148 30.033541 2.536017 
2.000000 3.615000 82.851148 29.950690 2.536017 
2.000000 3.605000 82.851148 29.867839 2.536017 
2.000000 3.595000 82.851148 29.784988 2.536017 
2.000000 3.585000 82.851148 29.702136 2.536017 
2.000000 3.575000 82.851148 29.619285 2.536017 
2.000000 3.565000 82.851148 29.536434 2.536017 
2.000000 3.555000 82.851148 29.453583 2.536017 
2.000000 3.545000 82.851148 29.370732 2.536017 
2.000000 3.535000 82.851148 29.287881 2.536017 
2.000000 3.525000 82.851148 29.205030 2.536017 
2.000000 3.515000 82.851148 29.122178 2.536017 
2.000000 3.505000 82.851148 29.039327 2.536017 
2.000000 3.495000 82.851148 28.956476 2.536017 
2.000000 3.485000 82.851148 28.873625 2.536017 
2.000000 3.475000 82.851148 28.790774 2.536017 
2.000000 3.465000 82.851148 28.707923 2.536017 
2.000000 3.455000 82.851148 28.625072 2.536017 
2.000000 3.445000 82.851148 28.542220 2.536017 
2.000000 3.435000 82.851148 28.459369 2.536017 
2.000000 3.425000 82.851148 28.376518 2.536017 
2.000000 3.415000 82.851148 28.293667 2.536017 
2.000000 3.405000 82.851148 28.210816 2.536017 
2.000000 3.395000 82.851148 28.127965 2.536017 
2.000000 3.385000 82.851148 28.045113 2.536017 
2.000000 3.375000 82.851148 27.962262 2.536017 
2.000000 3.365000 82.851148 27.879411 2.536017 
2.000000 3.355000 82.851148 27.796560 2.536017 
2.000000 3.345000 82.851148 27.713709 2.536017 
2.000000 3.335000 82.851148 27.630858 2.536017 
2.000000 3.325000 82.851148 27.548007 2.536017 
2.000000 3.315000 82.851148 27.465155 2.536017 
2.000000 3.305000 82.851148 27.382304 2.536017 
2.000000 3.295000 82.851148 27.299453 2.536017 
2.000000 3.285000 82.851148 27.216602 2.536017 
2.000000 3.275000 82.851148 27.133751 2.536017 
2.000000 3.265000 82.851148 27.050900 2.536017 
2.000000 3.255000 82.851148 26.968049 2.536017 
2.000000 3.245000 82.851148 26.885197 2.536017 
2.000000 3.235000 82.851148 26.802346 2.536017 
2.000000 3.225000 82.851148 26.719495 2.536017 
2.000000 3.215000 82.851148 26.636644 2.536017 
2.000000 3.205000 82.851148 26.553793 2.536017 
2.000000 3.195000 82.851148 26.470942 2.536017 
2.000000 3.185000 82.851148 26.388091 2.536017 
2.000000 3.175000 82.851148 26.305239 2.536017 
2.000000 3.165000 82.851148 26.222388 2.536017 
2.000000 3.155000 82.851148 26.139537 2.536017 
2.000000 3.145000 82.851148 26.056686 2.536017 
2.000000 3.135000 82.851148 25.973835 2.536017 
2.000000 3.125000 82.851148 25.890984 2.536017 
2.000000 3.115000 82.851148 25.808133 2.536017 
2.000000 3.105000 82.851148 25.725281 2.536017 
2.000000 3.095000 82.851148 25.642430 2.536017 
2.000000 3.085000 82.851148 25.559579 2.536017 
2.000000 3.075000 82.851148 25.476728 2.536017 
2.000000 3.065000 82.851148 25.393877 2.536017 
2.000000 3.055000 82.851148 25.311026 2.536017 
2.000000 3.045000 82.851148 25.228174 2.536017 
2.000000 3.035000 82.851148 25.145323 2.536017 
2.000000 3.025000 82.851148 25.062472 2.536017 
2.000000 3.015000 82.851148 24.979621 2.536017 
2.000000 3.005000 82.851148 24.896770 2.536017 
2.000000 2.995000 82.851148 24.813919 2.536017 
2.000000 2.985000 82.851148 24.731068 2.536017 
2.000000 2.975000 82.851148 24.648216 2.536017 
2.000000 2.965000 82.851148 24.565365 2.536017 
2.000000 2.955000 82.851148 24.482514 2.536017 
2.000000 2.945000 82.851148 24.399663 2.536017 
2.000000 2.935000 82.851148 24.316812 2.536017 
2.000000 2.925000 82.851148 24.233961 2.536017 
2.000000 2.915000 82.851148 24.151110 2.536017 
2.000000 2.905000 82.851148 24.068258 2.536017 
2.000000 2.895000 82.851148 23.985407 2.536017 
2.000000 2.885000 82.851148 23.902556 2.536017 
2.000000 2.875000 82.851148 23.819705 2.536017 
2.000000 2.865000 82.851148 23.736854 2.536017 
2.000000 2.855000 82.851148 23.654003 2.536017 
2.000000 2.845000 82.851148 23.571152 2.536017 
2.000000 2.835000 82.851148 23.488300 2.536017 
2.000000 2.825000 82.851148 23.405449 2.536017 
2.000000 2.815000 82.851148 23.322598 2.536017 
2.000000 2.805000 82.851148 23.239747 2.536017 
2.000000 2.795000 82.851148 23.156896 2.536017 
2.000000 2.785000 82.851148 23.074045 2.536017 
2.000000 2.775000 82.851148 22.991193 2.536017 
2.000000 2.765000 82.851148 22.908342 2.536017 
2.000000 2.755000 82.851148 22.825491 2.536017 
2.000000 2.745000 82.851148 22.742640 2.536017 
2.000000 2.735000 82.851148 22.659789 2.536017 
2.000000 2.725000 82.851148 22.576938 2.536017 
2.000000 2.715000 82.851148 22.494087 2.536017 
2.000000 2.705000 82.851148 22.411235 2.536017 
2.000000 2.695000 82.851148 22.328384 2.536017 
2.000000 2.685000 82.851148 22.245533 2.536017 
2.000000 2.675000 82.851148 22.162682 2.536017 
2.000000 2.665000 82.851148 22.079831 2.536017 
2.000000 2.655000 82.851148 21.996980 2.536017 
2.000000 2.645000 82.851148 21.914129 2.536017 
2.000000 2.635000 82.851148 21.831277 2.536017 
2.000000 2.625000 82.851148 21.748426 2.536017 
2.000000 2.615000 82.851148 21.665575 2.536017 
2.000000 2.605000 82.851148 21.582724 2.536017 
2.000000 2.595000 82.851148 21.499873 2.536017 
2.000000 2.585000 82.851148 21.417022 2.536017 
2.000000 2.575000 82.851148 21.334171 2.536017 
2.000000 2.565000 82.851148 21.251319 2.536017 
2.000000 2.555000 82.851148 21.168468 2.536017 
2.000000 2.545000 82.851148 21.085617 2.536017 
1.996457 2.535000 82.851148 21.002766 2.533957 
1.982209 2.525000 82.851148 20.919915 2.524056 
1.967841 2.515000 82.851148 20.837064 2.514083 
1.953352 2.505000 82.851148 20.754212 2.504036 
1.938740 2.495000 82.851148 20.671361 2.493914 
1.924004 2.485000 82.851148 20.588510 2.483713 
1.909143 2.475000 82.851148 20.505659 2.473431 
1.894156 2.465000 82.851148 20.422808 2.463066 
1.879042 2.455000 82.851148 20.339957 2.452614 
1.867622 2.445000 82.851148 20.257106 2.444717 
1.852281 2.435000 82.851148 20.174254 2.434108 
1.836810 2.425000 82.851148 20.091403 2.423404 
1.821206 2.415000 82.851148 20.008552 2.412604 
1.809415 2.405000 82.851148 19.925701 2.404438 
1.793577 2.395000 82.851148 19.842850 2.393459 
1.777601 2.385000 82.851148 19.759999 2.382375 
1.765530 2.375000 82.851148 19.677148 2.373990 
1.749312 2.365000 82.851148 19.594296 2.362711 
1.737057 2.355000 82.851148 19.511445 2.354176 
1.720592 2.345000 82.851148 19.428594 2.342691 
1.708150 2.335000 82.851148 19.345743 2.333997 
1.691433 2.325000 82.851148 19.262892 2.322295 
1.678799 2.315000 82.851148 19.180041 2.313433 
1.666083 2.305000 82.851148 19.097190 2.304495 
1.648996 2.295000 82.851148 19.014338 2.292458 
1.636082 2.285000 82.851148 18.931487 2.283337 
1.623083 2.275000 82.851148 18.848636 2.274135 
1.609997 2.265000 82.851148 18.765785 2.264848 
1.592412 2.255000 82.851148 18.682934 2.252331 
1.579121 2.245000 82.851148 18.600083 2.242839 
1.565739 2.235000 82.851148 18.517232 2.233255 
1.552268 2.225000 82.851148 18.434380 2.223576 
1.538705 2.215000 82.851148 18.351529 2.213801 
1.525049 2.205000 82.851148 18.268678 2.203925 
1.511301 2.195000 82.851148 18.185827 2.193948 
1.497457 2.185000 82.851148 18.102976 2.183864 
1.483519 2.175000 82.851148 18.020125 2.173673 
1.469484 2.165000 82.851148 17.937273 2.163369 
1.455352 2.155000 82.851148 17.854422 2.152951 
1.441121 2.145000 82.851148 17.771571 2.142414 
1.426790 2.135000 82.851148 17.688720 2.131756 
1.417180 2.125000 82.851148 17.605869 2.124581 
1.402680 2.115000 82.851148 17.523018 2.113711 
1.388077 2.105000 82.851148 17.440167 2.102709 
1.373370 2.095000 82.851148 17.357315 2.091571 
1.363507 2.085000 82.851148 17.274464 2.084068 
1.348623 2.075000 82.851148 17.191613 2.072694 
1.333632 2.065000 82.851148 17.108762 2.061171 
1.323577 2.055000 82.851148 17.025911 2.053405 
1.308403 2.045000 82.851148 16.943060 2.041625 
1.298225 2.035000 82.851148 16.860209 2.033683 
1.282863 2.025000 82.851148 16.777357 2.021631 
1.272559 2.015000 82.851148 16.694506 2.013502 
1.257007 2.005000 82.851148 16.611655 2.001162 
1.246574 1.995000 82.851148 16.528804 1.992835 
1.236088 1.985000 82.851148 16.445953 1.984427 
1.220261 1.975000 82.851148 16.363102 1.971655 
1.209642 1.965000 82.851148 16.280251 1.963033 
1.198969 1.955000 82.851148 16.197399 1.954321 
1.182857 1.945000 82.851148 16.114548 1.941080 
1.172046 1.935000 82.851148 16.031697 1.932135 
1.161179 1.925000 82.851148 15.948846 1.923092 
1.150255 1.915000 82.851148 15.865995 1.913950 
1.139274 1.905000 82.851148 15.783144 1.904705 
1.122693 1.895000 82.851148 15.700292 1.890640 
1.111566 1.885000 82.851148 15.617441 1.881127 
1.100379 1.875000 82.851148 15.534590 1.871502 
1.089132 1.865000 82.851148 15.451739 1.861761 
1.077824 1.855000 82.851148 15.368888 1.851902 
1.066455 1.845000 82.851148 15.286037 1.841921 
1.055023 1.835000 82.851148 15.203186 1.831815 
1.043528 1.825000 82.851148 15.120334 1.821579 
1.031970 1.815000 82.851148 15.037483 1.811211 
1.020347 1.805000 82.851148 14.954632 1.800707 
1.008658 1.795000 82.851148 14.871781 1.790061 
1.002789 1.785000 82.851148 14.788930 1.784685 
0.991001 1.775000 82.851148 14.706079 1.773820 
0.979146 1.765000 82.851148 14.623228 1.762804 
0.967222 1.755000 82.851148 14.540376 1.751631 
0.955229 1.745000 82.851148 14.457525 1.740297 
0.949207 1.735000 82.851148 14.374674 1.734567 
0.937108 1.725000 82.851148 14.291823 1.722981 
0.924939 1.715000 82.851148 14.208972 1.711219 
0.912697 1.705000 82.851148 14.126121 1.699277 
0.906548 1.695000 82.851148 14.043270 1.693236 
0.894195 1.685000 82.851148 13.960418 1.681010 
0.887991 1.675000 82.851148 13.877567 1.674823 
0.875525 1.665000 82.851148 13.794716 1.662299 
0.862983 1.655000 82.851148 13.711865 1.649567 
0.856683 1.645000 82.851148 13.629014 1.643121 
0.844024 1.635000 82.851148 13.546163 1.630062 
0.837664 1.625000 82.851148 13.463311 1.623449 
0.824885 1.615000 82.851148 13.380460 1.610045 
0.818465 1.605000 82.851148 13.297609 1.603254 
0.805564 1.595000 82.851148 13.214758 1.589486 
0.799082 1.585000 82.851148 13.131907 1.582507 
0.786055 1.575000 82.851148 13.049056 1.568352 
0.779509 1.565000 82.851148 12.966205 1.561173 
0.772942 1.555000 82.851148 12.883353 1.553926 
0.759743 1.545000 82.851148 12.800502 1.539217 
0.753111 1.535000 82.851148 12.717651 1.531753 
0.746456 1.525000 82.851148 12.634800 1.524213 
0.733079 1.515000 82.851148 12.551949 1.508902 
0.726356 1.505000 82.851148 12.469098 1.501127 
0.719611 1.495000 82.851148 12.386247 1.493270 
0.706049 1.485000 82.851148 12.303395 1.477302 
0.699233 1.475000 82.851148 12.220544 1.469187 
0.692393 1.465000 82.851148 12.137693 1.460982 
0.685529 1.455000 82.851148 12.054842 1.452685 
0.678641 1.445000 82.851148 11.971991 1.444294 
0.664791 1.435000 82.851148 11.889140 1.427220 
0.657828 1.425000 82.851148 11.806289 1.418532 
0.650840 1.415000 82.851148 11.723437 1.409740 
0.643827 1.405000 82.851148 11.640586 1.400842 
0.636788 1.395000 82.851148 11.557735 1.391834 
0.629723 1.385000 82.851148 11.474884 1.382714 
0.622631 1.375000 82.851148 11.392033 1.373480 
0.615513 1.365000 82.851148 11.309182 1.364127 
0.608368 1.355000 82.851148 11.226331 1.354652 
0.593997 1.345000 82.851148 11.143479 1.335325 
0.586770 1.335000 82.851148 11.060628 1.325466 
0.579515 1.325000 82.851148 10.977777 1.315471 
0.572232 1.315000 82.851148 10.894926 1.305337 
0.564920 1.305000 82.851148 10.812075 1.295058 
0.557580 1.295000 82.851148 10.729224 1.284632 
0.557580 1.285000 82.851148 10.646372 1.284632 
0.550210 1.275000 82.851148 10.563521 1.274054 
0.542810 1.265000 82.851148 10.480670 1.263318 
0.535381 1.255000 82.851148 10.397819 1.252420 
0.527921 1.245000 82.851148 10.314968 1.241354 
0.520431 1.235000 82.851148 10.232117 1.230116 
0.512910 1.225000 82.851148 10.149266 1.218700 
0.505357 1.215000 82.851148 10.066414 1.207099 
0.497773 1.205000 82.851148 9.983563 1.195308 
0.490156 1.195000 82.851148 9.900712 1.183320 
0.490156 1.185000 82.851148 9.817861 1.183320 
0.482507 1.175000 82.851148 9.735010 1.171128 
0.474825 1.165000 82.851148 9.652159 1.158724 
0.467110 1.155000 82.851148 9.569308 1.146101 
0.459360 1.145000 82.851148 9.486456 1.133251 
0.459360 1.135000 82.851148 9.403605 1.133251 
0.451577 1.125000 82.851148 9.320754 1.120165 
0.443759 1.115000 82.851148 9.237903 1.106835 
0.435905 1.105000 82.851148 9.155052 1.093250 
0.435905 1.095000 82.851148 9.072201 1.093250 
0.428016 1.085000 82.851148 8.989350 1.079401 
0.420091 1.075000 82.851148 8.906498 1.065276 
0.412129 1.065000 82.851148 8.823647 1.050865 
0.412129 1.055000 82.851148 8.740796 1.050865 
0.404130 1.045000 82.851148 8.657945 1.036155 
0.396093 1.035000 82.851148 8.575094 1.021133 
0.396093 1.025000 82.851148 8.492243 1.021133 
0.388018 1.015000 82.851148 8.409391 1.005785 
0.379904 1.005000 82.851148 8.326540 0.990097 
0.379904 0.995000 82.851148 8.243689 0.990097 
0.371750 0.985000 82.851148 8.160838 0.974053 
0.371750 0.975000 82.851148 8.077987 0.974053 
0.363557 0.965000 82.851148 7.995136 0.957636 
0.355322 0.955000 82.851148 7.912285 0.940829 
0.355322 0.945000 82.851148 7.829433 0.940829 
0.347047 0.935000 82.851148 7.746582 0.923610 
0.347047 0.925000 82.851148 7.663731 0.923610 
0.338729 0.915000 82.851148 7.580880 0.905961 
0.330368 0.905000 82.851148 7.498029 0.887858 
0.330368 0.895000 82.851148 7.415178 0.887858 
0.321964 0.885000 82.851148 7.332327 0.869277 
0.321964 0.875000 82.851148 7.249475 0.869277 
0.313516 0.865000 82.851148 7.166624 0.850191 
0.313516 0.855000 82.851148 7.083773 0.850191 
0.305023 0.845000 82.851148 7.000922 0.830574 
0.305023 0.835000 82.851148 6.918071 0.830574 
0.296484 0.825000 82.851148 6.835220 0.810393 
0.296484 0.815000 82.851148 6.752369 0.810393 
0.287899 0.805000 82.851148 6.669517 0.789616 
0.287899 0.795000 82.851148 6.586666 0.789616 
0.279266 0.785000 82.851148 6.503815 0.768205 
0.279266 0.775000 82.851148 6.420964 0.768205 
0.270585 0.765000 82.851148 6.338113 0.746122 
0.270585 0.755000 82.851148 6.255262 0.746122 
0.261855 0.745000 82.851148 6.172411 0.723322 
0.261855 0.735000 82.851148 6.089559 0.723322 
0.261855 0.725000 82.851148 6.006708 0.723322 
0.253074 0.715000 82.851148 5.923857 0.699757 
0.253074 0.705000 82.851148 5.841006 0.699757 
0.244243 0.695000 82.851148 5.758155 0.675376 
0.244243 0.685000 82.851148 5.675304 0.675376 
0.235359 0.675000 82.851148 5.592452 0.650119 
0.235359 0.665000 82.851148 5.509601 0.650119 
0.235359 0.655000 82.851148 5.426750 0.650119 
0.226422 0.645000 82.851148 5.343899 0.623923 
0.226422 0.635000 82.851148 5.261048 0.623923 
0.226422 0.625000 82.851148 5.178197 0.623923 
0.217431 0.615000 82.851148 5.095346 0.596716 
0.217431 0.605000 82.851148 5.012494 0.596716 
0.208384 0.595000 82.851148 4.929643 0.568420 
0.208384 0.585000 82.851148 4.846792 0.568420 
0.208384 0.575000 82.851148 4.763941 0.568420 
0.199281 0.565000 82.851148 4.681090 0.538945 
0.199281 0.555000 82.851148 4.598239 0.538945 
0.199281 0.545000 82.851148 4.515388 0.538945 
0.190119 0.535000 82.851148 4.432536 0.508194 
0.190119 0.525000 82.851148 4.349685 0.508194 
0.190119 0.515000 82.851148 4.266834 0.508194 
0.180899 0.505000 82.851148 4.183983 0.476057 
0.180899 0.495000 82.851148 4.101132 0.476057 
0.180899 0.485000 82.851148 4.018281 0.476057 
0.171618 0.475000 82.851148 3.935430 0.442408 
0.171618 0.465000 82.851148 3.852578 0.442408 
0.171618 0.455000 82.851148 3.769727 0.442408 
0.171618 0.445000 82.851148 3.686876 0.442408 
0.162275 0.435000 82.851148 3.604025 0.407110 
0.162275 0.425000 82.851148 3.521174 0.407110 
0.162275 0.415000 82.851148 3.438323 0.407110 
0.152868 0.405000 82.851148 3.355471 0.370007 
0.152868 0.395000 82.851148 3.272620 0.370007 
0.152868 0.385000 82.851148 3.189769 0.370007 
0.152868 0.375000 82.851148 3.106918 0.370007 
0.143396 0.365000 82.851148 3.024067 0.330922 
0.143396 0.355000 82.851148 2.941216 0.330922 
0.143396 0.345000 82.851148 2.858365 0.330922 
0.143396 0.335000 82.851148 2.775513 0.330922 
0.133858 0.325000 82.851148 2.692662 0.289662 
0.133858 0.315000 82.851148 2.609811 0.289662 
0.133858 0.305000 82.851148 2.526960 0.289662 
0.133858 0.295000 82.851148 2.444109 0.289662 
0.124251 0.285000 82.851148 2.361258 0.246010 
0.124251 0.275000 82.851148 2.278407 0.246010 
0.124251 0.265000 82.851148 2.195555 0.246010 
0.124251 0.255000 82.851148 2.112704 0.246010 
0.114574 0.245000 82.851148 2.029853 0.199729 
0.114574 0.235000 82.851148 1.947002 0.199729 
0.114574 0.225000 82.851148 1.864151 0.199729 
0.114574 0.215000 82.851148 1.781300 0.199729 
0.114574 0.205000 82.851148 1.698449 0.199729 
0.104825 0.195000 82.851148 1.615597 0.150573 
0.104825 0.185000 82.851148 1.532746 0.150573 
0.104825 0.175000 82.851148 1.449895 0.150573 
0.104825 0.165000 82.851148 1.367044 0.150573 
0.104825 0.155000 82.851148 1.284193 0.150573 
0.095002 0.145000 82.851148 1.201342 0.098292 
0.095002 0.135000 82.851148 1.118490 0.098292 
0.095002 0.125000 82.851148 1.035639 0.098292 
0.095002 0.115000 82.851148 0.952788 0.098292 
0.095002 0.105000 82.851148 0.869937 0.098292 
0.085102 0.095000 82.851148 0.787086 0.042673 
0.085102 0.085000 82.851148 0.704235 0.042673 
0.085102 0.075000 82.851148 0.621384 0.042673 
0.085102 0.065000 82.851148 0.538532 0.042673 
0.085102 0.055000 82.851148 0.455681 0.042673 
0.085102 0.045000 82.851148 0.372830 0.042673 
0.075125 0.035000 82.851148 0.289979 -0.016410 
0.075125 0.025000 82.851148 0.207128 -0.016410 
0.075125 0.015000 82.851148 0.124277 -0.016410 
