1.999998 9.985000 0.192280 0.191992 4.214333 
1.999998 9.975000 0.192280 0.191800 4.214333 
1.999998 9.965000 0.192280 0.191607 4.214333 
1.999998 9.955000 0.192280 0.191415 4.214333 
1.999998 9.945000 0.192280 0.191223 4.214333 
1.999998 9.935000 0.192280 0.191031 4.214333 
1.999998 9.925000 0.192280 0.190838 4.214333 
1.999998 9.915000 0.192280 0.190646 4.214333 
1.999998 9.905000 0.192280 0.190454 4.214333 
1.999998 9.895000 0.192280 0.190262 4.214333 
1.999998 9.885000 0.192280 0.190069 4.214333 
1.999998 9.875000 0.192280 0.189877 4.214333 
1.999998 9.865000 0.192280 0.189685 4.214333 
1.999998 9.855000 0.192280 0.189492 4.214333 
1.999998 9.845000 0.192280 0.189300 4.214333 
1.999998 9.835000 0.192280 0.189108 4.214333 
1.999998 9.825000 0.192280 0.188916 4.214333 
1.999998 9.815000 0.192280 0.188723 4.214333 
1.999998 9.805000 0.192280 0.188531 4.214333 
1.999998 9.795000 0.192280 0.188339 4.214333 
1.999998 9.785000 0.192280 0.188146 4.214333 
1.999998 9.775000 0.192280 0.187954 4.214333 
1.999998 9.765000 0.192280 0.187762 4.214333 
1.999998 9.755000 0.192280 0.187570 4.214333 
1.999998 9.745000 0.192280 0.187377 4.214333 
1.999998 9.735000 0.192280 0.187185 4.214333 
1.999998 9.725000 0.192280 0.186993 4.214333 
1.999998 9.715000 0.192280 0.186800 4.214333 
1.999998 9.705000 0.192280 0.186608 4.214333 
1.999998 9.695000 0.192280 0.186416 4.214333 
1.999998 9.685000 0.192280 0.186224 4.214333 
1.999998 9.675000 0.192280 0.186031 4.214333 
1.999998 9.665000 0.192280 0.185839 4.214333 
1.999998 9.655000 0.192280 0.185647 4.214333 
1.999998 9.645000 0.192280 0.185455 4.214333 
1.999998 9.635000 0.192280 0.185262 4.214333 
1.999998 9.625000 0.192280 0.185070 4.214333 
1.999998 9.615000 0.192280 0.184878 4.214333 
1.999998 9.605000 0.192280 0.184685 4.214333 
1.999998 9.595000 0.192280 0.184493 4.214333 
1.999998 9.585000 0.192280 0.184301 4.214333 
1.999998 9.575000 0.192280 0.184109 4.214333 
1.999998 9.565000 0.192280 0.183916 4.214333 
1.999998 9.555000 0.192280 0.183724 4.214333 
1.999998 9.545000 0.192280 0.183532 4.214333 
1.999998 9.535000 0.192280 0.183339 4.214333 
1.999998 9.525000 0.192280 0.183147 4.214333 
1.999998 9.515000 0.192280 0.182955 4.214333 
1.999998 9.505000 0.192280 0.182763 4.214333 
1.999998 9.495000 0.192280 0.182570 4.214333 
1.999998 9.485000 0.192280 0.182378 4.214333 
1.999998 9.475000 0.192280 0.182186 4.214333 
1.999998 9.465000 0.192280 0.181993 4.214333 
1.999998 9.455000 0.192280 0.181801 4.214333 
1.999998 9.445000 0.192280 0.181609 4.214333 
1.999998 9.435000 0.192280 0.181417 4.214333 
1.999998 9.425000 0.192280 0.181224 4.214333 
1.999998 9.415000 0.192280 0.181032 4.214333 
1.999998 9.405000 0.192280 0.180840 4.214333 
1.999998 9.395000 0.192280 0.180648 4.214333 
1.999998 9.385000 0.192280 0.180455 4.214333 
1.999998 9.375000 0.192280 0.180263 4.214333 
1.999998 9.365000 0.192280 0.180071 4.214333 
1.999998 9.355000 0.192280 0.179878 4.214333 
1.999998 9.345000 0.192280 0.179686 4.214333 
1.999998 9.335000 0.192280 0.179494 4.214333 
1.999998 9.325000 0.192280 0.179302 4.214333 
1.999998 9.315000 0.192280 0.179109 4.214333 
1.999998 9.305000 0.192280 0.178917 4.214333 
1.999998 9.295000 0.192280 0.178725 4.214333 
1.999998 9.285000 0.192280 0.178532 4.214333 
1.999998 9.275000 0.192280 0.178340 4.214333 
1.999998 9.265000 0.192280 0.178148 4.214333 
1.999998 9.255000 0.192280 0.177956 4.214333 
1.999998 9.245000 0.192280 0.177763 4.214333 
1.999998 9.235000 0.192280 0.177571 4.214333 
1.999998 9.225000 0.192280 0.177379 4.214333 
1.999998 9.215000 0.192280 0.177186 4.214333 
1.999998 9.205000 0.192280 0.176994 4.214333 
1.999998 9.195000 0.192280 0.176802 4.214333 
1.999998 9.185000 0.192280 0.176610 4.214333 
1.999998 9.175000 0.192280 0.176417 4.214333 
1.999998 9.165000 0.192280 0.176225 4.214333 
1.999998 9.155000 0.192280 0.176033 4.214333 
1.999998 9.145000 0.192280 0.175840 4.214333 
1.999998 9.135000 0.192280 0.175648 4.214333 
1.999998 9.125000 0.192280 0.175456 4.214333 
1.999998 9.115000 0.192280 0.175264 4.214333 
1.999998 9.105000 0.192280 0.175071 4.214333 
1.999998 9.095000 0.192280 0.174879 4.214333 
1.999998 9.085000 0.192280 0.174687 4.214333 
1.999998 9.075000 0.192280 0.174495 4.214333 
1.999998 9.065000 0.192280 0.174302 4.214333 
1.999998 9.055000 0.192280 0.174110 4.214333 
1.999998 9.045000 0.192280 0.173918 4.214333 
1.999998 9.035000 0.192280 0.173725 4.214333 
1.999998 9.025000 0.192280 0.173533 4.214333 
1.999998 9.015000 0.192280 0.173341 4.214333 
1.999998 9.005000 0.192280 0.173149 4.214333 
1.999998 8.995000 0.192280 0.172956 4.214333 
1.999998 8.985000 0.192280 0.172764 4.214333 
1.999998 8.975000 0.192280 0.172572 4.214333 
1.999998 8.965000 0.192280 0.172379 4.214333 
1.999998 8.955000 0.192280 0.172187 4.214333 
1.999998 8.945000 0.192280 0.171995 4.214333 
1.999998 8.935000 0.192280 0.171803 4.214333 
1.999998 8.925000 0.192280 0.171610 4.214333 
1.999998 8.915000 0.192280 0.171418 4.214333 
1.999998 8.905000 0.192280 0.171226 4.214333 
1.999998 8.895000 0.192280 0.171033 4.214333 
1.999998 8.885000 0.192280 0.170841 4.214333 
1.999998 8.875000 0.192280 0.170649 4.214333 
1.999998 8.865000 0.192280 0.170457 4.214333 
1.999998 8.855000 0.192280 0.170264 4.214333 
1.999998 8.845000 0.192280 0.170072 4.214333 
1.999998 8.835000 0.192280 0.169880 4.214333 
1.999998 8.825000 0.192280 0.169688 4.214333 
1.999998 8.815000 0.192280 0.169495 4.214333 
1.999998 8.805000 0.192280 0.169303 4.214333 
1.999998 8.795000 0.192280 0.169111 4.214333 
1.999998 8.785000 0.192280 0.168918 4.214333 
1.999998 8.775000 0.192280 0.168726 4.214333 
1.999998 8.765000 0.192280 0.168534 4.214333 
1.999998 8.755000 0.192280 0.168342 4.214333 
1.999998 8.745000 0.192280 0.168149 4.214333 
1.999998 8.735000 0.192280 0.167957 4.214333 
1.999998 8.725000 0.192280 0.167765 4.214333 
1.999998 8.715000 0.192280 0.167572 4.214333 
1.999998 8.705000 0.192280 0.167380 4.214333 
1.999998 8.695000 0.192280 0.167188 4.214333 
1.999998 8.685000 0.192280 0.166996 4.214333 
1.999998 8.675000 0.192280 0.166803 4.214333 
1.999998 8.665000 0.192280 0.166611 4.214333 
1.999998 8.655000 0.192280 0.166419 4.214333 
1.999998 8.645000 0.192280 0.166226 4.214333 
1.999998 8.635000 0.192280 0.166034 4.214333 
1.999998 8.625000 0.192280 0.165842 4.214333 
1.999998 8.615000 0.192280 0.165650 4.214333 
1.999998 8.605000 0.192280 0.165457 4.214333 
1.999998 8.595000 0.192280 0.165265 4.214333 
1.999998 8.585000 0.192280 0.165073 4.214333 
1.999998 8.575000 0.192280 0.164881 4.214333 
1.999998 8.565000 0.192280 0.164688 4.214333 
1.999998 8.555000 0.192280 0.164496 4.214333 
1.999998 8.545000 0.192280 0.164304 4.214333 
1.999998 8.535000 0.192280 0.164111 4.214333 
1.999998 8.525000 0.192280 0.163919 4.214333 
1.999998 8.515000 0.192280 0.163727 4.214333 
1.999998 8.505000 0.192280 0.163535 4.214333 
1.999998 8.495000 0.192280 0.163342 4.214333 
1.999998 8.485000 0.192280 0.163150 4.214333 
1.999998 8.475000 0.192280 0.162958 4.214333 
1.999998 8.465000 0.192280 0.162765 4.214333 
1.999998 8.455000 0.192280 0.162573 4.214333 
1.999998 8.445000 0.192280 0.162381 4.214333 
1.999998 8.435000 0.192280 0.162189 4.214333 
1.999998 8.425000 0.192280 0.161996 4.214333 
1.999998 8.415000 0.192280 0.161804 4.214333 
1.999998 8.405000 0.192280 0.161612 4.214333 
1.999998 8.395000 0.192280 0.161419 4.214333 
1.999998 8.385000 0.192280 0.161227 4.214333 
1.999998 8.375000 0.192280 0.161035 4.214333 
1.999998 8.365000 0.192280 0.160843 4.214333 
1.999998 8.355000 0.192280 0.160650 4.214333 
1.999998 8.345000 0.192280 0.160458 4.214333 
1.999998 8.335000 0.192280 0.160266 4.214333 
1.999998 8.325000 0.192280 0.160074 4.214333 
1.999998 8.315000 0.192280 0.159881 4.214333 
1.999998 8.305000 0.192280 0.159689 4.214333 
1.999998 8.295000 0.192280 0.159497 4.214333 
1.999998 8.285000 0.192280 0.159304 4.214333 
1.999998 8.275000 0.192280 0.159112 4.214333 
1.999998 8.265000 0.192280 0.158920 4.214333 
1.999998 8.255000 0.192280 0.158728 4.214333 
1.999998 8.245000 0.192280 0.158535 4.214333 
1.999998 8.235000 0.192280 0.158343 4.214333 
1.999998 8.225000 0.192280 0.158151 4.214333 
1.999998 8.215000 0.192280 0.157958 4.214333 
1.999998 8.205000 0.192280 0.157766 4.214333 
1.999998 8.195000 0.192280 0.157574 4.214333 
1.999998 8.185000 0.192280 0.157382 4.214333 
1.999998 8.175000 0.192280 0.157189 4.214333 
1.999998 8.165000 0.192280 0.156997 4.214333 
1.999998 8.155000 0.192280 0.156805 4.214333 
1.999998 8.145000 0.192280 0.156612 4.214333 
1.999998 8.135000 0.192280 0.156420 4.214333 
1.999998 8.125000 0.192280 0.156228 4.214333 
1.999998 8.115000 0.192280 0.156036 4.214333 
1.999998 8.105000 0.192280 0.155843 4.214333 
1.999998 8.095000 0.192280 0.155651 4.214333 
1.999998 8.085000 0.192280 0.155459 4.214333 
1.999998 8.075000 0.192280 0.155266 4.214333 
1.999998 8.065000 0.192280 0.155074 4.214333 
1.999998 8.055000 0.192280 0.154882 4.214333 
1.999998 8.045000 0.192280 0.154690 4.214333 
1.999998 8.035000 0.192280 0.154497 4.214333 
1.999998 8.025000 0.192280 0.154305 4.214333 
1.999998 8.015000 0.192280 0.154113 4.214333 
1.999998 8.005000 0.192280 0.153921 4.214333 
1.999998 7.995000 0.192280 0.153728 4.214333 
1.999998 7.985000 0.192280 0.153536 4.214333 
1.999998 7.975000 0.192280 0.153344 4.214333 
1.999998 7.965000 0.192280 0.153151 4.214333 
1.999998 7.955000 0.192280 0.152959 4.214333 
1.999998 7.945000 0.192280 0.152767 4.214333 
1.999998 7.935000 0.192280 0.152575 4.214333 
1.999998 7.925000 0.192280 0.152382 4.214333 
1.999998 7.915000 0.192280 0.152190 4.214333 
1.999998 7.905000 0.192280 0.151998 4.214333 
1.999998 7.895000 0.192280 0.151805 4.214333 
1.999998 7.885000 0.192280 0.151613 4.214333 
1.999998 7.875000 0.192280 0.151421 4.214333 
1.999998 7.865000 0.192280 0.151229 4.214333 
1.999998 7.855000 0.192280 0.151036 4.214333 
1.999998 7.845000 0.192280 0.150844 4.214333 
1.999998 7.835000 0.192280 0.150652 4.214333 
1.999998 7.825000 0.192280 0.150459 4.214333 
1.999998 7.815000 0.192280 0.150267 4.214333 
1.999998 7.805000 0.192280 0.150075 4.214333 
1.999998 7.795000 0.192280 0.149883 4.214333 
1.999998 7.785000 0.192280 0.149690 4.214333 
1.999998 7.775000 0.192280 0.149498 4.214333 
1.999998 7.765000 0.192280 0.149306 4.214333 
1.999998 7.755000 0.192280 0.149114 4.214333 
1.999998 7.745000 0.192280 0.148921 4.214333 
1.999998 7.735000 0.192280 0.148729 4.214333 
1.999998 7.725000 0.192280 0.148537 4.214333 
1.999998 7.715000 0.192280 0.148344 4.214333 
1.999998 7.705000 0.192280 0.148152 4.214333 
1.999998 7.695000 0.192280 0.147960 4.214333 
1.999998 7.685000 0.192280 0.147768 4.214333 
1.999998 7.675000 0.192280 0.147575 4.214333 
1.999998 7.665000 0.192280 0.147383 4.214333 
1.999998 7.655000 0.192280 0.147191 4.214333 
1.999998 7.645000 0.192280 0.146998 4.214333 
1.999998 7.635000 0.192280 0.146806 4.214333 
1.999998 7.625000 0.192280 0.146614 4.214333 
1.999998 7.615000 0.192280 0.146422 4.214333 
1.999998 7.605000 0.192280 0.146229 4.214333 
1.999998 7.595000 0.192280 0.146037 4.214333 
1.999998 7.585000 0.192280 0.145845 4.214333 
1.999998 7.575000 0.192280 0.145652 4.214333 
1.999998 7.565000 0.192280 0.145460 4.214333 
1.999998 7.555000 0.192280 0.145268 4.214333 
1.999998 7.545000 0.192280 0.145076 4.214333 
1.999998 7.535000 0.192280 0.144883 4.214333 
1.999998 7.525000 0.192280 0.144691 4.214333 
1.999998 7.515000 0.192280 0.144499 4.214333 
1.999998 7.505000 0.192280 0.144307 4.214333 
1.999998 7.495000 0.192280 0.144114 4.214333 
1.999998 7.485000 0.192280 0.143922 4.214333 
1.999998 7.475000 0.192280 0.143730 4.214333 
1.999998 7.465000 0.192280 0.143537 4.214333 
1.999998 7.455000 0.192280 0.143345 4.214333 
1.999998 7.445000 0.192280 0.143153 4.214333 
1.999998 7.435000 0.192280 0.142961 4.214333 
1.999998 7.425000 0.192280 0.142768 4.214333 
1.999998 7.415000 0.192280 0.142576 4.214333 
1.999998 7.405000 0.192280 0.142384 4.214333 
1.999998 7.395000 0.192280 0.142191 4.214333 
1.999998 7.385000 0.192280 0.141999 4.214333 
1.999998 7.375000 0.192280 0.141807 4.214333 
1.999998 7.365000 0.192280 0.141615 4.214333 
1.999998 7.355000 0.192280 0.141422 4.214333 
1.999998 7.345000 0.192280 0.141230 4.214333 
1.999998 7.335000 0.192280 0.141038 4.214333 
1.999998 7.325000 0.192280 0.140845 4.214333 
1.999998 7.315000 0.192280 0.140653 4.214333 
1.999998 7.305000 0.192280 0.140461 4.214333 
1.999998 7.295000 0.192280 0.140269 4.214333 
1.999998 7.285000 0.192280 0.140076 4.214333 
1.999998 7.275000 0.192280 0.139884 4.214333 
1.999998 7.265000 0.192280 0.139692 4.214333 
1.999998 7.255000 0.192280 0.139499 4.214333 
1.999998 7.245000 0.192280 0.139307 4.214333 
1.999998 7.235000 0.192280 0.139115 4.214333 
1.999998 7.225000 0.192280 0.138923 4.214333 
1.999998 7.215000 0.192280 0.138730 4.214333 
1.999998 7.205000 0.192280 0.138538 4.214333 
1.999998 7.195000 0.192280 0.138346 4.214333 
1.999998 7.185000 0.192280 0.138154 4.214333 
1.999998 7.175000 0.192280 0.137961 4.214333 
1.999998 7.165000 0.192280 0.137769 4.214333 
1.999998 7.155000 0.192280 0.137577 4.214333 
1.999998 7.145000 0.192280 0.137384 4.214333 
1.999998 7.135000 0.192280 0.137192 4.214333 
1.999998 7.125000 0.192280 0.137000 4.214333 
1.999998 7.115000 0.192280 0.136808 4.214333 
1.999998 7.105000 0.192280 0.136615 4.214333 
1.999998 7.095000 0.192280 0.136423 4.214333 
1.999998 7.085000 0.192280 0.136231 4.214333 
1.999998 7.075000 0.192280 0.136038 4.214333 
1.999998 7.065000 0.192280 0.135846 4.214333 
1.999998 7.055000 0.192280 0.135654 4.214333 
1.999998 7.045000 0.192280 0.135462 4.214333 
1.999998 7.035000 0.192280 0.135269 4.214333 
1.999998 7.025000 0.192280 0.135077 4.214333 
1.999998 7.015000 0.192280 0.134885 4.214333 
1.999998 7.005000 0.192280 0.134692 4.214333 
1.999998 6.995000 0.192280 0.134500 4.214333 
1.999998 6.985000 0.192280 0.134308 4.214333 
1.999998 6.975000 0.192280 0.134116 4.214333 
1.999998 6.965000 0.192280 0.133923 4.214333 
1.999998 6.955000 0.192280 0.133731 4.214333 
1.999998 6.945000 0.192280 0.133539 4.214333 
1.999998 6.935000 0.192280 0.133347 4.214333 
1.999998 6.925000 0.192280 0.133154 4.214333 
1.999998 6.915000 0.192280 0.132962 4.214333 
1.999998 6.905000 0.192280 0.132770 4.214333 
1.999998 6.895000 0.192280 0.132577 4.214333 
1.999998 6.885000 0.192280 0.132385 4.214333 
1.999998 6.875000 0.192280 0.132193 4.214333 
1.999998 6.865000 0.192280 0.132001 4.214333 
1.999998 6.855000 0.192280 0.131808 4.214333 
1.999998 6.845000 0.192280 0.131616 4.214333 
1.999998 6.835000 0.192280 0.131424 4.214333 
1.999998 6.825000 0.192280 0.131231 4.214333 
1.999998 6.815000 0.192280 0.131039 4.214333 
1.999998 6.805000 0.192280 0.130847 4.214333 
1.999998 6.795000 0.192280 0.130655 4.214333 
1.999998 6.785000 0.192280 0.130462 4.214333 
1.999998 6.775000 0.192280 0.130270 4.214333 
1.999998 6.765000 0.192280 0.130078 4.214333 
1.999998 6.755000 0.192280 0.129885 4.214333 
1.999998 6.745000 0.192280 0.129693 4.214333 
1.999998 6.735000 0.192280 0.129501 4.214333 
1.999998 6.725000 0.192280 0.129309 4.214333 
1.999998 6.715000 0.192280 0.129116 4.214333 
1.999998 6.705000 0.192280 0.128924 4.214333 
1.999998 6.695000 0.192280 0.128732 4.214333 
1.999998 6.685000 0.192280 0.128540 4.214333 
1.999998 6.675000 0.192280 0.128347 4.214333 
1.999998 6.665000 0.192280 0.128155 4.214333 
1.999998 6.655000 0.192280 0.127963 4.214333 
1.999998 6.645000 0.192280 0.127770 4.214333 
1.999998 6.635000 0.192280 0.127578 4.214333 
1.999998 6.625000 0.192280 0.127386 4.214333 
1.999998 6.615000 0.192280 0.127194 4.214333 
1.999998 6.605000 0.192280 0.127001 4.214333 
1.999998 6.595000 0.192280 0.126809 4.214333 
1.999998 6.585000 0.192280 0.126617 4.214333 
1.999998 6.575000 0.192280 0.126424 4.214333 
1.999998 6.565000 0.192280 0.126232 4.214333 
1.999998 6.555000 0.192280 0.126040 4.214333 
1.999998 6.545000 0.192280 0.125848 4.214333 
1.999998 6.535000 0.192280 0.125655 4.214333 
1.999998 6.525000 0.192280 0.125463 4.214333 
1.999998 6.515000 0.192280 0.125271 4.214333 
1.999998 6.505000 0.192280 0.125078 4.214333 
1.999998 6.495000 0.192280 0.124886 4.214333 
1.999998 6.485000 0.192280 0.124694 4.214333 
1.999998 6.475000 0.192280 0.124502 4.214333 
1.999998 6.465000 0.192280 0.124309 4.214333 
1.999998 6.455000 0.192280 0.124117 4.214333 
1.999998 6.445000 0.192280 0.123925 4.214333 
1.999998 6.435000 0.192280 0.123732 4.214333 
1.999998 6.425000 0.192280 0.123540 4.214333 
1.999998 6.415000 0.192280 0.123348 4.214333 
1.999998 6.405000 0.192280 0.123156 4.214333 
1.999998 6.395000 0.192280 0.122963 4.214333 
1.999998 6.385000 0.192280 0.122771 4.214333 
1.999998 6.375000 0.192280 0.122579 4.214333 
1.999998 6.365000 0.192280 0.122387 4.214333 
1.999998 6.355000 0.192280 0.122194 4.214333 
1.999998 6.345000 0.192280 0.122002 4.214333 
1.999998 6.335000 0.192280 0.121810 4.214333 
1.999998 6.325000 0.192280 0.121617 4.214333 
1.999998 6.315000 0.192280 0.121425 4.214333 
1.999998 6.305000 0.192280 0.121233 4.214333 
1.999998 6.295000 0.192280 0.121041 4.214333 
1.999998 6.285000 0.192280 0.120848 4.214333 
1.999998 6.275000 0.192280 0.120656 4.214333 
1.999998 6.265000 0.192280 0.120464 4.214333 
1.999998 6.255000 0.192280 0.120271 4.214333 
1.999998 6.245000 0.192280 0.120079 4.214333 
1.999998 6.235000 0.192280 0.119887 4.214333 
1.999998 6.225000 0.192280 0.119695 4.214333 
1.999998 6.215000 0.192280 0.119502 4.214333 
1.999998 6.205000 0.192280 0.119310 4.214333 
1.999998 6.195000 0.192280 0.119118 4.214333 
1.999998 6.185000 0.192280 0.118925 4.214333 
1.999998 6.175000 0.192280 0.118733 4.214333 
1.999998 6.165000 0.192280 0.118541 4.214333 
1.999998 6.155000 0.192280 0.118349 4.214333 
1.999998 6.145000 0.192280 0.118156 4.214333 
1.999998 6.135000 0.192280 0.117964 4.214333 
1.999998 6.125000 0.192280 0.117772 4.214333 
1.999998 6.115000 0.192280 0.117580 4.214333 
1.999998 6.105000 0.192280 0.117387 4.214333 
1.999998 6.095000 0.192280 0.117195 4.214333 
1.999998 6.085000 0.192280 0.117003 4.214333 
1.999998 6.075000 0.192280 0.116810 4.214333 
1.999998 6.065000 0.192280 0.116618 4.214333 
1.999998 6.055000 0.192280 0.116426 4.214333 
1.999998 6.045000 0.192280 0.116234 4.214333 
1.999998 6.035000 0.192280 0.116041 4.214333 
1.999998 6.025000 0.192280 0.115849 4.214333 
1.999998 6.015000 0.192280 0.115657 4.214333 
1.999998 6.005000 0.192280 0.115464 4.214333 
1.999998 5.995000 0.192280 0.115272 4.214333 
1.999998 5.985000 0.192280 0.115080 4.214333 
1.999998 5.975000 0.192280 0.114888 4.214333 
1.999998 5.965000 0.192280 0.114695 4.214333 
1.999998 5.955000 0.192280 0.114503 4.214333 
1.999998 5.945000 0.192280 0.114311 4.214333 
1.999998 5.935000 0.192280 0.114118 4.214333 
1.999998 5.925000 0.192280 0.113926 4.214333 
1.999998 5.915000 0.192280 0.113734 4.214333 
1.999998 5.905000 0.192280 0.113542 4.214333 
1.999998 5.895000 0.192280 0.113349 4.214333 
1.999998 5.885000 0.192280 0.113157 4.214333 
1.999998 5.875000 0.192280 0.112965 4.214333 
1.999998 5.865000 0.192280 0.112773 4.214333 
1.999998 5.855000 0.192280 0.112580 4.214333 
1.999998 5.845000 0.192280 0.112388 4.214333 
1.999998 5.835000 0.192280 0.112196 4.214333 
1.999998 5.825000 0.192280 0.112003 4.214333 
1.999998 5.815000 0.192280 0.111811 4.214333 
1.999998 5.805000 0.192280 0.111619 4.214333 
1.999998 5.795000 0.192280 0.111427 4.214333 
1.999998 5.785000 0.192280 0.111234 4.214333 
1.999998 5.775000 0.192280 0.111042 4.214333 
1.999998 5.765000 0.192280 0.110850 4.214333 
1.999998 5.755000 0.192280 0.110657 4.214333 
1.999998 5.745000 0.192280 0.110465 4.214333 
1.999998 5.735000 0.192280 0.110273 4.214333 
1.999998 5.725000 0.192280 0.110081 4.214333 
1.999998 5.715000 0.192280 0.109888 4.214333 
1.999998 5.705000 0.192280 0.109696 4.214333 
1.999998 5.695000 0.192280 0.109504 4.214333 
1.999998 5.685000 0.192280 0.109311 4.214333 
1.999998 5.675000 0.192280 0.109119 4.214333 
1.999998 5.665000 0.192280 0.108927 4.214333 
1.999998 5.655000 0.192280 0.108735 4.214333 
1.999998 5.645000 0.192280 0.108542 4.214333 
1.999998 5.635000 0.192280 0.108350 4.214333 
1.999998 5.625000 0.192280 0.108158 4.214333 
1.999998 5.615000 0.192280 0.107965 4.214333 
1.999998 5.605000 0.192280 0.107773 4.214333 
1.999998 5.595000 0.192280 0.107581 4.214333 
1.999998 5.585000 0.192280 0.107389 4.214333 
1.999998 5.575000 0.192280 0.107196 4.214333 
1.999998 5.565000 0.192280 0.107004 4.214333 
1.999998 5.555000 0.192280 0.106812 4.214333 
1.999998 5.545000 0.192280 0.106620 4.214333 
1.999998 5.535000 0.192280 0.106427 4.214333 
1.999998 5.525000 0.192280 0.106235 4.214333 
1.999998 5.515000 0.192280 0.106043 4.214333 
1.999998 5.505000 0.192280 0.105850 4.214333 
1.999998 5.495000 0.192280 0.105658 4.214333 
1.999998 5.485000 0.192280 0.105466 4.214333 
1.999998 5.475000 0.192280 0.105274 4.214333 
1.999998 5.465000 0.192280 0.105081 4.214333 
1.999998 5.455000 0.192280 0.104889 4.214333 
1.999998 5.445000 0.192280 0.104697 4.214333 
1.999998 5.435000 0.192280 0.104504 4.214333 
1.999998 5.425000 0.192280 0.104312 4.214333 
1.999998 5.415000 0.192280 0.104120 4.214333 
1.999998 5.405000 0.192280 0.103928 4.214333 
1.999998 5.395000 0.192280 0.103735 4.214333 
1.999998 5.385000 0.192280 0.103543 4.214333 
1.999998 5.375000 0.192280 0.103351 4.214333 
1.999998 5.365000 0.192280 0.103158 4.214333 
1.999998 5.355000 0.192280 0.102966 4.214333 
1.999998 5.345000 0.192280 0.102774 4.214333 
1.999998 5.335000 0.192280 0.102582 4.214333 
1.999998 5.325000 0.192280 0.102389 4.214333 
1.999998 5.315000 0.192280 0.102197 4.214333 
1.999998 5.305000 0.192280 0.102005 4.214333 
1.999998 5.295000 0.192280 0.101813 4.214333 
1.999998 5.285000 0.192280 0.101620 4.214333 
1.999998 5.275000 0.192280 0.101428 4.214333 
1.999998 5.265000 0.192280 0.101236 4.214333 
1.999998 5.255000 0.192280 0.101043 4.214333 
1.999998 5.245000 0.192280 0.100851 4.214333 
1.999998 5.235000 0.192280 0.100659 4.214333 
1.999998 5.225000 0.192280 0.100467 4.214333 
1.999998 5.215000 0.192280 0.100274 4.214333 
1.999998 5.205000 0.192280 0.100082 4.214333 
1.999998 5.195000 0.192280 0.099890 4.214333 
1.999998 5.185000 0.192280 0.099697 4.214333 
1.999998 5.175000 0.192280 0.099505 4.214333 
1.999998 5.165000 0.192280 0.099313 4.214333 
1.999998 5.155000 0.192280 0.099121 4.214333 
1.999998 5.145000 0.192280 0.098928 4.214333 
1.999998 5.135000 0.192280 0.098736 4.214333 
1.999998 5.125000 0.192280 0.098544 4.214333 
1.999998 5.115000 0.192280 0.098351 4.214333 
1.999998 5.105000 0.192280 0.098159 4.214333 
1.999998 5.095000 0.192280 0.097967 4.214333 
1.999998 5.085000 0.192280 0.097775 4.214333 
1.999998 5.075000 0.192280 0.097582 4.214333 
1.999998 5.065000 0.192280 0.097390 4.214333 
1.999998 5.055000 0.192280 0.097198 4.214333 
1.999998 5.045000 0.192280 0.097006 4.214333 
1.999998 5.035000 0.192280 0.096813 4.214333 
1.999998 5.025000 0.192280 0.096621 4.214333 
1.999998 5.015000 0.192280 0.096429 4.214333 
1.999998 5.005000 0.192280 0.096236 4.214333 
1.999998 4.995000 0.192280 0.096044 4.214333 
1.999998 4.985000 0.192280 0.095852 4.214333 
1.999998 4.975000 0.192280 0.095660 4.214333 
1.999998 4.965000 0.192280 0.095467 4.214333 
1.999998 4.955000 0.192280 0.095275 4.214333 
1.999998 4.945000 0.192280 0.095083 4.214333 
1.999998 4.935000 0.192280 0.094890 4.214333 
1.999998 4.925000 0.192280 0.094698 4.214333 
1.999998 4.915000 0.192280 0.094506 4.214333 
1.999998 4.905000 0.192280 0.094314 4.214333 
1.999998 4.895000 0.192280 0.094121 4.214333 
1.999998 4.885000 0.192280 0.093929 4.214333 
1.999998 4.875000 0.192280 0.093737 4.214333 
1.999998 4.865000 0.192280 0.093544 4.214333 
1.999998 4.855000 0.192280 0.093352 4.214333 
1.999998 4.845000 0.192280 0.093160 4.214333 
1.999998 4.835000 0.192280 0.092968 4.214333 
1.999998 4.825000 0.192280 0.092775 4.214333 
1.999998 4.815000 0.192280 0.092583 4.214333 
1.999998 4.805000 0.192280 0.092391 4.214333 
1.999998 4.795000 0.192280 0.092198 4.214333 
1.999998 4.785000 0.192280 0.092006 4.214333 
1.999998 4.775000 0.192280 0.091814 4.214333 
1.999998 4.765000 0.192280 0.091622 4.214333 
1.999998 4.755000 0.192280 0.091429 4.214333 
1.999998 4.745000 0.192280 0.091237 4.214333 
1.999998 4.735000 0.192280 0.091045 4.214333 
1.999998 4.725000 0.192280 0.090853 4.214333 
1.999998 4.715000 0.192280 0.090660 4.214333 
1.999998 4.705000 0.192280 0.090468 4.214333 
1.999998 4.695000 0.192280 0.090276 4.214333 
1.999998 4.685000 0.192280 0.090083 4.214333 
1.999998 4.675000 0.192280 0.089891 4.214333 
1.999998 4.665000 0.192280 0.089699 4.214333 
1.999998 4.655000 0.192280 0.089507 4.214333 
1.999998 4.645000 0.192280 0.089314 4.214333 
1.999998 4.635000 0.192280 0.089122 4.214333 
1.999998 4.625000 0.192280 0.088930 4.214333 
1.999998 4.615000 0.192280 0.088737 4.214333 
1.999998 4.605000 0.192280 0.088545 4.214333 
1.999998 4.595000 0.192280 0.088353 4.214333 
1.999998 4.585000 0.192280 0.088161 4.214333 
1.999998 4.575000 0.192280 0.087968 4.214333 
1.999998 4.565000 0.192280 0.087776 4.214333 
1.999998 4.555000 0.192280 0.087584 4.214333 
1.999998 4.545000 0.192280 0.087391 4.214333 
1.999998 4.535000 0.192280 0.087199 4.214333 
1.999998 4.525000 0.192280 0.087007 4.214333 
1.999998 4.515000 0.192280 0.086815 4.214333 
1.999998 4.505000 0.192280 0.086622 4.214333 
1.999998 4.495000 0.192280 0.086430 4.214333 
1.999998 4.485000 0.192280 0.086238 4.214333 
1.999998 4.475000 0.192280 0.086046 4.214333 
1.999998 4.465000 0.192280 0.085853 4.214333 
1.999998 4.455000 0.192280 0.085661 4.214333 
1.999998 4.445000 0.192280 0.085469 4.214333 
1.999998 4.435000 0.192280 0.085276 4.214333 
1.999998 4.425000 0.192280 0.085084 4.214333 
1.999998 4.415000 0.192280 0.084892 4.214333 
1.999998 4.405000 0.192280 0.084700 4.214333 
1.999998 4.395000 0.192280 0.084507 4.214333 
1.999998 4.385000 0.192280 0.084315 4.214333 
1.999998 4.375000 0.192280 0.084123 4.214333 
1.999998 4.365000 0.192280 0.083930 4.214333 
1.999998 4.355000 0.192280 0.083738 4.214333 
1.999998 4.345000 0.192280 0.083546 4.214333 
1.999998 4.335000 0.192280 0.083354 4.214333 
1.999998 4.325000 0.192280 0.083161 4.214333 
1.999998 4.315000 0.192280 0.082969 4.214333 
1.999998 4.305000 0.192280 0.082777 4.214333 
1.999998 4.295000 0.192280 0.082584 4.214333 
1.999998 4.285000 0.192280 0.082392 4.214333 
1.999998 4.275000 0.192280 0.082200 4.214333 
1.999998 4.265000 0.192280 0.082008 4.214333 
1.999998 4.255000 0.192280 0.081815 4.214333 
1.999998 4.245000 0.192280 0.081623 4.214333 
1.999998 4.235000 0.192280 0.081431 4.214333 
1.999998 4.225000 0.192280 0.081239 4.214333 
1.999989 4.205000 0.192280 0.080854 3.629009 
1.999989 4.195000 0.192280 0.080662 3.629009 
1.999989 4.185000 0.192280 0.080469 3.629009 
1.999989 4.175000 0.192280 0.080277 3.629009 
1.999989 4.165000 0.192280 0.080085 3.629009 
1.999989 4.155000 0.192280 0.079893 3.629009 
1.999989 4.145000 0.192280 0.079700 3.629009 
1.999989 4.135000 0.192280 0.079508 3.629009 
1.999989 4.125000 0.192280 0.079316 3.629009 
1.999989 4.115000 0.192280 0.079123 3.629009 
1.999989 4.105000 0.192280 0.078931 3.629009 
1.999989 4.095000 0.192280 0.078739 3.629009 
1.999989 4.085000 0.192280 0.078547 3.629009 
1.999989 4.075000 0.192280 0.078354 3.629009 
1.999989 4.065000 0.192280 0.078162 3.629009 
1.999989 4.055000 0.192280 0.077970 3.629009 
1.999989 4.045000 0.192280 0.077777 3.629009 
1.999989 4.035000 0.192280 0.077585 3.629009 
1.999989 4.025000 0.192280 0.077393 3.629009 
1.999989 4.015000 0.192280 0.077201 3.629009 
1.999989 4.005000 0.192280 0.077008 3.629009 
1.999989 3.995000 0.192280 0.076816 3.629009 
1.999989 3.985000 0.192280 0.076624 3.629009 
1.999989 3.975000 0.192280 0.076431 3.629009 
1.999989 3.965000 0.192280 0.076239 3.629009 
1.999989 3.955000 0.192280 0.076047 3.629009 
1.999989 3.945000 0.192280 0.075855 3.629009 
1.999989 3.935000 0.192280 0.075662 3.629009 
1.999989 3.925000 0.192280 0.075470 3.629009 
1.999989 3.915000 0.192280 0.075278 3.629009 
1.999989 3.905000 0.192280 0.075086 3.629009 
1.999989 3.895000 0.192280 0.074893 3.629009 
1.999989 3.885000 0.192280 0.074701 3.629009 
1.999989 3.875000 0.192280 0.074509 3.629009 
1.999989 3.865000 0.192280 0.074316 3.629009 
1.999989 3.855000 0.192280 0.074124 3.629009 
1.999989 3.845000 0.192280 0.073932 3.629009 
1.999989 3.835000 0.192280 0.073740 3.629009 
1.999989 3.825000 0.192280 0.073547 3.629009 
1.999989 3.815000 0.192280 0.073355 3.629009 
1.999989 3.805000 0.192280 0.073163 3.629009 
1.999989 3.795000 0.192280 0.072970 3.629009 
1.999989 3.785000 0.192280 0.072778 3.629009 
1.999989 3.775000 0.192280 0.072586 3.629009 
1.999989 3.765000 0.192280 0.072394 3.629009 
1.999989 3.755000 0.192280 0.072201 3.629009 
1.999989 3.745000 0.192280 0.072009 3.629009 
1.999989 3.735000 0.192280 0.071817 3.629009 
1.999989 3.725000 0.192280 0.071624 3.629009 
1.999989 3.715000 0.192280 0.071432 3.629009 
1.999989 3.705000 0.192280 0.071240 3.629009 
1.999989 3.695000 0.192280 0.071048 3.629009 
1.999989 3.685000 0.192280 0.070855 3.629009 
1.999989 3.675000 0.192280 0.070663 3.629009 
1.999989 3.665000 0.192280 0.070471 3.629009 
1.999989 3.655000 0.192280 0.070279 3.629009 
1.999989 3.645000 0.192280 0.070086 3.629009 
1.999989 3.635000 0.192280 0.069894 3.629009 
1.999973 3.625000 0.192280 0.069702 3.322207 
1.999973 3.615000 0.192280 0.069509 3.322207 
1.999973 3.605000 0.192280 0.069317 3.322207 
1.999973 3.595000 0.192280 0.069125 3.322207 
1.999973 3.585000 0.192280 0.068933 3.322207 
1.999973 3.575000 0.192280 0.068740 3.322207 
1.999973 3.565000 0.192280 0.068548 3.322207 
1.999973 3.555000 0.192280 0.068356 3.322207 
1.999973 3.545000 0.192280 0.068163 3.322207 
1.999973 3.535000 0.192280 0.067971 3.322207 
1.999973 3.525000 0.192280 0.067779 3.322207 
1.999973 3.515000 0.192280 0.067587 3.322207 
1.999973 3.505000 0.192280 0.067394 3.322207 
1.999973 3.495000 0.192280 0.067202 3.322207 
1.999973 3.485000 0.192280 0.067010 3.322207 
1.999973 3.475000 0.192280 0.066817 3.322207 
1.999973 3.465000 0.192280 0.066625 3.322207 
1.999973 3.455000 0.192280 0.066433 3.322207 
1.999973 3.445000 0.192280 0.066241 3.322207 
1.999973 3.435000 0.192280 0.066048 3.322207 
1.999973 3.425000 0.192280 0.065856 3.322207 
1.999973 3.415000 0.192280 0.065664 3.322207 
1.999973 3.405000 0.192280 0.065472 3.322207 
1.999973 3.395000 0.192280 0.065279 3.322207 
1.999973 3.385000 0.192280 0.065087 3.322207 
1.999973 3.375000 0.192280 0.064895 3.322207 
1.999973 3.365000 0.192280 0.064702 3.322207 
1.999973 3.355000 0.192280 0.064510 3.322207 
1.999973 3.345000 0.192280 0.064318 3.322207 
1.999973 3.335000 0.192280 0.064126 3.322207 
1.999973 3.325000 0.192280 0.063933 3.322207 
1.999949 3.315000 0.192280 0.063741 3.112888 
1.999949 3.305000 0.192280 0.063549 3.112888 
1.999949 3.295000 0.192280 0.063356 3.112888 
1.999949 3.285000 0.192280 0.063164 3.112888 
1.999949 3.275000 0.192280 0.062972 3.112888 
1.999949 3.265000 0.192280 0.062780 3.112888 
1.999949 3.255000 0.192280 0.062587 3.112888 
1.999949 3.245000 0.192280 0.062395 3.112888 
1.999949 3.235000 0.192280 0.062203 3.112888 
1.999949 3.225000 0.192280 0.062010 3.112888 
1.999949 3.215000 0.192280 0.061818 3.112888 
1.999949 3.205000 0.192280 0.061626 3.112888 
1.999949 3.195000 0.192280 0.061434 3.112888 
1.999949 3.185000 0.192280 0.061241 3.112888 
1.999949 3.175000 0.192280 0.061049 3.112888 
1.999949 3.165000 0.192280 0.060857 3.112888 
1.999949 3.155000 0.192280 0.060664 3.112888 
1.999949 3.145000 0.192280 0.060472 3.112888 
1.999949 3.135000 0.192280 0.060280 3.112888 
1.999949 3.125000 0.192280 0.060088 3.112888 
1.999949 3.115000 0.192280 0.059895 3.112888 
1.999917 3.105000 0.192280 0.059703 2.953817 
1.999917 3.095000 0.192280 0.059511 2.953817 
1.999917 3.085000 0.192280 0.059319 2.953817 
1.999917 3.075000 0.192280 0.059126 2.953817 
1.999917 3.065000 0.192280 0.058934 2.953817 
1.999917 3.055000 0.192280 0.058742 2.953817 
1.999917 3.045000 0.192280 0.058549 2.953817 
1.999917 3.035000 0.192280 0.058357 2.953817 
1.999917 3.025000 0.192280 0.058165 2.953817 
1.999917 3.015000 0.192280 0.057973 2.953817 
1.999917 3.005000 0.192280 0.057780 2.953817 
1.999917 2.995000 0.192280 0.057588 2.953817 
1.999917 2.985000 0.192280 0.057396 2.953817 
1.999917 2.975000 0.192280 0.057203 2.953817 
1.999917 2.965000 0.192280 0.057011 2.953817 
1.999917 2.955000 0.192280 0.056819 2.953817 
1.999878 2.945000 0.192280 0.056627 2.825476 
1.999878 2.935000 0.192280 0.056434 2.825476 
1.999878 2.925000 0.192280 0.056242 2.825476 
1.999878 2.915000 0.192280 0.056050 2.825476 
1.999878 2.905000 0.192280 0.055857 2.825476 
1.999878 2.895000 0.192280 0.055665 2.825476 
1.999878 2.885000 0.192280 0.055473 2.825476 
1.999878 2.875000 0.192280 0.055281 2.825476 
1.999878 2.865000 0.192280 0.055088 2.825476 
1.999878 2.855000 0.192280 0.054896 2.825476 
1.999878 2.845000 0.192280 0.054704 2.825476 
1.999878 2.835000 0.192280 0.054512 2.825476 
1.999832 2.825000 0.192280 0.054319 2.717890 
1.999832 2.815000 0.192280 0.054127 2.717890 
1.999832 2.805000 0.192280 0.053935 2.717890 
1.999832 2.795000 0.192280 0.053742 2.717890 
1.999832 2.785000 0.192280 0.053550 2.717890 
1.999832 2.775000 0.192280 0.053358 2.717890 
1.999832 2.765000 0.192280 0.053166 2.717890 
1.999832 2.755000 0.192280 0.052973 2.717890 
1.999832 2.745000 0.192280 0.052781 2.717890 
1.999832 2.735000 0.192280 0.052589 2.717890 
1.999832 2.725000 0.192280 0.052396 2.717890 
1.999778 2.715000 0.192280 0.052204 2.625269 
1.999778 2.705000 0.192280 0.052012 2.625269 
1.999778 2.695000 0.192280 0.051820 2.625269 
1.999778 2.685000 0.192280 0.051627 2.625269 
1.999778 2.675000 0.192280 0.051435 2.625269 
1.999778 2.665000 0.192280 0.051243 2.625269 
1.999778 2.655000 0.192280 0.051050 2.625269 
1.999778 2.645000 0.192280 0.050858 2.625269 
1.999778 2.635000 0.192280 0.050666 2.625269 
1.999717 2.625000 0.192280 0.050474 2.543952 
1.999717 2.615000 0.192280 0.050281 2.543952 
1.999717 2.605000 0.192280 0.050089 2.543952 
1.999717 2.595000 0.192280 0.049897 2.543952 
1.999717 2.585000 0.192280 0.049705 2.543952 
1.999717 2.575000 0.192280 0.049512 2.543952 
1.999717 2.565000 0.192280 0.049320 2.543952 
1.999717 2.555000 0.192280 0.049128 2.543952 
1.999717 2.545000 0.192280 0.048935 2.543952 
1.999648 2.535000 0.192280 0.048743 2.471475 
1.999648 2.525000 0.192280 0.048551 2.471475 
1.999648 2.515000 0.192280 0.048359 2.471475 
1.999648 2.505000 0.192280 0.048166 2.471475 
1.999648 2.495000 0.192280 0.047974 2.471475 
1.999648 2.485000 0.192280 0.047782 2.471475 
1.999648 2.475000 0.192280 0.047589 2.471475 
1.999571 2.465000 0.192280 0.047397 2.406101 
1.999571 2.455000 0.192280 0.047205 2.406101 
1.999571 2.445000 0.192280 0.047013 2.406101 
1.999571 2.435000 0.192280 0.046820 2.406101 
1.999571 2.425000 0.192280 0.046628 2.406101 
1.999571 2.415000 0.192280 0.046436 2.406101 
1.999488 2.405000 0.192280 0.046243 2.346561 
1.999488 2.395000 0.192280 0.046051 2.346561 
1.999488 2.385000 0.192280 0.045859 2.346561 
1.999488 2.375000 0.192280 0.045667 2.346561 
1.999488 2.365000 0.192280 0.045474 2.346561 
1.999488 2.355000 0.192280 0.045282 2.346561 
1.999396 2.345000 0.192280 0.045090 2.291895 
1.999396 2.335000 0.192280 0.044897 2.291895 
1.999396 2.325000 0.192280 0.044705 2.291895 
1.999396 2.315000 0.192280 0.044513 2.291895 
1.999396 2.305000 0.192280 0.044321 2.291895 
1.999396 2.295000 0.192280 0.044128 2.291895 
1.999297 2.285000 0.192280 0.043936 2.241366 
1.999297 2.275000 0.192280 0.043744 2.241366 
1.999297 2.265000 0.192280 0.043552 2.241366 
1.999297 2.255000 0.192280 0.043359 2.241366 
1.999297 2.245000 0.192280 0.043167 2.241366 
1.999191 2.235000 0.192280 0.042975 2.194388 
1.999191 2.225000 0.192280 0.042782 2.194388 
1.999191 2.215000 0.192280 0.042590 2.194388 
1.999191 2.205000 0.192280 0.042398 2.194388 
1.999191 2.195000 0.192280 0.042206 2.194388 
1.999077 2.185000 0.192280 0.042013 2.150495 
1.999077 2.175000 0.192280 0.041821 2.150495 
1.999077 2.165000 0.192280 0.041629 2.150495 
1.999077 2.155000 0.192280 0.041436 2.150495 
1.998956 2.145000 0.192280 0.041244 2.109305 
1.998956 2.135000 0.192280 0.041052 2.109305 
1.998956 2.125000 0.192280 0.040860 2.109305 
1.998956 2.115000 0.192280 0.040667 2.109305 
1.998828 2.105000 0.192280 0.040475 2.070503 
1.998828 2.095000 0.192280 0.040283 2.070503 
1.998828 2.085000 0.192280 0.040090 2.070503 
1.998828 2.075000 0.192280 0.039898 2.070503 
1.998691 2.065000 0.192280 0.039706 2.033826 
1.998691 2.055000 0.192280 0.039514 2.033826 
1.998691 2.045000 0.192280 0.039321 2.033826 
1.998691 2.035000 0.192280 0.039129 2.033826 
1.998548 2.025000 0.192280 0.038937 1.999053 
1.998548 2.015000 0.192280 0.038745 1.999053 
1.998548 2.005000 0.192280 0.038552 1.999053 
1.998397 1.995000 0.192280 0.038360 1.965995 
1.998397 1.985000 0.192280 0.038168 1.965995 
1.998397 1.975000 0.192280 0.037975 1.965995 
1.998238 1.965000 0.192280 0.037783 1.934490 
1.998238 1.955000 0.192280 0.037591 1.934490 
1.998238 1.945000 0.192280 0.037399 1.934490 
1.998238 1.935000 0.192280 0.037206 1.934490 
1.998072 1.925000 0.192280 0.037014 1.904397 
1.998072 1.915000 0.192280 0.036822 1.904397 
1.998072 1.905000 0.192280 0.036629 1.904397 
1.997898 1.895000 0.192280 0.036437 1.875594 
1.997898 1.885000 0.192280 0.036245 1.875594 
1.997717 1.875000 0.192280 0.036053 1.847975 
1.997717 1.865000 0.192280 0.035860 1.847975 
1.997717 1.855000 0.192280 0.035668 1.847975 
1.997529 1.845000 0.192280 0.035476 1.821445 
1.997529 1.835000 0.192280 0.035283 1.821445 
1.997529 1.825000 0.192280 0.035091 1.821445 
1.997332 1.815000 0.192280 0.034899 1.795921 
1.997332 1.805000 0.192280 0.034707 1.795921 
1.997129 1.795000 0.192280 0.034514 1.771329 
1.997129 1.785000 0.192280 0.034322 1.771329 
1.997129 1.775000 0.192280 0.034130 1.771329 
1.996918 1.765000 0.192280 0.033938 1.747603 
1.996918 1.755000 0.192280 0.033745 1.747603 
1.996699 1.745000 0.192280 0.033553 1.724682 
1.996699 1.735000 0.192280 0.033361 1.724682 
1.996699 1.725000 0.192280 0.033168 1.724682 
1.996473 1.715000 0.192280 0.032976 1.702514 
1.996473 1.705000 0.192280 0.032784 1.702514 
1.996240 1.695000 0.192280 0.032592 1.681049 
1.996240 1.685000 0.192280 0.032399 1.681049 
1.995999 1.675000 0.192280 0.032207 1.660244 
1.995999 1.665000 0.192280 0.032015 1.660244 
1.995750 1.655000 0.192280 0.031822 1.640060 
1.995750 1.645000 0.192280 0.031630 1.640060 
1.995494 1.635000 0.192280 0.031438 1.620459 
1.995494 1.625000 0.192280 0.031246 1.620459 
1.995231 1.615000 0.192280 0.031053 1.601408 
1.995231 1.605000 0.192280 0.030861 1.601408 
1.994960 1.595000 0.192280 0.030669 1.582877 
1.994960 1.585000 0.192280 0.030476 1.582877 
1.994681 1.575000 0.192280 0.030284 1.564837 
1.994681 1.565000 0.192280 0.030092 1.564837 
1.994395 1.555000 0.192280 0.029900 1.547264 
1.994102 1.545000 0.192280 0.029707 1.530131 
1.994102 1.535000 0.192280 0.029515 1.530131 
1.993801 1.525000 0.192280 0.029323 1.513419 
1.993801 1.515000 0.192280 0.029130 1.513419 
1.993492 1.505000 0.192280 0.028938 1.497105 
1.993176 1.495000 0.192280 0.028746 1.481171 
1.993176 1.485000 0.192280 0.028554 1.481171 
1.992853 1.475000 0.192280 0.028361 1.465600 
1.992522 1.465000 0.192280 0.028169 1.450374 
1.992522 1.455000 0.192280 0.027977 1.450374 
1.992183 1.445000 0.192280 0.027785 1.435478 
1.991837 1.435000 0.192280 0.027592 1.420898 
1.991837 1.425000 0.192280 0.027400 1.420898 
1.991483 1.415000 0.192280 0.027208 1.406621 
1.991122 1.405000 0.192280 0.027015 1.392633 
1.991122 1.395000 0.192280 0.026823 1.392633 
1.990754 1.385000 0.192280 0.026631 1.378923 
1.990377 1.375000 0.192280 0.026439 1.365479 
1.989994 1.365000 0.192280 0.026246 1.352291 
1.989994 1.355000 0.192280 0.026054 1.352291 
1.989603 1.345000 0.192280 0.025862 1.339349 
1.989204 1.335000 0.192280 0.025669 1.326644 
1.988798 1.325000 0.192280 0.025477 1.314167 
1.988798 1.315000 0.192280 0.025285 1.314167 
1.988384 1.305000 0.192280 0.025093 1.301909 
1.987963 1.295000 0.192280 0.024900 1.289862 
1.987534 1.285000 0.192280 0.024708 1.278019 
1.987097 1.275000 0.192280 0.024516 1.266373 
1.986654 1.265000 0.192280 0.024323 1.254918 
1.986654 1.255000 0.192280 0.024131 1.254918 
1.986202 1.245000 0.192280 0.023939 1.243646 
1.985743 1.235000 0.192280 0.023747 1.232551 
1.985277 1.225000 0.192280 0.023554 1.221628 
1.984803 1.215000 0.192280 0.023362 1.210871 
1.984321 1.205000 0.192280 0.023170 1.200276 
1.983832 1.195000 0.192280 0.022978 1.189835 
1.983335 1.185000 0.192280 0.022785 1.179546 
1.982831 1.175000 0.192280 0.022593 1.169404 
1.982319 1.165000 0.192280 0.022401 1.159403 
1.981799 1.155000 0.192280 0.022208 1.149541 
1.981273 1.145000 0.192280 0.022016 1.139812 
1.980738 1.135000 0.192280 0.021824 1.130213 
1.980196 1.125000 0.192280 0.021632 1.120740 
1.979646 1.115000 0.192280 0.021439 1.111390 
1.979089 1.105000 0.192280 0.021247 1.102159 
1.978524 1.095000 0.192280 0.021055 1.093044 
1.977952 1.085000 0.192280 0.020862 1.084042 
1.976784 1.075000 0.192280 0.020670 1.066365 
1.976189 1.065000 0.192280 0.020478 1.057684 
1.975586 1.055000 0.192280 0.020286 1.049105 
1.974976 1.045000 0.192280 0.020093 1.040624 
1.974358 1.035000 0.192280 0.019901 1.032240 
1.973733 1.025000 0.192280 0.019709 1.023950 
1.972459 1.015000 0.192280 0.019516 1.007642 
1.971810 1.005000 0.192280 0.019324 0.999621 
1.971154 0.995000 0.192280 0.019132 0.991684 
1.970491 0.985000 0.192280 0.018940 0.983831 
1.969141 0.975000 0.192280 0.018747 0.968366 
1.968454 0.965000 0.192280 0.018555 0.960751 
1.967760 0.955000 0.192280 0.018363 0.953211 
1.966349 0.945000 0.192280 0.018171 0.938353 
1.965632 0.935000 0.192280 0.017978 0.931031 
1.964908 0.925000 0.192280 0.017786 0.923778 
1.963436 0.915000 0.192280 0.017594 0.909474 
1.962688 0.905000 0.192280 0.017401 0.902420 
1.961170 0.895000 0.192280 0.017209 0.888501 
1.960400 0.885000 0.192280 0.017017 0.881634 
1.959621 0.875000 0.192280 0.016825 0.874826 
1.958042 0.865000 0.192280 0.016632 0.861385 
1.957241 0.855000 0.192280 0.016440 0.854749 
1.955615 0.845000 0.192280 0.016248 0.841641 
1.953959 0.835000 0.192280 0.016055 0.828744 
1.953120 0.825000 0.192280 0.015863 0.822372 
1.951417 0.815000 0.192280 0.015671 0.809778 
1.950554 0.805000 0.192280 0.015479 0.803553 
1.948806 0.795000 0.192280 0.015286 0.791243 
1.947026 0.785000 0.192280 0.015094 0.779114 
1.946125 0.775000 0.192280 0.014902 0.773116 
1.944299 0.765000 0.192280 0.014709 0.761247 
1.942442 0.755000 0.192280 0.014517 0.749543 
1.941502 0.745000 0.192280 0.014325 0.743752 
1.939598 0.735000 0.192280 0.014133 0.732285 
1.937663 0.725000 0.192280 0.013940 0.720970 
1.935698 0.715000 0.192280 0.013748 0.709801 
1.934703 0.705000 0.192280 0.013556 0.704270 
1.932691 0.695000 0.192280 0.013363 0.693311 
1.930647 0.685000 0.192280 0.013171 0.682486 
1.928572 0.675000 0.192280 0.012979 0.671791 
1.926466 0.665000 0.192280 0.012787 0.661222 
1.924328 0.655000 0.192280 0.012594 0.650773 
1.922159 0.645000 0.192280 0.012402 0.640443 
1.919959 0.635000 0.192280 0.012210 0.630226 
1.917727 0.625000 0.192280 0.012018 0.620119 
1.915463 0.615000 0.192280 0.011825 0.610120 
1.913168 0.605000 0.192280 0.011633 0.600223 
1.910842 0.595000 0.192280 0.011441 0.590427 
1.908483 0.585000 0.192280 0.011248 0.580728 
1.906093 0.575000 0.192280 0.011056 0.571124 
1.903672 0.565000 0.192280 0.010864 0.561610 
1.901218 0.555000 0.192280 0.010672 0.552186 
1.898733 0.545000 0.192280 0.010479 0.542847 
1.896215 0.535000 0.192280 0.010287 0.533592 
1.893666 0.525000 0.192280 0.010095 0.524418 
1.889782 0.515000 0.192280 0.009902 0.510804 
1.887152 0.505000 0.192280 0.009710 0.501822 
1.884491 0.495000 0.192280 0.009518 0.492913 
1.881797 0.485000 0.192280 0.009326 0.484075 
1.877695 0.475000 0.192280 0.009133 0.470946 
1.874921 0.465000 0.192280 0.008941 0.462277 
1.872114 0.455000 0.192280 0.008749 0.453671 
1.867842 0.445000 0.192280 0.008556 0.440878 
1.864954 0.435000 0.192280 0.008364 0.432424 
1.862033 0.425000 0.192280 0.008172 0.424028 
1.857590 0.415000 0.192280 0.007980 0.411539 
1.854587 0.405000 0.192280 0.007787 0.403280 
1.850021 0.395000 0.192280 0.007595 0.390988 
1.846936 0.385000 0.192280 0.007403 0.382857 
1.843817 0.375000 0.192280 0.007211 0.374774 
1.839078 0.365000 0.192280 0.007018 0.362737 
1.835877 0.355000 0.192280 0.006826 0.354769 
1.831013 0.345000 0.192280 0.006634 0.342898 
1.826073 0.335000 0.192280 0.006441 0.331122 
1.822739 0.325000 0.192280 0.006249 0.323320 
1.817674 0.315000 0.192280 0.006057 0.311691 
1.814255 0.305000 0.192280 0.005865 0.303984 
1.809063 0.295000 0.192280 0.005672 0.292491 
1.805560 0.285000 0.192280 0.005480 0.284872 
1.800241 0.275000 0.192280 0.005288 0.273505 
1.794846 0.265000 0.192280 0.005095 0.262208 
1.791206 0.255000 0.192280 0.004903 0.254715 
1.785682 0.245000 0.192280 0.004711 0.243529 
1.780080 0.235000 0.192280 0.004519 0.232405 
1.774401 0.225000 0.192280 0.004326 0.221340 
1.770571 0.215000 0.192280 0.004134 0.213994 
1.764762 0.205000 0.192280 0.003942 0.203020 
1.758874 0.195000 0.192280 0.003749 0.192096 
1.754904 0.185000 0.192280 0.003557 0.184841 
1.748884 0.175000 0.192280 0.003365 0.173995 
1.742785 0.165000 0.192280 0.003173 0.163193 
1.736605 0.155000 0.192280 0.002980 0.152432 
1.730346 0.145000 0.192280 0.002788 0.141708 
1.726128 0.135000 0.192280 0.002596 0.134578 
1.719734 0.125000 0.192280 0.002404 0.123911 
1.713259 0.115000 0.192280 0.002211 0.113275 
1.706702 0.105000 0.192280 0.002019 0.102668 
1.700064 0.095000 0.192280 0.001827 0.092087 
1.693343 0.085000 0.192280 0.001634 0.081529 
1.688817 0.075000 0.192280 0.001442 0.074503 
1.681958 0.065000 0.192280 0.001250 0.063979 
1.675015 0.055000 0.192280 0.001058 0.053473 
1.667989 0.045000 0.192280 0.000865 0.042982 
1.660879 0.035000 0.192280 0.000673 0.032503 
1.653684 0.025000 0.192280 0.000481 0.022035 
1.646404 0.015000 0.192280 0.000288 0.011576 
