1.999998 9.985000 35.699477 35.645928 4.924385 
1.999998 9.975000 35.699477 35.610229 4.924385 
1.999998 9.965000 35.699477 35.574529 4.924385 
1.999998 9.955000 35.699477 35.538830 4.924385 
1.999998 9.945000 35.699477 35.503130 4.924385 
1.999998 9.935000 35.699477 35.467431 4.924385 
1.999998 9.925000 35.699477 35.431731 4.924385 
1.999998 9.915000 35.699477 35.396032 4.924385 
1.999998 9.905000 35.699477 35.360332 4.924385 
1.999998 9.895000 35.699477 35.324633 4.924385 
1.999998 9.885000 35.699477 35.288933 4.924385 
1.999998 9.875000 35.699477 35.253234 4.924385 
1.999998 9.865000 35.699477 35.217534 4.924385 
1.999998 9.855000 35.699477 35.181835 4.924385 
1.999998 9.845000 35.699477 35.146135 4.924385 
1.999998 9.835000 35.699477 35.110436 4.924385 
1.999998 9.825000 35.699477 35.074736 4.924385 
1.999998 9.815000 35.699477 35.039037 4.924385 
1.999998 9.805000 35.699477 35.003338 4.924385 
1.999998 9.795000 35.699477 34.967638 4.924385 
1.999998 9.785000 35.699477 34.931939 4.924385 
1.999998 9.775000 35.699477 34.896239 4.924385 
1.999998 9.765000 35.699477 34.860540 4.924385 
1.999998 9.755000 35.699477 34.824840 4.924385 
1.999998 9.745000 35.699477 34.789141 4.924385 
1.999998 9.735000 35.699477 34.753441 4.924385 
1.999998 9.725000 35.699477 34.717742 4.924385 
1.999998 9.715000 35.699477 34.682042 4.924385 
1.999998 9.705000 35.699477 34.646343 4.924385 
1.999998 9.695000 35.699477 34.610643 4.924385 
1.999998 9.685000 35.699477 34.574944 4.924385 
1.999998 9.675000 35.699477 34.539244 4.924385 
1.999998 9.665000 35.699477 34.503545 4.924385 
1.999998 9.655000 35.699477 34.467845 4.924385 
1.999998 9.645000 35.699477 34.432146 4.924385 
1.999998 9.635000 35.699477 34.396446 4.924385 
1.999998 9.625000 35.699477 34.360747 4.924385 
1.999998 9.615000 35.699477 34.325047 4.924385 
1.999998 9.605000 35.699477 34.289348 4.924385 
1.999998 9.595000 35.699477 34.253649 4.924385 
1.999998 9.585000 35.699477 34.217949 4.924385 
1.999998 9.575000 35.699477 34.182250 4.924385 
1.999998 9.565000 35.699477 34.146550 4.924385 
1.999998 9.555000 35.699477 34.110851 4.924385 
1.999998 9.545000 35.699477 34.075151 4.924385 
1.999998 9.535000 35.699477 34.039452 4.924385 
1.999998 9.525000 35.699477 34.003752 4.924385 
1.999998 9.515000 35.699477 33.968053 4.924385 
1.999998 9.505000 35.699477 33.932353 4.924385 
1.999998 9.495000 35.699477 33.896654 4.924385 
1.999998 9.485000 35.699477 33.860954 4.924385 
1.999998 9.475000 35.699477 33.825255 4.924385 
1.999998 9.465000 35.699477 33.789555 4.924385 
1.999998 9.455000 35.699477 33.753856 4.924385 
1.999998 9.445000 35.699477 33.718156 4.924385 
1.999998 9.435000 35.699477 33.682457 4.924385 
1.999998 9.425000 35.699477 33.646757 4.924385 
1.999998 9.415000 35.699477 33.611058 4.924385 
1.999998 9.405000 35.699477 33.575358 4.924385 
1.999998 9.395000 35.699477 33.539659 4.924385 
1.999998 9.385000 35.699477 33.503959 4.924385 
1.999998 9.375000 35.699477 33.468260 4.924385 
1.999998 9.365000 35.699477 33.432561 4.924385 
1.999998 9.355000 35.699477 33.396861 4.924385 
1.999998 9.345000 35.699477 33.361162 4.924385 
1.999998 9.335000 35.699477 33.325462 4.924385 
1.999998 9.325000 35.699477 33.289763 4.924385 
1.999998 9.315000 35.699477 33.254063 4.924385 
1.999998 9.305000 35.699477 33.218364 4.924385 
1.999998 9.295000 35.699477 33.182664 4.924385 
1.999998 9.285000 35.699477 33.146965 4.924385 
1.999998 9.275000 35.699477 33.111265 4.924385 
1.999998 9.265000 35.699477 33.075566 4.924385 
1.999998 9.255000 35.699477 33.039866 4.924385 
1.999998 9.245000 35.699477 33.004167 4.924385 
1.999998 9.235000 35.699477 32.968467 4.924385 
1.999998 9.225000 35.699477 32.932768 4.924385 
1.999998 9.215000 35.699477 32.897068 4.924385 
1.999998 9.205000 35.699477 32.861369 4.924385 
1.999998 9.195000 35.699477 32.825669 4.924385 
1.999998 9.185000 35.699477 32.789970 4.924385 
1.999998 9.175000 35.699477 32.754270 4.924385 
1.999998 9.165000 35.699477 32.718571 4.924385 
1.999998 9.155000 35.699477 32.682872 4.924385 
1.999998 9.145000 35.699477 32.647172 4.924385 
1.999998 9.135000 35.699477 32.611473 4.924385 
1.999998 9.125000 35.699477 32.575773 4.924385 
1.999998 9.115000 35.699477 32.540074 4.924385 
1.999998 9.105000 35.699477 32.504374 4.924385 
1.999998 9.095000 35.699477 32.468675 4.924385 
1.999998 9.085000 35.699477 32.432975 4.924385 
1.999998 9.075000 35.699477 32.397276 4.924385 
1.999998 9.065000 35.699477 32.361576 4.924385 
1.999998 9.055000 35.699477 32.325877 4.924385 
1.999998 9.045000 35.699477 32.290177 4.924385 
1.999998 9.035000 35.699477 32.254478 4.924385 
1.999998 9.025000 35.699477 32.218778 4.924385 
1.999998 9.015000 35.699477 32.183079 4.924385 
1.999998 9.005000 35.699477 32.147379 4.924385 
1.999998 8.995000 35.699477 32.111680 4.924385 
1.999998 8.985000 35.699477 32.075980 4.924385 
1.999998 8.975000 35.699477 32.040281 4.924385 
1.999998 8.965000 35.699477 32.004581 4.924385 
1.999998 8.955000 35.699477 31.968882 4.924385 
1.999998 8.945000 35.699477 31.933182 4.924385 
1.999998 8.935000 35.699477 31.897483 4.924385 
1.999998 8.925000 35.699477 31.861784 4.924385 
1.999998 8.915000 35.699477 31.826084 4.924385 
1.999998 8.905000 35.699477 31.790385 4.924385 
1.999998 8.895000 35.699477 31.754685 4.924385 
1.999998 8.885000 35.699477 31.718986 4.924385 
1.999998 8.875000 35.699477 31.683286 4.924385 
1.999998 8.865000 35.699477 31.647587 4.924385 
1.999998 8.855000 35.699477 31.611887 4.924385 
1.999998 8.845000 35.699477 31.576188 4.924385 
1.999998 8.835000 35.699477 31.540488 4.924385 
1.999998 8.825000 35.699477 31.504789 4.924385 
1.999998 8.815000 35.699477 31.469089 4.924385 
1.999998 8.805000 35.699477 31.433390 4.924385 
1.999998 8.795000 35.699477 31.397690 4.924385 
1.999998 8.785000 35.699477 31.361991 4.924385 
1.999998 8.775000 35.699477 31.326291 4.924385 
1.999998 8.765000 35.699477 31.290592 4.924385 
1.999998 8.755000 35.699477 31.254892 4.924385 
1.999998 8.745000 35.699477 31.219193 4.924385 
1.999998 8.735000 35.699477 31.183493 4.924385 
1.999998 8.725000 35.699477 31.147794 4.924385 
1.999998 8.715000 35.699477 31.112094 4.924385 
1.999998 8.705000 35.699477 31.076395 4.924385 
1.999998 8.695000 35.699477 31.040696 4.924385 
1.999998 8.685000 35.699477 31.004996 4.924385 
1.999998 8.675000 35.699477 30.969297 4.924385 
1.999998 8.665000 35.699477 30.933597 4.924385 
1.999998 8.655000 35.699477 30.897898 4.924385 
1.999998 8.645000 35.699477 30.862198 4.924385 
1.999998 8.635000 35.699477 30.826499 4.924385 
1.999998 8.625000 35.699477 30.790799 4.924385 
1.999998 8.615000 35.699477 30.755100 4.924385 
1.999998 8.605000 35.699477 30.719400 4.924385 
1.999998 8.595000 35.699477 30.683701 4.924385 
1.999998 8.585000 35.699477 30.648001 4.924385 
1.999998 8.575000 35.699477 30.612302 4.924385 
1.999998 8.565000 35.699477 30.576602 4.924385 
1.999998 8.555000 35.699477 30.540903 4.924385 
1.999998 8.545000 35.699477 30.505203 4.924385 
1.999998 8.535000 35.699477 30.469504 4.924385 
1.999998 8.525000 35.699477 30.433804 4.924385 
1.999998 8.515000 35.699477 30.398105 4.924385 
1.999998 8.505000 35.699477 30.362405 4.924385 
1.999998 8.495000 35.699477 30.326706 4.924385 
1.999998 8.485000 35.699477 30.291007 4.924385 
1.999998 8.475000 35.699477 30.255307 4.924385 
1.999998 8.465000 35.699477 30.219608 4.924385 
1.999998 8.455000 35.699477 30.183908 4.924385 
1.999998 8.445000 35.699477 30.148209 4.924385 
1.999998 8.435000 35.699477 30.112509 4.924385 
1.999998 8.425000 35.699477 30.076810 4.924385 
1.999998 8.415000 35.699477 30.041110 4.924385 
1.999998 8.405000 35.699477 30.005411 4.924385 
1.999998 8.395000 35.699477 29.969711 4.924385 
1.999998 8.385000 35.699477 29.934012 4.924385 
1.999998 8.375000 35.699477 29.898312 4.924385 
1.999998 8.365000 35.699477 29.862613 4.924385 
1.999998 8.355000 35.699477 29.826913 4.924385 
1.999998 8.345000 35.699477 29.791214 4.924385 
1.999998 8.335000 35.699477 29.755514 4.924385 
1.999998 8.325000 35.699477 29.719815 4.924385 
1.999998 8.315000 35.699477 29.684115 4.924385 
1.999998 8.305000 35.699477 29.648416 4.924385 
1.999998 8.295000 35.699477 29.612716 4.924385 
1.999998 8.285000 35.699477 29.577017 4.924385 
1.999998 8.275000 35.699477 29.541317 4.924385 
1.999998 8.265000 35.699477 29.505618 4.924385 
1.999998 8.255000 35.699477 29.469919 4.924385 
1.999998 8.245000 35.699477 29.434219 4.924385 
1.999998 8.235000 35.699477 29.398520 4.924385 
1.999998 8.225000 35.699477 29.362820 4.924385 
1.999998 8.215000 35.699477 29.327121 4.924385 
1.999998 8.205000 35.699477 29.291421 4.924385 
1.999998 8.195000 35.699477 29.255722 4.924385 
1.999998 8.185000 35.699477 29.220022 4.924385 
1.999998 8.175000 35.699477 29.184323 4.924385 
1.999998 8.165000 35.699477 29.148623 4.924385 
1.999998 8.155000 35.699477 29.112924 4.924385 
1.999998 8.145000 35.699477 29.077224 4.924385 
1.999998 8.135000 35.699477 29.041525 4.924385 
1.999998 8.125000 35.699477 29.005825 4.924385 
1.999998 8.115000 35.699477 28.970126 4.924385 
1.999998 8.105000 35.699477 28.934426 4.924385 
1.999998 8.095000 35.699477 28.898727 4.924385 
1.999998 8.085000 35.699477 28.863027 4.924385 
1.999998 8.075000 35.699477 28.827328 4.924385 
1.999998 8.065000 35.699477 28.791628 4.924385 
1.999998 8.055000 35.699477 28.755929 4.924385 
1.999998 8.045000 35.699477 28.720230 4.924385 
1.999998 8.035000 35.699477 28.684530 4.924385 
1.999998 8.025000 35.699477 28.648831 4.924385 
1.999998 8.015000 35.699477 28.613131 4.924385 
1.999998 8.005000 35.699477 28.577432 4.924385 
1.999998 7.995000 35.699477 28.541732 4.924385 
1.999998 7.985000 35.699477 28.506033 4.924385 
1.999998 7.975000 35.699477 28.470333 4.924385 
1.999998 7.965000 35.699477 28.434634 4.924385 
1.999998 7.955000 35.699477 28.398934 4.924385 
1.999998 7.945000 35.699477 28.363235 4.924385 
1.999998 7.935000 35.699477 28.327535 4.924385 
1.999998 7.925000 35.699477 28.291836 4.924385 
1.999998 7.915000 35.699477 28.256136 4.924385 
1.999998 7.905000 35.699477 28.220437 4.924385 
1.999998 7.895000 35.699477 28.184737 4.924385 
1.999998 7.885000 35.699477 28.149038 4.924385 
1.999998 7.875000 35.699477 28.113338 4.924385 
1.999998 7.865000 35.699477 28.077639 4.924385 
1.999998 7.855000 35.699477 28.041939 4.924385 
1.999998 7.845000 35.699477 28.006240 4.924385 
1.999998 7.835000 35.699477 27.970540 4.924385 
1.999998 7.825000 35.699477 27.934841 4.924385 
1.999998 7.815000 35.699477 27.899142 4.924385 
1.999998 7.805000 35.699477 27.863442 4.924385 
1.999998 7.795000 35.699477 27.827743 4.924385 
1.999998 7.785000 35.699477 27.792043 4.924385 
1.999998 7.775000 35.699477 27.756344 4.924385 
1.999998 7.765000 35.699477 27.720644 4.924385 
1.999998 7.755000 35.699477 27.684945 4.924385 
1.999998 7.745000 35.699477 27.649245 4.924385 
1.999998 7.735000 35.699477 27.613546 4.924385 
1.999998 7.725000 35.699477 27.577846 4.924385 
1.999998 7.715000 35.699477 27.542147 4.924385 
1.999998 7.705000 35.699477 27.506447 4.924385 
1.999998 7.695000 35.699477 27.470748 4.924385 
1.999998 7.685000 35.699477 27.435048 4.924385 
1.999998 7.675000 35.699477 27.399349 4.924385 
1.999998 7.665000 35.699477 27.363649 4.924385 
1.999998 7.655000 35.699477 27.327950 4.924385 
1.999998 7.645000 35.699477 27.292250 4.924385 
1.999998 7.635000 35.699477 27.256551 4.924385 
1.999998 7.625000 35.699477 27.220851 4.924385 
1.999998 7.615000 35.699477 27.185152 4.924385 
1.999998 7.605000 35.699477 27.149453 4.924385 
1.999998 7.595000 35.699477 27.113753 4.924385 
1.999998 7.585000 35.699477 27.078054 4.924385 
1.999998 7.575000 35.699477 27.042354 4.924385 
1.999998 7.565000 35.699477 27.006655 4.924385 
1.999998 7.555000 35.699477 26.970955 4.924385 
1.999998 7.545000 35.699477 26.935256 4.924385 
1.999998 7.535000 35.699477 26.899556 4.924385 
1.999998 7.525000 35.699477 26.863857 4.924385 
1.999998 7.515000 35.699477 26.828157 4.924385 
1.999998 7.505000 35.699477 26.792458 4.924385 
1.999998 7.495000 35.699477 26.756758 4.924385 
1.999998 7.485000 35.699477 26.721059 4.924385 
1.999998 7.475000 35.699477 26.685359 4.924385 
1.999998 7.465000 35.699477 26.649660 4.924385 
1.999998 7.455000 35.699477 26.613960 4.924385 
1.999998 7.445000 35.699477 26.578261 4.924385 
1.999998 7.435000 35.699477 26.542561 4.924385 
1.999998 7.425000 35.699477 26.506862 4.924385 
1.999998 7.415000 35.699477 26.471162 4.924385 
1.999998 7.405000 35.699477 26.435463 4.924385 
1.999998 7.395000 35.699477 26.399763 4.924385 
1.999998 7.385000 35.699477 26.364064 4.924385 
1.999998 7.375000 35.699477 26.328365 4.924385 
1.999998 7.365000 35.699477 26.292665 4.924385 
1.999998 7.355000 35.699477 26.256966 4.924385 
1.999998 7.345000 35.699477 26.221266 4.924385 
1.999998 7.335000 35.699477 26.185567 4.924385 
1.999998 7.325000 35.699477 26.149867 4.924385 
1.999998 7.315000 35.699477 26.114168 4.924385 
1.999998 7.305000 35.699477 26.078468 4.924385 
1.999998 7.295000 35.699477 26.042769 4.924385 
1.999998 7.285000 35.699477 26.007069 4.924385 
1.999998 7.275000 35.699477 25.971370 4.924385 
1.999998 7.265000 35.699477 25.935670 4.924385 
1.999998 7.255000 35.699477 25.899971 4.924385 
1.999998 7.245000 35.699477 25.864271 4.924385 
1.999998 7.235000 35.699477 25.828572 4.924385 
1.999998 7.225000 35.699477 25.792872 4.924385 
1.999998 7.215000 35.699477 25.757173 4.924385 
1.999998 7.205000 35.699477 25.721473 4.924385 
1.999998 7.195000 35.699477 25.685774 4.924385 
1.999998 7.185000 35.699477 25.650074 4.924385 
1.999998 7.175000 35.699477 25.614375 4.924385 
1.999998 7.165000 35.699477 25.578676 4.924385 
1.999998 7.155000 35.699477 25.542976 4.924385 
1.999998 7.145000 35.699477 25.507277 4.924385 
1.999998 7.135000 35.699477 25.471577 4.924385 
1.999998 7.125000 35.699477 25.435878 4.924385 
1.999998 7.115000 35.699477 25.400178 4.924385 
1.999998 7.105000 35.699477 25.364479 4.924385 
1.999998 7.095000 35.699477 25.328779 4.924385 
1.999998 7.085000 35.699477 25.293080 4.924385 
1.999998 7.075000 35.699477 25.257380 4.924385 
1.999998 7.065000 35.699477 25.221681 4.924385 
1.999998 7.055000 35.699477 25.185981 4.924385 
1.999998 7.045000 35.699477 25.150282 4.924385 
1.999998 7.035000 35.699477 25.114582 4.924385 
1.999998 7.025000 35.699477 25.078883 4.924385 
1.999998 7.015000 35.699477 25.043183 4.924385 
1.999998 7.005000 35.699477 25.007484 4.924385 
1.999998 6.995000 35.699477 24.971784 4.924385 
1.999998 6.985000 35.699477 24.936085 4.924385 
1.999998 6.975000 35.699477 24.900385 4.924385 
1.999998 6.965000 35.699477 24.864686 4.924385 
1.999998 6.955000 35.699477 24.828986 4.924385 
1.999998 6.945000 35.699477 24.793287 4.924385 
1.999998 6.935000 35.699477 24.757588 4.924385 
1.999998 6.925000 35.699477 24.721888 4.924385 
1.999998 6.915000 35.699477 24.686189 4.924385 
1.999998 6.905000 35.699477 24.650489 4.924385 
1.999998 6.895000 35.699477 24.614790 4.924385 
1.999998 6.885000 35.699477 24.579090 4.924385 
1.999998 6.875000 35.699477 24.543391 4.924385 
1.999998 6.865000 35.699477 24.507691 4.924385 
1.999998 6.855000 35.699477 24.471992 4.924385 
1.999998 6.845000 35.699477 24.436292 4.924385 
1.999998 6.835000 35.699477 24.400593 4.924385 
1.999998 6.825000 35.699477 24.364893 4.924385 
1.999998 6.815000 35.699477 24.329194 4.924385 
1.999998 6.805000 35.699477 24.293494 4.924385 
1.999998 6.795000 35.699477 24.257795 4.924385 
1.999998 6.785000 35.699477 24.222095 4.924385 
1.999998 6.775000 35.699477 24.186396 4.924385 
1.999998 6.765000 35.699477 24.150696 4.924385 
1.999998 6.755000 35.699477 24.114997 4.924385 
1.999998 6.745000 35.699477 24.079297 4.924385 
1.999998 6.735000 35.699477 24.043598 4.924385 
1.999998 6.725000 35.699477 24.007899 4.924385 
1.999998 6.715000 35.699477 23.972199 4.924385 
1.999998 6.705000 35.699477 23.936500 4.924385 
1.999998 6.695000 35.699477 23.900800 4.924385 
1.999998 6.685000 35.699477 23.865101 4.924385 
1.999998 6.675000 35.699477 23.829401 4.924385 
1.999998 6.665000 35.699477 23.793702 4.924385 
1.999998 6.655000 35.699477 23.758002 4.924385 
1.999998 6.645000 35.699477 23.722303 4.924385 
1.999998 6.635000 35.699477 23.686603 4.924385 
1.999998 6.625000 35.699477 23.650904 4.924385 
1.999998 6.615000 35.699477 23.615204 4.924385 
1.999998 6.605000 35.699477 23.579505 4.924385 
1.999998 6.595000 35.699477 23.543805 4.924385 
1.999998 6.585000 35.699477 23.508106 4.924385 
1.999998 6.575000 35.699477 23.472406 4.924385 
1.999998 6.565000 35.699477 23.436707 4.924385 
1.999998 6.555000 35.699477 23.401007 4.924385 
1.999998 6.545000 35.699477 23.365308 4.924385 
1.999998 6.535000 35.699477 23.329608 4.924385 
1.999998 6.525000 35.699477 23.293909 4.924385 
1.999998 6.515000 35.699477 23.258209 4.924385 
1.999998 6.505000 35.699477 23.222510 4.924385 
1.999998 6.495000 35.699477 23.186811 4.924385 
1.999998 6.485000 35.699477 23.151111 4.924385 
1.999998 6.475000 35.699477 23.115412 4.924385 
1.999998 6.465000 35.699477 23.079712 4.924385 
1.999998 6.455000 35.699477 23.044013 4.924385 
1.999998 6.445000 35.699477 23.008313 4.924385 
1.999998 6.435000 35.699477 22.972614 4.924385 
1.999998 6.425000 35.699477 22.936914 4.924385 
1.999998 6.415000 35.699477 22.901215 4.924385 
1.999998 6.405000 35.699477 22.865515 4.924385 
1.999998 6.395000 35.699477 22.829816 4.924385 
1.999998 6.385000 35.699477 22.794116 4.924385 
1.999998 6.375000 35.699477 22.758417 4.924385 
1.999998 6.365000 35.699477 22.722717 4.924385 
1.999998 6.355000 35.699477 22.687018 4.924385 
1.999998 6.345000 35.699477 22.651318 4.924385 
1.999998 6.335000 35.699477 22.615619 4.924385 
1.999998 6.325000 35.699477 22.579919 4.924385 
1.999998 6.315000 35.699477 22.544220 4.924385 
1.999998 6.305000 35.699477 22.508520 4.924385 
1.999998 6.295000 35.699477 22.472821 4.924385 
1.999998 6.285000 35.699477 22.437122 4.924385 
1.999998 6.275000 35.699477 22.401422 4.924385 
1.999998 6.265000 35.699477 22.365723 4.924385 
1.999998 6.255000 35.699477 22.330023 4.924385 
1.999998 6.245000 35.699477 22.294324 4.924385 
1.999998 6.235000 35.699477 22.258624 4.924385 
1.999998 6.225000 35.699477 22.222925 4.924385 
1.999998 6.215000 35.699477 22.187225 4.924385 
1.999998 6.205000 35.699477 22.151526 4.924385 
1.999998 6.195000 35.699477 22.115826 4.924385 
1.999998 6.185000 35.699477 22.080127 4.924385 
1.999998 6.175000 35.699477 22.044427 4.924385 
1.999998 6.165000 35.699477 22.008728 4.924385 
1.999998 6.155000 35.699477 21.973028 4.924385 
1.999998 6.145000 35.699477 21.937329 4.924385 
1.999998 6.135000 35.699477 21.901629 4.924385 
1.999998 6.125000 35.699477 21.865930 4.924385 
1.999998 6.115000 35.699477 21.830230 4.924385 
1.999998 6.105000 35.699477 21.794531 4.924385 
1.999998 6.095000 35.699477 21.758831 4.924385 
1.999998 6.085000 35.699477 21.723132 4.924385 
1.999998 6.075000 35.699477 21.687432 4.924385 
1.999998 6.065000 35.699477 21.651733 4.924385 
1.999998 6.055000 35.699477 21.616034 4.924385 
1.999998 6.045000 35.699477 21.580334 4.924385 
1.999998 6.035000 35.699477 21.544635 4.924385 
1.999998 6.025000 35.699477 21.508935 4.924385 
1.999998 6.015000 35.699477 21.473236 4.924385 
1.999998 6.005000 35.699477 21.437536 4.924385 
1.999998 5.995000 35.699477 21.401837 4.924385 
1.999998 5.985000 35.699477 21.366137 4.924385 
1.999998 5.975000 35.699477 21.330438 4.924385 
1.999998 5.965000 35.699477 21.294738 4.924385 
1.999998 5.955000 35.699477 21.259039 4.924385 
1.999998 5.945000 35.699477 21.223339 4.924385 
1.999998 5.935000 35.699477 21.187640 4.924385 
1.999998 5.925000 35.699477 21.151940 4.924385 
1.999998 5.915000 35.699477 21.116241 4.924385 
1.999998 5.905000 35.699477 21.080541 4.924385 
1.999998 5.895000 35.699477 21.044842 4.924385 
1.999998 5.885000 35.699477 21.009142 4.924385 
1.999998 5.875000 35.699477 20.973443 4.924385 
1.999998 5.865000 35.699477 20.937743 4.924385 
1.999998 5.855000 35.699477 20.902044 4.924385 
1.999998 5.845000 35.699477 20.866345 4.924385 
1.999998 5.835000 35.699477 20.830645 4.924385 
1.999998 5.825000 35.699477 20.794946 4.924385 
1.999998 5.815000 35.699477 20.759246 4.924385 
1.999998 5.805000 35.699477 20.723547 4.924385 
1.999998 5.795000 35.699477 20.687847 4.924385 
1.999998 5.785000 35.699477 20.652148 4.924385 
1.999998 5.775000 35.699477 20.616448 4.924385 
1.999998 5.765000 35.699477 20.580749 4.924385 
1.999998 5.755000 35.699477 20.545049 4.924385 
1.999998 5.745000 35.699477 20.509350 4.924385 
1.999998 5.735000 35.699477 20.473650 4.924385 
1.999998 5.725000 35.699477 20.437951 4.924385 
1.999998 5.715000 35.699477 20.402251 4.924385 
1.999998 5.705000 35.699477 20.366552 4.924385 
1.999998 5.695000 35.699477 20.330852 4.924385 
1.999998 5.685000 35.699477 20.295153 4.924385 
1.999998 5.675000 35.699477 20.259453 4.924385 
1.999998 5.665000 35.699477 20.223754 4.924385 
1.999998 5.655000 35.699477 20.188054 4.924385 
1.999998 5.645000 35.699477 20.152355 4.924385 
1.999998 5.635000 35.699477 20.116655 4.924385 
1.999998 5.625000 35.699477 20.080956 4.924385 
1.999998 5.615000 35.699477 20.045257 4.924385 
1.999998 5.605000 35.699477 20.009557 4.924385 
1.999998 5.595000 35.699477 19.973858 4.924385 
1.999998 5.585000 35.699477 19.938158 4.924385 
1.999998 5.575000 35.699477 19.902459 4.924385 
1.999998 5.565000 35.699477 19.866759 4.924385 
1.999998 5.555000 35.699477 19.831060 4.924385 
1.999998 5.545000 35.699477 19.795360 4.924385 
1.999998 5.535000 35.699477 19.759661 4.924385 
1.999998 5.525000 35.699477 19.723961 4.924385 
1.999998 5.515000 35.699477 19.688262 4.924385 
1.999998 5.505000 35.699477 19.652562 4.924385 
1.999998 5.495000 35.699477 19.616863 4.924385 
1.999998 5.485000 35.699477 19.581163 4.924385 
1.999998 5.475000 35.699477 19.545464 4.924385 
1.999998 5.465000 35.699477 19.509764 4.924385 
1.999998 5.455000 35.699477 19.474065 4.924385 
1.999998 5.445000 35.699477 19.438365 4.924385 
1.999998 5.435000 35.699477 19.402666 4.924385 
1.999998 5.425000 35.699477 19.366966 4.924385 
1.999998 5.415000 35.699477 19.331267 4.924385 
1.999998 5.405000 35.699477 19.295567 4.924385 
1.999998 5.395000 35.699477 19.259868 4.924385 
1.999998 5.385000 35.699477 19.224169 4.924385 
1.999998 5.375000 35.699477 19.188469 4.924385 
1.999998 5.365000 35.699477 19.152770 4.924385 
1.999998 5.355000 35.699477 19.117070 4.924385 
1.999998 5.345000 35.699477 19.081371 4.924385 
1.999998 5.335000 35.699477 19.045671 4.924385 
1.999998 5.325000 35.699477 19.009972 4.924385 
1.999998 5.315000 35.699477 18.974272 4.924385 
1.999998 5.305000 35.699477 18.938573 4.924385 
1.999998 5.295000 35.699477 18.902873 4.924385 
1.999998 5.285000 35.699477 18.867174 4.924385 
1.999998 5.275000 35.699477 18.831474 4.924385 
1.999998 5.265000 35.699477 18.795775 4.924385 
1.999998 5.255000 35.699477 18.760075 4.924385 
1.999998 5.245000 35.699477 18.724376 4.924385 
1.999998 5.235000 35.699477 18.688676 4.924385 
1.999998 5.225000 35.699477 18.652977 4.924385 
1.999998 5.215000 35.699477 18.617277 4.924385 
1.999998 5.205000 35.699477 18.581578 4.924385 
1.999998 5.195000 35.699477 18.545878 4.924385 
1.999998 5.185000 35.699477 18.510179 4.924385 
1.999998 5.175000 35.699477 18.474480 4.924385 
1.999998 5.165000 35.699477 18.438780 4.924385 
1.999998 5.155000 35.699477 18.403081 4.924385 
1.999998 5.145000 35.699477 18.367381 4.924385 
1.999998 5.135000 35.699477 18.331682 4.924385 
1.999998 5.125000 35.699477 18.295982 4.924385 
1.999998 5.115000 35.699477 18.260283 4.924385 
1.999998 5.105000 35.699477 18.224583 4.924385 
1.999998 5.095000 35.699477 18.188884 4.924385 
1.999998 5.085000 35.699477 18.153184 4.924385 
1.999998 5.075000 35.699477 18.117485 4.924385 
1.999998 5.065000 35.699477 18.081785 4.924385 
1.999998 5.055000 35.699477 18.046086 4.924385 
1.999998 5.045000 35.699477 18.010386 4.924385 
1.999998 5.035000 35.699477 17.974687 4.924385 
1.999998 5.025000 35.699477 17.938987 4.924385 
1.999998 5.015000 35.699477 17.903288 4.924385 
1.999998 5.005000 35.699477 17.867588 4.924385 
1.999998 4.995000 35.699477 17.831889 4.924385 
1.999998 4.985000 35.699477 17.796189 4.924385 
1.999998 4.975000 35.699477 17.760490 4.924385 
1.999998 4.965000 35.699477 17.724790 4.924385 
1.999998 4.955000 35.699477 17.689091 4.924385 
1.999998 4.945000 35.699477 17.653392 4.924385 
1.999998 4.935000 35.699477 17.617692 4.924385 
1.999989 4.915000 35.699477 17.546293 4.339061 
1.999989 4.905000 35.699477 17.510594 4.339061 
1.999989 4.895000 35.699477 17.474894 4.339061 
1.999989 4.885000 35.699477 17.439195 4.339061 
1.999989 4.875000 35.699477 17.403495 4.339061 
1.999989 4.865000 35.699477 17.367796 4.339061 
1.999989 4.855000 35.699477 17.332096 4.339061 
1.999989 4.845000 35.699477 17.296397 4.339061 
1.999989 4.835000 35.699477 17.260697 4.339061 
1.999989 4.825000 35.699477 17.224998 4.339061 
1.999989 4.815000 35.699477 17.189298 4.339061 
1.999989 4.805000 35.699477 17.153599 4.339061 
1.999989 4.795000 35.699477 17.117899 4.339061 
1.999989 4.785000 35.699477 17.082200 4.339061 
1.999989 4.775000 35.699477 17.046500 4.339061 
1.999989 4.765000 35.699477 17.010801 4.339061 
1.999989 4.755000 35.699477 16.975101 4.339061 
1.999989 4.745000 35.699477 16.939402 4.339061 
1.999989 4.735000 35.699477 16.903703 4.339061 
1.999989 4.725000 35.699477 16.868003 4.339061 
1.999989 4.715000 35.699477 16.832304 4.339061 
1.999989 4.705000 35.699477 16.796604 4.339061 
1.999989 4.695000 35.699477 16.760905 4.339061 
1.999989 4.685000 35.699477 16.725205 4.339061 
1.999989 4.675000 35.699477 16.689506 4.339061 
1.999989 4.665000 35.699477 16.653806 4.339061 
1.999989 4.655000 35.699477 16.618107 4.339061 
1.999989 4.645000 35.699477 16.582407 4.339061 
1.999989 4.635000 35.699477 16.546708 4.339061 
1.999989 4.625000 35.699477 16.511008 4.339061 
1.999989 4.615000 35.699477 16.475309 4.339061 
1.999989 4.605000 35.699477 16.439609 4.339061 
1.999989 4.595000 35.699477 16.403910 4.339061 
1.999989 4.585000 35.699477 16.368210 4.339061 
1.999989 4.575000 35.699477 16.332511 4.339061 
1.999989 4.565000 35.699477 16.296811 4.339061 
1.999989 4.555000 35.699477 16.261112 4.339061 
1.999989 4.545000 35.699477 16.225412 4.339061 
1.999989 4.535000 35.699477 16.189713 4.339061 
1.999989 4.525000 35.699477 16.154013 4.339061 
1.999989 4.515000 35.699477 16.118314 4.339061 
1.999989 4.505000 35.699477 16.082615 4.339061 
1.999989 4.495000 35.699477 16.046915 4.339061 
1.999989 4.485000 35.699477 16.011216 4.339061 
1.999989 4.475000 35.699477 15.975516 4.339061 
1.999989 4.465000 35.699477 15.939817 4.339061 
1.999989 4.455000 35.699477 15.904117 4.339061 
1.999989 4.445000 35.699477 15.868418 4.339061 
1.999989 4.435000 35.699477 15.832718 4.339061 
1.999989 4.425000 35.699477 15.797019 4.339061 
1.999989 4.415000 35.699477 15.761319 4.339061 
1.999989 4.405000 35.699477 15.725620 4.339061 
1.999989 4.395000 35.699477 15.689920 4.339061 
1.999989 4.385000 35.699477 15.654221 4.339061 
1.999989 4.375000 35.699477 15.618521 4.339061 
1.999989 4.365000 35.699477 15.582822 4.339061 
1.999989 4.355000 35.699477 15.547122 4.339061 
1.999989 4.345000 35.699477 15.511423 4.339061 
1.999973 4.335000 35.699477 15.475723 4.032259 
1.999973 4.325000 35.699477 15.440024 4.032259 
1.999973 4.315000 35.699477 15.404324 4.032259 
1.999973 4.305000 35.699477 15.368625 4.032259 
1.999973 4.295000 35.699477 15.332926 4.032259 
1.999973 4.285000 35.699477 15.297226 4.032259 
1.999973 4.275000 35.699477 15.261527 4.032259 
1.999973 4.265000 35.699477 15.225827 4.032259 
1.999973 4.255000 35.699477 15.190128 4.032259 
1.999973 4.245000 35.699477 15.154428 4.032259 
1.999973 4.235000 35.699477 15.118729 4.032259 
1.999973 4.225000 35.699477 15.083029 4.032259 
1.999973 4.215000 35.699477 15.047330 4.032259 
1.999973 4.205000 35.699477 15.011630 4.032259 
1.999973 4.195000 35.699477 14.975931 4.032259 
1.999973 4.185000 35.699477 14.940231 4.032259 
1.999973 4.175000 35.699477 14.904532 4.032259 
1.999973 4.165000 35.699477 14.868832 4.032259 
1.999973 4.155000 35.699477 14.833133 4.032259 
1.999973 4.145000 35.699477 14.797433 4.032259 
1.999973 4.135000 35.699477 14.761734 4.032259 
1.999973 4.125000 35.699477 14.726034 4.032259 
1.999973 4.115000 35.699477 14.690335 4.032259 
1.999973 4.105000 35.699477 14.654635 4.032259 
1.999973 4.095000 35.699477 14.618936 4.032259 
1.999973 4.085000 35.699477 14.583236 4.032259 
1.999973 4.075000 35.699477 14.547537 4.032259 
1.999973 4.065000 35.699477 14.511838 4.032259 
1.999973 4.055000 35.699477 14.476138 4.032259 
1.999973 4.045000 35.699477 14.440439 4.032259 
1.999973 4.035000 35.699477 14.404739 4.032259 
1.999949 4.025000 35.699477 14.369040 3.822940 
1.999949 4.015000 35.699477 14.333340 3.822940 
1.999949 4.005000 35.699477 14.297641 3.822940 
1.999949 3.995000 35.699477 14.261941 3.822940 
1.999949 3.985000 35.699477 14.226242 3.822940 
1.999949 3.975000 35.699477 14.190542 3.822940 
1.999949 3.965000 35.699477 14.154843 3.822940 
1.999949 3.955000 35.699477 14.119143 3.822940 
1.999949 3.945000 35.699477 14.083444 3.822940 
1.999949 3.935000 35.699477 14.047744 3.822940 
1.999949 3.925000 35.699477 14.012045 3.822940 
1.999949 3.915000 35.699477 13.976345 3.822940 
1.999949 3.905000 35.699477 13.940646 3.822940 
1.999949 3.895000 35.699477 13.904946 3.822940 
1.999949 3.885000 35.699477 13.869247 3.822940 
1.999949 3.875000 35.699477 13.833547 3.822940 
1.999949 3.865000 35.699477 13.797848 3.822940 
1.999949 3.855000 35.699477 13.762149 3.822940 
1.999949 3.845000 35.699477 13.726449 3.822940 
1.999949 3.835000 35.699477 13.690750 3.822940 
1.999949 3.825000 35.699477 13.655050 3.822940 
1.999917 3.815000 35.699477 13.619351 3.663869 
1.999917 3.805000 35.699477 13.583651 3.663869 
1.999917 3.795000 35.699477 13.547952 3.663869 
1.999917 3.785000 35.699477 13.512252 3.663869 
1.999917 3.775000 35.699477 13.476553 3.663869 
1.999917 3.765000 35.699477 13.440853 3.663869 
1.999917 3.755000 35.699477 13.405154 3.663869 
1.999917 3.745000 35.699477 13.369454 3.663869 
1.999917 3.735000 35.699477 13.333755 3.663869 
1.999917 3.725000 35.699477 13.298055 3.663869 
1.999917 3.715000 35.699477 13.262356 3.663869 
1.999917 3.705000 35.699477 13.226656 3.663869 
1.999917 3.695000 35.699477 13.190957 3.663869 
1.999917 3.685000 35.699477 13.155257 3.663869 
1.999917 3.675000 35.699477 13.119558 3.663869 
1.999917 3.665000 35.699477 13.083858 3.663869 
1.999878 3.655000 35.699477 13.048159 3.535528 
1.999878 3.645000 35.699477 13.012459 3.535528 
1.999878 3.635000 35.699477 12.976760 3.535528 
1.999878 3.625000 35.699477 12.941061 3.535528 
1.999878 3.615000 35.699477 12.905361 3.535528 
1.999878 3.605000 35.699477 12.869662 3.535528 
1.999878 3.595000 35.699477 12.833962 3.535528 
1.999878 3.585000 35.699477 12.798263 3.535528 
1.999878 3.575000 35.699477 12.762563 3.535528 
1.999878 3.565000 35.699477 12.726864 3.535528 
1.999878 3.555000 35.699477 12.691164 3.535528 
1.999878 3.545000 35.699477 12.655465 3.535528 
1.999832 3.535000 35.699477 12.619765 3.427942 
1.999832 3.525000 35.699477 12.584066 3.427942 
1.999832 3.515000 35.699477 12.548366 3.427942 
1.999832 3.505000 35.699477 12.512667 3.427942 
1.999832 3.495000 35.699477 12.476967 3.427942 
1.999832 3.485000 35.699477 12.441268 3.427942 
1.999832 3.475000 35.699477 12.405568 3.427942 
1.999832 3.465000 35.699477 12.369869 3.427942 
1.999832 3.455000 35.699477 12.334169 3.427942 
1.999832 3.445000 35.699477 12.298470 3.427942 
1.999832 3.435000 35.699477 12.262770 3.427942 
1.999778 3.425000 35.699477 12.227071 3.335321 
1.999778 3.415000 35.699477 12.191372 3.335321 
1.999778 3.405000 35.699477 12.155672 3.335321 
1.999778 3.395000 35.699477 12.119973 3.335321 
1.999778 3.385000 35.699477 12.084273 3.335321 
1.999778 3.375000 35.699477 12.048574 3.335321 
1.999778 3.365000 35.699477 12.012874 3.335321 
1.999778 3.355000 35.699477 11.977175 3.335321 
1.999778 3.345000 35.699477 11.941475 3.335321 
1.999717 3.335000 35.699477 11.905776 3.254004 
1.999717 3.325000 35.699477 11.870076 3.254004 
1.999717 3.315000 35.699477 11.834377 3.254004 
1.999717 3.305000 35.699477 11.798677 3.254004 
1.999717 3.295000 35.699477 11.762978 3.254004 
1.999717 3.285000 35.699477 11.727278 3.254004 
1.999717 3.275000 35.699477 11.691579 3.254004 
1.999717 3.265000 35.699477 11.655879 3.254004 
1.999717 3.255000 35.699477 11.620180 3.254004 
1.999648 3.245000 35.699477 11.584480 3.181527 
1.999648 3.235000 35.699477 11.548781 3.181527 
1.999648 3.225000 35.699477 11.513081 3.181527 
1.999648 3.215000 35.699477 11.477382 3.181527 
1.999648 3.205000 35.699477 11.441682 3.181527 
1.999648 3.195000 35.699477 11.405983 3.181527 
1.999648 3.185000 35.699477 11.370284 3.181527 
1.999571 3.175000 35.699477 11.334584 3.116153 
1.999571 3.165000 35.699477 11.298885 3.116153 
1.999571 3.155000 35.699477 11.263185 3.116153 
1.999571 3.145000 35.699477 11.227486 3.116153 
1.999571 3.135000 35.699477 11.191786 3.116153 
1.999571 3.125000 35.699477 11.156087 3.116153 
1.999488 3.115000 35.699477 11.120387 3.056613 
1.999488 3.105000 35.699477 11.084688 3.056613 
1.999488 3.095000 35.699477 11.048988 3.056613 
1.999488 3.085000 35.699477 11.013289 3.056613 
1.999488 3.075000 35.699477 10.977589 3.056613 
1.999488 3.065000 35.699477 10.941890 3.056613 
1.999396 3.055000 35.699477 10.906190 3.001947 
1.999396 3.045000 35.699477 10.870491 3.001947 
1.999396 3.035000 35.699477 10.834791 3.001947 
1.999396 3.025000 35.699477 10.799092 3.001947 
1.999396 3.015000 35.699477 10.763392 3.001947 
1.999396 3.005000 35.699477 10.727693 3.001947 
1.999298 2.995000 35.699477 10.691993 2.951418 
1.999298 2.985000 35.699477 10.656294 2.951418 
1.999298 2.975000 35.699477 10.620595 2.951418 
1.999298 2.965000 35.699477 10.584895 2.951418 
1.999298 2.955000 35.699477 10.549196 2.951418 
1.999191 2.945000 35.699477 10.513496 2.904440 
1.999191 2.935000 35.699477 10.477797 2.904440 
1.999191 2.925000 35.699477 10.442097 2.904440 
1.999191 2.915000 35.699477 10.406398 2.904440 
1.999191 2.905000 35.699477 10.370698 2.904440 
1.999078 2.895000 35.699477 10.334999 2.860547 
1.999078 2.885000 35.699477 10.299299 2.860547 
1.999078 2.875000 35.699477 10.263600 2.860547 
1.999078 2.865000 35.699477 10.227900 2.860547 
1.998956 2.855000 35.699477 10.192201 2.819357 
1.998956 2.845000 35.699477 10.156501 2.819357 
1.998956 2.835000 35.699477 10.120802 2.819357 
1.998956 2.825000 35.699477 10.085102 2.819357 
1.998828 2.815000 35.699477 10.049403 2.780555 
1.998828 2.805000 35.699477 10.013703 2.780555 
1.998828 2.795000 35.699477 9.978004 2.780555 
1.998828 2.785000 35.699477 9.942304 2.780555 
1.998691 2.775000 35.699477 9.906605 2.743879 
1.998691 2.765000 35.699477 9.870905 2.743879 
1.998691 2.755000 35.699477 9.835206 2.743879 
1.998691 2.745000 35.699477 9.799507 2.743879 
1.998548 2.735000 35.699477 9.763807 2.709106 
1.998548 2.725000 35.699477 9.728108 2.709106 
1.998548 2.715000 35.699477 9.692408 2.709106 
1.998397 2.705000 35.699477 9.656709 2.676047 
1.998397 2.695000 35.699477 9.621009 2.676047 
1.998397 2.685000 35.699477 9.585310 2.676047 
1.998238 2.675000 35.699477 9.549610 2.644542 
1.998238 2.665000 35.699477 9.513911 2.644542 
1.998238 2.655000 35.699477 9.478211 2.644542 
1.998238 2.645000 35.699477 9.442512 2.644542 
1.998072 2.635000 35.699477 9.406812 2.614449 
1.998072 2.625000 35.699477 9.371113 2.614449 
1.998072 2.615000 35.699477 9.335413 2.614449 
1.997898 2.605000 35.699477 9.299714 2.585646 
1.997898 2.595000 35.699477 9.264014 2.585646 
1.997717 2.585000 35.699477 9.228315 2.558027 
1.997717 2.575000 35.699477 9.192615 2.558027 
1.997717 2.565000 35.699477 9.156916 2.558027 
1.997529 2.555000 35.699477 9.121216 2.531497 
1.997529 2.545000 35.699477 9.085517 2.531497 
1.997529 2.535000 35.699477 9.049818 2.531497 
1.997333 2.525000 35.699477 9.014118 2.505974 
1.997333 2.515000 35.699477 8.978419 2.505974 
1.997129 2.505000 35.699477 8.942719 2.481381 
1.997129 2.495000 35.699477 8.907020 2.481381 
1.997129 2.485000 35.699477 8.871320 2.481381 
1.996918 2.475000 35.699477 8.835621 2.457655 
1.996918 2.465000 35.699477 8.799921 2.457655 
1.996699 2.455000 35.699477 8.764222 2.434734 
1.996699 2.445000 35.699477 8.728522 2.434734 
1.996699 2.435000 35.699477 8.692823 2.434734 
1.996473 2.425000 35.699477 8.657123 2.412566 
1.996473 2.415000 35.699477 8.621424 2.412566 
1.996240 2.405000 35.699477 8.585724 2.391101 
1.996240 2.395000 35.699477 8.550025 2.391101 
1.995999 2.385000 35.699477 8.514325 2.370297 
1.995999 2.375000 35.699477 8.478626 2.370297 
1.995750 2.365000 35.699477 8.442926 2.350112 
1.995750 2.355000 35.699477 8.407227 2.350112 
1.995494 2.345000 35.699477 8.371527 2.330511 
1.995494 2.335000 35.699477 8.335828 2.330511 
1.995231 2.325000 35.699477 8.300128 2.311460 
1.995231 2.315000 35.699477 8.264429 2.311460 
1.994960 2.305000 35.699477 8.228730 2.292929 
1.994960 2.295000 35.699477 8.193030 2.292929 
1.994681 2.285000 35.699477 8.157331 2.274890 
1.994681 2.275000 35.699477 8.121631 2.274890 
1.994395 2.265000 35.699477 8.085932 2.257316 
1.994102 2.255000 35.699477 8.050232 2.240183 
1.994102 2.245000 35.699477 8.014533 2.240183 
1.993801 2.235000 35.699477 7.978833 2.223471 
1.993801 2.225000 35.699477 7.943134 2.223471 
1.993492 2.215000 35.699477 7.907434 2.207157 
1.993176 2.205000 35.699477 7.871735 2.191223 
1.993176 2.195000 35.699477 7.836035 2.191223 
1.992853 2.185000 35.699477 7.800336 2.175652 
1.992522 2.175000 35.699477 7.764636 2.160426 
1.992522 2.165000 35.699477 7.728937 2.160426 
1.992183 2.155000 35.699477 7.693237 2.145531 
1.991837 2.145000 35.699477 7.657538 2.130951 
1.991837 2.135000 35.699477 7.621838 2.130951 
1.991484 2.125000 35.699477 7.586139 2.116673 
1.991123 2.115000 35.699477 7.550439 2.102685 
1.991123 2.105000 35.699477 7.514740 2.102685 
1.990754 2.095000 35.699477 7.479041 2.088975 
1.990378 2.085000 35.699477 7.443341 2.075531 
1.989994 2.075000 35.699477 7.407642 2.062343 
1.989994 2.065000 35.699477 7.371942 2.062343 
1.989603 2.055000 35.699477 7.336243 2.049402 
1.989204 2.045000 35.699477 7.300543 2.036696 
1.988798 2.035000 35.699477 7.264844 2.024219 
1.988798 2.025000 35.699477 7.229144 2.024219 
1.988385 2.015000 35.699477 7.193445 2.011961 
1.987963 2.005000 35.699477 7.157745 1.999914 
1.987534 1.995000 35.699477 7.122046 1.988072 
1.987098 1.985000 35.699477 7.086346 1.976426 
1.986654 1.975000 35.699477 7.050647 1.964970 
1.986654 1.965000 35.699477 7.014947 1.964970 
1.986203 1.955000 35.699477 6.979248 1.953698 
1.985744 1.945000 35.699477 6.943548 1.942603 
1.985277 1.935000 35.699477 6.907849 1.931681 
1.984803 1.925000 35.699477 6.872149 1.920924 
1.984322 1.915000 35.699477 6.836450 1.910328 
1.983833 1.905000 35.699477 6.800750 1.899888 
1.983336 1.895000 35.699477 6.765051 1.889599 
1.982832 1.885000 35.699477 6.729351 1.879456 
1.982320 1.875000 35.699477 6.693652 1.869456 
1.981800 1.865000 35.699477 6.657953 1.859593 
1.981273 1.855000 35.699477 6.622253 1.849864 
1.980739 1.845000 35.699477 6.586554 1.840265 
1.980197 1.835000 35.699477 6.550854 1.830792 
1.979647 1.825000 35.699477 6.515155 1.821442 
1.979090 1.815000 35.699477 6.479455 1.812211 
1.978525 1.805000 35.699477 6.443756 1.803097 
1.977953 1.795000 35.699477 6.408056 1.794095 
1.976785 1.785000 35.699477 6.372357 1.776418 
1.976190 1.775000 35.699477 6.336657 1.767737 
1.975588 1.765000 35.699477 6.300958 1.759157 
1.974977 1.755000 35.699477 6.265258 1.750677 
1.974359 1.745000 35.699477 6.229559 1.742293 
1.973734 1.735000 35.699477 6.193859 1.734003 
1.972460 1.725000 35.699477 6.158160 1.717695 
1.971812 1.715000 35.699477 6.122460 1.709673 
1.971156 1.705000 35.699477 6.086761 1.701737 
1.970492 1.695000 35.699477 6.051061 1.693884 
1.969142 1.685000 35.699477 6.015362 1.678419 
1.968456 1.675000 35.699477 5.979662 1.670804 
1.967762 1.665000 35.699477 5.943963 1.663264 
1.966351 1.655000 35.699477 5.908263 1.648406 
1.965634 1.645000 35.699477 5.872564 1.641084 
1.964910 1.635000 35.699477 5.836865 1.633831 
1.963438 1.625000 35.699477 5.801165 1.619527 
1.962690 1.615000 35.699477 5.765466 1.612473 
1.961172 1.605000 35.699477 5.729766 1.598554 
1.960402 1.595000 35.699477 5.694067 1.591687 
1.959624 1.585000 35.699477 5.658367 1.584879 
1.958044 1.575000 35.699477 5.622668 1.571438 
1.957243 1.565000 35.699477 5.586968 1.564802 
1.955618 1.555000 35.699477 5.551269 1.551694 
1.953962 1.545000 35.699477 5.515569 1.538797 
1.953122 1.535000 35.699477 5.479870 1.532426 
1.951420 1.525000 35.699477 5.444170 1.519831 
1.950557 1.515000 35.699477 5.408471 1.513606 
1.948808 1.505000 35.699477 5.372771 1.501296 
1.947029 1.495000 35.699477 5.337072 1.489167 
1.946127 1.485000 35.699477 5.301372 1.483169 
1.944301 1.475000 35.699477 5.265673 1.471300 
1.942445 1.465000 35.699477 5.229973 1.459597 
1.941504 1.455000 35.699477 5.194274 1.453805 
1.939601 1.445000 35.699477 5.158574 1.442339 
1.937667 1.435000 35.699477 5.122875 1.431024 
1.935701 1.425000 35.699477 5.087176 1.419855 
1.934706 1.415000 35.699477 5.051476 1.414324 
1.932694 1.405000 35.699477 5.015777 1.403365 
1.930650 1.395000 35.699477 4.980077 1.392540 
1.928576 1.385000 35.699477 4.944378 1.381845 
1.926469 1.375000 35.699477 4.908678 1.371275 
1.924332 1.365000 35.699477 4.872979 1.360827 
1.922163 1.355000 35.699477 4.837279 1.350497 
1.919963 1.345000 35.699477 4.801580 1.340280 
1.917731 1.335000 35.699477 4.765880 1.330173 
1.915468 1.325000 35.699477 4.730181 1.320174 
1.913173 1.315000 35.699477 4.694481 1.310277 
1.910846 1.305000 35.699477 4.658782 1.300481 
1.908488 1.295000 35.699477 4.623082 1.290782 
1.906098 1.285000 35.699477 4.587383 1.281178 
1.903676 1.275000 35.699477 4.551683 1.271665 
1.901223 1.265000 35.699477 4.515984 1.262240 
1.898738 1.255000 35.699477 4.480284 1.252902 
1.896220 1.245000 35.699477 4.444585 1.243647 
1.893671 1.235000 35.699477 4.408885 1.234473 
1.889787 1.225000 35.699477 4.373186 1.220858 
1.887158 1.215000 35.699477 4.337486 1.211877 
1.884497 1.205000 35.699477 4.301787 1.202968 
1.881803 1.195000 35.699477 4.266088 1.194130 
1.877702 1.185000 35.699477 4.230388 1.181001 
1.874927 1.175000 35.699477 4.194689 1.172332 
1.872120 1.165000 35.699477 4.158989 1.163726 
1.867849 1.155000 35.699477 4.123290 1.150933 
1.864961 1.145000 35.699477 4.087590 1.142479 
1.862040 1.135000 35.699477 4.051891 1.134083 
1.857597 1.125000 35.699477 4.016191 1.121594 
1.854594 1.115000 35.699477 3.980492 1.113335 
1.850028 1.105000 35.699477 3.944792 1.101044 
1.846943 1.095000 35.699477 3.909093 1.092913 
1.843825 1.085000 35.699477 3.873393 1.084830 
1.839086 1.075000 35.699477 3.837694 1.072793 
1.835885 1.065000 35.699477 3.801994 1.064825 
1.831021 1.055000 35.699477 3.766295 1.052955 
1.826082 1.045000 35.699477 3.730595 1.041178 
1.822748 1.035000 35.699477 3.694896 1.033377 
1.817683 1.025000 35.699477 3.659196 1.021747 
1.814264 1.015000 35.699477 3.623497 1.014041 
1.809073 1.005000 35.699477 3.587797 1.002548 
1.805570 0.995000 35.699477 3.552098 0.994929 
1.800251 0.985000 35.699477 3.516399 0.983562 
1.794856 0.975000 35.699477 3.480699 0.972265 
1.791216 0.965000 35.699477 3.445000 0.964772 
1.785693 0.955000 35.699477 3.409300 0.953586 
1.780092 0.945000 35.699477 3.373601 0.942462 
1.774413 0.935000 35.699477 3.337901 0.931397 
1.770583 0.925000 35.699477 3.302202 0.924052 
1.764774 0.915000 35.699477 3.266502 0.913078 
1.758886 0.905000 35.699477 3.230803 0.902155 
1.754917 0.895000 35.699477 3.195103 0.894899 
1.748897 0.885000 35.699477 3.159404 0.884054 
1.742798 0.875000 35.699477 3.123704 0.873252 
1.736619 0.865000 35.699477 3.088005 0.862490 
1.730360 0.855000 35.699477 3.052305 0.851767 
1.726142 0.845000 35.699477 3.016606 0.844637 
1.719749 0.835000 35.699477 2.980906 0.833971 
1.713274 0.825000 35.699477 2.945207 0.823335 
1.706718 0.815000 35.699477 2.909507 0.812728 
1.700079 0.805000 35.699477 2.873808 0.802147 
1.693359 0.795000 35.699477 2.838108 0.791589 
1.688833 0.785000 35.699477 2.802409 0.784563 
1.681974 0.775000 35.699477 2.766709 0.774039 
1.675032 0.765000 35.699477 2.731010 0.763533 
1.668007 0.755000 35.699477 2.695311 0.753043 
1.660897 0.745000 35.699477 2.659611 0.742564 
1.653702 0.735000 35.699477 2.623912 0.732097 
1.646423 0.725000 35.699477 2.588212 0.721637 
1.641522 0.715000 35.699477 2.552513 0.714668 
1.634099 0.705000 35.699477 2.516813 0.704218 
1.626590 0.695000 35.699477 2.481114 0.693770 
1.618995 0.685000 35.699477 2.445414 0.683322 
1.611312 0.675000 35.699477 2.409715 0.672873 
1.603541 0.665000 35.699477 2.374015 0.662419 
1.595682 0.655000 35.699477 2.338316 0.651959 
1.590393 0.645000 35.699477 2.302616 0.644982 
1.582385 0.635000 35.699477 2.266917 0.634507 
1.574288 0.625000 35.699477 2.231217 0.624020 
1.566101 0.615000 35.699477 2.195518 0.613518 
1.557822 0.605000 35.699477 2.159818 0.603001 
1.549452 0.595000 35.699477 2.124119 0.592464 
1.540990 0.585000 35.699477 2.088419 0.581907 
1.535298 0.575000 35.699477 2.052720 0.574857 
1.526681 0.565000 35.699477 2.017020 0.564260 
1.517970 0.555000 35.699477 1.981321 0.553637 
1.509166 0.545000 35.699477 1.945622 0.542984 
1.500266 0.535000 35.699477 1.909922 0.532300 
1.491271 0.525000 35.699477 1.874223 0.521583 
1.485221 0.515000 35.699477 1.838523 0.514418 
1.476064 0.505000 35.699477 1.802824 0.503639 
1.466811 0.495000 35.699477 1.767124 0.492820 
1.457459 0.485000 35.699477 1.731425 0.481959 
1.451169 0.475000 35.699477 1.695725 0.474694 
1.441652 0.465000 35.699477 1.660026 0.463756 
1.432034 0.455000 35.699477 1.624326 0.452769 
1.422316 0.445000 35.699477 1.588627 0.441730 
1.415780 0.435000 35.699477 1.552927 0.434341 
1.405891 0.425000 35.699477 1.517228 0.423210 
1.395899 0.415000 35.699477 1.481528 0.412020 
1.389180 0.405000 35.699477 1.445829 0.404525 
1.379014 0.395000 35.699477 1.410129 0.393231 
1.368743 0.385000 35.699477 1.374430 0.381869 
1.361836 0.375000 35.699477 1.338730 0.374256 
1.351387 0.365000 35.699477 1.303031 0.362776 
1.340829 0.355000 35.699477 1.267331 0.351221 
1.333730 0.345000 35.699477 1.231632 0.343475 
1.322990 0.335000 35.699477 1.195932 0.331788 
1.315769 0.325000 35.699477 1.160233 0.323950 
1.304843 0.315000 35.699477 1.124534 0.312121 
1.297498 0.305000 35.699477 1.088834 0.304185 
1.286384 0.295000 35.699477 1.053135 0.292205 
1.278912 0.285000 35.699477 1.017435 0.284165 
1.267608 0.275000 35.699477 0.981736 0.272022 
1.260007 0.265000 35.699477 0.946036 0.263870 
1.248508 0.255000 35.699477 0.910337 0.251554 
1.240776 0.245000 35.699477 0.874637 0.243283 
1.232991 0.235000 35.699477 0.838938 0.234962 
1.221214 0.225000 35.699477 0.803238 0.222383 
1.213296 0.215000 35.699477 0.767539 0.213931 
1.201316 0.205000 35.699477 0.731839 0.201150 
1.193260 0.195000 35.699477 0.696140 0.192558 
1.185150 0.185000 35.699477 0.660440 0.183908 
1.172879 0.175000 35.699477 0.624741 0.170820 
1.164629 0.165000 35.699477 0.589041 0.162016 
1.156321 0.155000 35.699477 0.553342 0.153149 
1.147956 0.145000 35.699477 0.517642 0.144216 
1.135300 0.135000 35.699477 0.481943 0.130689 
1.126790 0.125000 35.699477 0.446243 0.121584 
1.118221 0.115000 35.699477 0.410544 0.112406 
1.109593 0.105000 35.699477 0.374845 0.103154 
1.100904 0.095000 35.699477 0.339145 0.093826 
1.092155 0.085000 35.699477 0.303446 0.084420 
1.083345 0.075000 35.699477 0.267746 0.074934 
1.070014 0.065000 35.699477 0.232047 0.060549 
1.061049 0.055000 35.699477 0.196347 0.050851 
1.052021 0.045000 35.699477 0.160648 0.041066 
1.042930 0.035000 35.699477 0.124948 0.031189 
1.033774 0.025000 35.699477 0.089249 0.021219 
1.024554 0.015000 35.699477 0.053549 0.011152 
