1.999998 9.985000 1.657023 1.654537 2.877626 
1.999998 9.975000 1.657023 1.652880 2.877626 
1.999998 9.965000 1.657023 1.651223 2.877626 
1.999998 9.955000 1.657023 1.649566 2.877626 
1.999998 9.945000 1.657023 1.647909 2.877626 
1.999998 9.935000 1.657023 1.646252 2.877626 
1.999998 9.925000 1.657023 1.644595 2.877626 
1.999998 9.915000 1.657023 1.642938 2.877626 
1.999998 9.905000 1.657023 1.641281 2.877626 
1.999998 9.895000 1.657023 1.639624 2.877626 
1.999998 9.885000 1.657023 1.637967 2.877626 
1.999998 9.875000 1.657023 1.636310 2.877626 
1.999998 9.865000 1.657023 1.634653 2.877626 
1.999998 9.855000 1.657023 1.632996 2.877626 
1.999998 9.845000 1.657023 1.631339 2.877626 
1.999998 9.835000 1.657023 1.629682 2.877626 
1.999998 9.825000 1.657023 1.628025 2.877626 
1.999998 9.815000 1.657023 1.626368 2.877626 
1.999998 9.805000 1.657023 1.624711 2.877626 
1.999998 9.795000 1.657023 1.623054 2.877626 
1.999998 9.785000 1.657023 1.621397 2.877626 
1.999998 9.775000 1.657023 1.619740 2.877626 
1.999998 9.765000 1.657023 1.618083 2.877626 
1.999998 9.755000 1.657023 1.616426 2.877626 
1.999998 9.745000 1.657023 1.614769 2.877626 
1.999998 9.735000 1.657023 1.613112 2.877626 
1.999998 9.725000 1.657023 1.611455 2.877626 
1.999998 9.715000 1.657023 1.609798 2.877626 
1.999998 9.705000 1.657023 1.608141 2.877626 
1.999998 9.695000 1.657023 1.606484 2.877626 
1.999998 9.685000 1.657023 1.604827 2.877626 
1.999998 9.675000 1.657023 1.603170 2.877626 
1.999998 9.665000 1.657023 1.601513 2.877626 
1.999998 9.655000 1.657023 1.599856 2.877626 
1.999998 9.645000 1.657023 1.598199 2.877626 
1.999998 9.635000 1.657023 1.596542 2.877626 
1.999998 9.625000 1.657023 1.594885 2.877626 
1.999998 9.615000 1.657023 1.593228 2.877626 
1.999998 9.605000 1.657023 1.591571 2.877626 
1.999998 9.595000 1.657023 1.589914 2.877626 
1.999998 9.585000 1.657023 1.588257 2.877626 
1.999998 9.575000 1.657023 1.586599 2.877626 
1.999998 9.565000 1.657023 1.584942 2.877626 
1.999998 9.555000 1.657023 1.583285 2.877626 
1.999998 9.545000 1.657023 1.581628 2.877626 
1.999998 9.535000 1.657023 1.579971 2.877626 
1.999998 9.525000 1.657023 1.578314 2.877626 
1.999998 9.515000 1.657023 1.576657 2.877626 
1.999998 9.505000 1.657023 1.575000 2.877626 
1.999998 9.495000 1.657023 1.573343 2.877626 
1.999998 9.485000 1.657023 1.571686 2.877626 
1.999998 9.475000 1.657023 1.570029 2.877626 
1.999998 9.465000 1.657023 1.568372 2.877626 
1.999998 9.455000 1.657023 1.566715 2.877626 
1.999998 9.445000 1.657023 1.565058 2.877626 
1.999998 9.435000 1.657023 1.563401 2.877626 
1.999998 9.425000 1.657023 1.561744 2.877626 
1.999998 9.415000 1.657023 1.560087 2.877626 
1.999998 9.405000 1.657023 1.558430 2.877626 
1.999998 9.395000 1.657023 1.556773 2.877626 
1.999998 9.385000 1.657023 1.555116 2.877626 
1.999998 9.375000 1.657023 1.553459 2.877626 
1.999998 9.365000 1.657023 1.551802 2.877626 
1.999998 9.355000 1.657023 1.550145 2.877626 
1.999998 9.345000 1.657023 1.548488 2.877626 
1.999998 9.335000 1.657023 1.546831 2.877626 
1.999998 9.325000 1.657023 1.545174 2.877626 
1.999998 9.315000 1.657023 1.543517 2.877626 
1.999998 9.305000 1.657023 1.541860 2.877626 
1.999998 9.295000 1.657023 1.540203 2.877626 
1.999998 9.285000 1.657023 1.538546 2.877626 
1.999998 9.275000 1.657023 1.536889 2.877626 
1.999998 9.265000 1.657023 1.535232 2.877626 
1.999998 9.255000 1.657023 1.533575 2.877626 
1.999998 9.245000 1.657023 1.531918 2.877626 
1.999998 9.235000 1.657023 1.530261 2.877626 
1.999998 9.225000 1.657023 1.528604 2.877626 
1.999998 9.215000 1.657023 1.526947 2.877626 
1.999998 9.205000 1.657023 1.525290 2.877626 
1.999998 9.195000 1.657023 1.523633 2.877626 
1.999998 9.185000 1.657023 1.521976 2.877626 
1.999998 9.175000 1.657023 1.520319 2.877626 
1.999998 9.165000 1.657023 1.518662 2.877626 
1.999998 9.155000 1.657023 1.517005 2.877626 
1.999998 9.145000 1.657023 1.515347 2.877626 
1.999998 9.135000 1.657023 1.513690 2.877626 
1.999998 9.125000 1.657023 1.512033 2.877626 
1.999998 9.115000 1.657023 1.510376 2.877626 
1.999998 9.105000 1.657023 1.508719 2.877626 
1.999998 9.095000 1.657023 1.507062 2.877626 
1.999998 9.085000 1.657023 1.505405 2.877626 
1.999998 9.075000 1.657023 1.503748 2.877626 
1.999998 9.065000 1.657023 1.502091 2.877626 
1.999998 9.055000 1.657023 1.500434 2.877626 
1.999998 9.045000 1.657023 1.498777 2.877626 
1.999998 9.035000 1.657023 1.497120 2.877626 
1.999998 9.025000 1.657023 1.495463 2.877626 
1.999998 9.015000 1.657023 1.493806 2.877626 
1.999998 9.005000 1.657023 1.492149 2.877626 
1.999998 8.995000 1.657023 1.490492 2.877626 
1.999998 8.985000 1.657023 1.488835 2.877626 
1.999998 8.975000 1.657023 1.487178 2.877626 
1.999998 8.965000 1.657023 1.485521 2.877626 
1.999998 8.955000 1.657023 1.483864 2.877626 
1.999998 8.945000 1.657023 1.482207 2.877626 
1.999998 8.935000 1.657023 1.480550 2.877626 
1.999998 8.925000 1.657023 1.478893 2.877626 
1.999998 8.915000 1.657023 1.477236 2.877626 
1.999998 8.905000 1.657023 1.475579 2.877626 
1.999998 8.895000 1.657023 1.473922 2.877626 
1.999998 8.885000 1.657023 1.472265 2.877626 
1.999998 8.875000 1.657023 1.470608 2.877626 
1.999998 8.865000 1.657023 1.468951 2.877626 
1.999998 8.855000 1.657023 1.467294 2.877626 
1.999998 8.845000 1.657023 1.465637 2.877626 
1.999998 8.835000 1.657023 1.463980 2.877626 
1.999998 8.825000 1.657023 1.462323 2.877626 
1.999998 8.815000 1.657023 1.460666 2.877626 
1.999998 8.805000 1.657023 1.459009 2.877626 
1.999998 8.795000 1.657023 1.457352 2.877626 
1.999998 8.785000 1.657023 1.455695 2.877626 
1.999998 8.775000 1.657023 1.454038 2.877626 
1.999998 8.765000 1.657023 1.452381 2.877626 
1.999998 8.755000 1.657023 1.450724 2.877626 
1.999998 8.745000 1.657023 1.449067 2.877626 
1.999998 8.735000 1.657023 1.447410 2.877626 
1.999998 8.725000 1.657023 1.445753 2.877626 
1.999998 8.715000 1.657023 1.444096 2.877626 
1.999998 8.705000 1.657023 1.442438 2.877626 
1.999998 8.695000 1.657023 1.440781 2.877626 
1.999998 8.685000 1.657023 1.439124 2.877626 
1.999998 8.675000 1.657023 1.437467 2.877626 
1.999998 8.665000 1.657023 1.435810 2.877626 
1.999998 8.655000 1.657023 1.434153 2.877626 
1.999998 8.645000 1.657023 1.432496 2.877626 
1.999998 8.635000 1.657023 1.430839 2.877626 
1.999998 8.625000 1.657023 1.429182 2.877626 
1.999998 8.615000 1.657023 1.427525 2.877626 
1.999998 8.605000 1.657023 1.425868 2.877626 
1.999998 8.595000 1.657023 1.424211 2.877626 
1.999998 8.585000 1.657023 1.422554 2.877626 
1.999998 8.575000 1.657023 1.420897 2.877626 
1.999998 8.565000 1.657023 1.419240 2.877626 
1.999998 8.555000 1.657023 1.417583 2.877626 
1.999998 8.545000 1.657023 1.415926 2.877626 
1.999998 8.535000 1.657023 1.414269 2.877626 
1.999998 8.525000 1.657023 1.412612 2.877626 
1.999998 8.515000 1.657023 1.410955 2.877626 
1.999998 8.505000 1.657023 1.409298 2.877626 
1.999998 8.495000 1.657023 1.407641 2.877626 
1.999998 8.485000 1.657023 1.405984 2.877626 
1.999998 8.475000 1.657023 1.404327 2.877626 
1.999998 8.465000 1.657023 1.402670 2.877626 
1.999998 8.455000 1.657023 1.401013 2.877626 
1.999998 8.445000 1.657023 1.399356 2.877626 
1.999998 8.435000 1.657023 1.397699 2.877626 
1.999998 8.425000 1.657023 1.396042 2.877626 
1.999998 8.415000 1.657023 1.394385 2.877626 
1.999998 8.405000 1.657023 1.392728 2.877626 
1.999998 8.395000 1.657023 1.391071 2.877626 
1.999998 8.385000 1.657023 1.389414 2.877626 
1.999998 8.375000 1.657023 1.387757 2.877626 
1.999998 8.365000 1.657023 1.386100 2.877626 
1.999998 8.355000 1.657023 1.384443 2.877626 
1.999998 8.345000 1.657023 1.382786 2.877626 
1.999998 8.335000 1.657023 1.381129 2.877626 
1.999998 8.325000 1.657023 1.379472 2.877626 
1.999998 8.315000 1.657023 1.377815 2.877626 
1.999998 8.305000 1.657023 1.376158 2.877626 
1.999998 8.295000 1.657023 1.374501 2.877626 
1.999998 8.285000 1.657023 1.372844 2.877626 
1.999998 8.275000 1.657023 1.371186 2.877626 
1.999998 8.265000 1.657023 1.369529 2.877626 
1.999998 8.255000 1.657023 1.367872 2.877626 
1.999998 8.245000 1.657023 1.366215 2.877626 
1.999998 8.235000 1.657023 1.364558 2.877626 
1.999998 8.225000 1.657023 1.362901 2.877626 
1.999998 8.215000 1.657023 1.361244 2.877626 
1.999998 8.205000 1.657023 1.359587 2.877626 
1.999998 8.195000 1.657023 1.357930 2.877626 
1.999998 8.185000 1.657023 1.356273 2.877626 
1.999998 8.175000 1.657023 1.354616 2.877626 
1.999998 8.165000 1.657023 1.352959 2.877626 
1.999998 8.155000 1.657023 1.351302 2.877626 
1.999998 8.145000 1.657023 1.349645 2.877626 
1.999998 8.135000 1.657023 1.347988 2.877626 
1.999998 8.125000 1.657023 1.346331 2.877626 
1.999998 8.115000 1.657023 1.344674 2.877626 
1.999998 8.105000 1.657023 1.343017 2.877626 
1.999998 8.095000 1.657023 1.341360 2.877626 
1.999998 8.085000 1.657023 1.339703 2.877626 
1.999998 8.075000 1.657023 1.338046 2.877626 
1.999998 8.065000 1.657023 1.336389 2.877626 
1.999998 8.055000 1.657023 1.334732 2.877626 
1.999998 8.045000 1.657023 1.333075 2.877626 
1.999998 8.035000 1.657023 1.331418 2.877626 
1.999998 8.025000 1.657023 1.329761 2.877626 
1.999998 8.015000 1.657023 1.328104 2.877626 
1.999998 8.005000 1.657023 1.326447 2.877626 
1.999998 7.995000 1.657023 1.324790 2.877626 
1.999998 7.985000 1.657023 1.323133 2.877626 
1.999998 7.975000 1.657023 1.321476 2.877626 
1.999998 7.965000 1.657023 1.319819 2.877626 
1.999998 7.955000 1.657023 1.318162 2.877626 
1.999998 7.945000 1.657023 1.316505 2.877626 
1.999998 7.935000 1.657023 1.314848 2.877626 
1.999998 7.925000 1.657023 1.313191 2.877626 
1.999998 7.915000 1.657023 1.311534 2.877626 
1.999998 7.905000 1.657023 1.309877 2.877626 
1.999998 7.895000 1.657023 1.308220 2.877626 
1.999998 7.885000 1.657023 1.306563 2.877626 
1.999998 7.875000 1.657023 1.304906 2.877626 
1.999998 7.865000 1.657023 1.303249 2.877626 
1.999998 7.855000 1.657023 1.301592 2.877626 
1.999998 7.845000 1.657023 1.299935 2.877626 
1.999998 7.835000 1.657023 1.298277 2.877626 
1.999998 7.825000 1.657023 1.296620 2.877626 
1.999998 7.815000 1.657023 1.294963 2.877626 
1.999998 7.805000 1.657023 1.293306 2.877626 
1.999998 7.795000 1.657023 1.291649 2.877626 
1.999998 7.785000 1.657023 1.289992 2.877626 
1.999998 7.775000 1.657023 1.288335 2.877626 
1.999998 7.765000 1.657023 1.286678 2.877626 
1.999998 7.755000 1.657023 1.285021 2.877626 
1.999998 7.745000 1.657023 1.283364 2.877626 
1.999998 7.735000 1.657023 1.281707 2.877626 
1.999998 7.725000 1.657023 1.280050 2.877626 
1.999998 7.715000 1.657023 1.278393 2.877626 
1.999998 7.705000 1.657023 1.276736 2.877626 
1.999998 7.695000 1.657023 1.275079 2.877626 
1.999998 7.685000 1.657023 1.273422 2.877626 
1.999998 7.675000 1.657023 1.271765 2.877626 
1.999998 7.665000 1.657023 1.270108 2.877626 
1.999998 7.655000 1.657023 1.268451 2.877626 
1.999998 7.645000 1.657023 1.266794 2.877626 
1.999998 7.635000 1.657023 1.265137 2.877626 
1.999998 7.625000 1.657023 1.263480 2.877626 
1.999998 7.615000 1.657023 1.261823 2.877626 
1.999998 7.605000 1.657023 1.260166 2.877626 
1.999998 7.595000 1.657023 1.258509 2.877626 
1.999998 7.585000 1.657023 1.256852 2.877626 
1.999998 7.575000 1.657023 1.255195 2.877626 
1.999998 7.565000 1.657023 1.253538 2.877626 
1.999998 7.555000 1.657023 1.251881 2.877626 
1.999998 7.545000 1.657023 1.250224 2.877626 
1.999998 7.535000 1.657023 1.248567 2.877626 
1.999998 7.525000 1.657023 1.246910 2.877626 
1.999998 7.515000 1.657023 1.245253 2.877626 
1.999998 7.505000 1.657023 1.243596 2.877626 
1.999998 7.495000 1.657023 1.241939 2.877626 
1.999998 7.485000 1.657023 1.240282 2.877626 
1.999998 7.475000 1.657023 1.238625 2.877626 
1.999998 7.465000 1.657023 1.236968 2.877626 
1.999998 7.455000 1.657023 1.235311 2.877626 
1.999998 7.445000 1.657023 1.233654 2.877626 
1.999998 7.435000 1.657023 1.231997 2.877626 
1.999998 7.425000 1.657023 1.230340 2.877626 
1.999998 7.415000 1.657023 1.228683 2.877626 
1.999998 7.405000 1.657023 1.227025 2.877626 
1.999998 7.395000 1.657023 1.225368 2.877626 
1.999998 7.385000 1.657023 1.223711 2.877626 
1.999998 7.375000 1.657023 1.222054 2.877626 
1.999998 7.365000 1.657023 1.220397 2.877626 
1.999998 7.355000 1.657023 1.218740 2.877626 
1.999998 7.345000 1.657023 1.217083 2.877626 
1.999998 7.335000 1.657023 1.215426 2.877626 
1.999998 7.325000 1.657023 1.213769 2.877626 
1.999998 7.315000 1.657023 1.212112 2.877626 
1.999998 7.305000 1.657023 1.210455 2.877626 
1.999998 7.295000 1.657023 1.208798 2.877626 
1.999998 7.285000 1.657023 1.207141 2.877626 
1.999998 7.275000 1.657023 1.205484 2.877626 
1.999998 7.265000 1.657023 1.203827 2.877626 
1.999998 7.255000 1.657023 1.202170 2.877626 
1.999998 7.245000 1.657023 1.200513 2.877626 
1.999998 7.235000 1.657023 1.198856 2.877626 
1.999998 7.225000 1.657023 1.197199 2.877626 
1.999998 7.215000 1.657023 1.195542 2.877626 
1.999998 7.205000 1.657023 1.193885 2.877626 
1.999998 7.195000 1.657023 1.192228 2.877626 
1.999998 7.185000 1.657023 1.190571 2.877626 
1.999998 7.175000 1.657023 1.188914 2.877626 
1.999998 7.165000 1.657023 1.187257 2.877626 
1.999998 7.155000 1.657023 1.185600 2.877626 
1.999998 7.145000 1.657023 1.183943 2.877626 
1.999998 7.135000 1.657023 1.182286 2.877626 
1.999998 7.125000 1.657023 1.180629 2.877626 
1.999998 7.115000 1.657023 1.178972 2.877626 
1.999998 7.105000 1.657023 1.177315 2.877626 
1.999998 7.095000 1.657023 1.175658 2.877626 
1.999998 7.085000 1.657023 1.174001 2.877626 
1.999998 7.075000 1.657023 1.172344 2.877626 
1.999998 7.065000 1.657023 1.170687 2.877626 
1.999998 7.055000 1.657023 1.169030 2.877626 
1.999998 7.045000 1.657023 1.167373 2.877626 
1.999998 7.035000 1.657023 1.165716 2.877626 
1.999998 7.025000 1.657023 1.164059 2.877626 
1.999998 7.015000 1.657023 1.162402 2.877626 
1.999998 7.005000 1.657023 1.160745 2.877626 
1.999998 6.995000 1.657023 1.159088 2.877626 
1.999998 6.985000 1.657023 1.157431 2.877626 
1.999998 6.975000 1.657023 1.155774 2.877626 
1.999998 6.965000 1.657023 1.154116 2.877626 
1.999998 6.955000 1.657023 1.152459 2.877626 
1.999998 6.945000 1.657023 1.150802 2.877626 
1.999998 6.935000 1.657023 1.149145 2.877626 
1.999998 6.925000 1.657023 1.147488 2.877626 
1.999998 6.915000 1.657023 1.145831 2.877626 
1.999998 6.905000 1.657023 1.144174 2.877626 
1.999998 6.895000 1.657023 1.142517 2.877626 
1.999998 6.885000 1.657023 1.140860 2.877626 
1.999998 6.875000 1.657023 1.139203 2.877626 
1.999998 6.865000 1.657023 1.137546 2.877626 
1.999998 6.855000 1.657023 1.135889 2.877626 
1.999998 6.845000 1.657023 1.134232 2.877626 
1.999998 6.835000 1.657023 1.132575 2.877626 
1.999998 6.825000 1.657023 1.130918 2.877626 
1.999998 6.815000 1.657023 1.129261 2.877626 
1.999998 6.805000 1.657023 1.127604 2.877626 
1.999998 6.795000 1.657023 1.125947 2.877626 
1.999998 6.785000 1.657023 1.124290 2.877626 
1.999998 6.775000 1.657023 1.122633 2.877626 
1.999998 6.765000 1.657023 1.120976 2.877626 
1.999998 6.755000 1.657023 1.119319 2.877626 
1.999998 6.745000 1.657023 1.117662 2.877626 
1.999998 6.735000 1.657023 1.116005 2.877626 
1.999998 6.725000 1.657023 1.114348 2.877626 
1.999998 6.715000 1.657023 1.112691 2.877626 
1.999998 6.705000 1.657023 1.111034 2.877626 
1.999998 6.695000 1.657023 1.109377 2.877626 
1.999998 6.685000 1.657023 1.107720 2.877626 
1.999998 6.675000 1.657023 1.106063 2.877626 
1.999998 6.665000 1.657023 1.104406 2.877626 
1.999998 6.655000 1.657023 1.102749 2.877626 
1.999998 6.645000 1.657023 1.101092 2.877626 
1.999998 6.635000 1.657023 1.099435 2.877626 
1.999998 6.625000 1.657023 1.097778 2.877626 
1.999998 6.615000 1.657023 1.096121 2.877626 
1.999998 6.605000 1.657023 1.094464 2.877626 
1.999998 6.595000 1.657023 1.092807 2.877626 
1.999998 6.585000 1.657023 1.091150 2.877626 
1.999998 6.575000 1.657023 1.089493 2.877626 
1.999998 6.565000 1.657023 1.087836 2.877626 
1.999998 6.555000 1.657023 1.086179 2.877626 
1.999998 6.545000 1.657023 1.084522 2.877626 
1.999998 6.535000 1.657023 1.082865 2.877626 
1.999998 6.525000 1.657023 1.081207 2.877626 
1.999998 6.515000 1.657023 1.079550 2.877626 
1.999998 6.505000 1.657023 1.077893 2.877626 
1.999998 6.495000 1.657023 1.076236 2.877626 
1.999998 6.485000 1.657023 1.074579 2.877626 
1.999998 6.475000 1.657023 1.072922 2.877626 
1.999998 6.465000 1.657023 1.071265 2.877626 
1.999998 6.455000 1.657023 1.069608 2.877626 
1.999998 6.445000 1.657023 1.067951 2.877626 
1.999998 6.435000 1.657023 1.066294 2.877626 
1.999998 6.425000 1.657023 1.064637 2.877626 
1.999998 6.415000 1.657023 1.062980 2.877626 
1.999998 6.405000 1.657023 1.061323 2.877626 
1.999998 6.395000 1.657023 1.059666 2.877626 
1.999998 6.385000 1.657023 1.058009 2.877626 
1.999998 6.375000 1.657023 1.056352 2.877626 
1.999998 6.365000 1.657023 1.054695 2.877626 
1.999998 6.355000 1.657023 1.053038 2.877626 
1.999998 6.345000 1.657023 1.051381 2.877626 
1.999998 6.335000 1.657023 1.049724 2.877626 
1.999998 6.325000 1.657023 1.048067 2.877626 
1.999998 6.315000 1.657023 1.046410 2.877626 
1.999998 6.305000 1.657023 1.044753 2.877626 
1.999998 6.295000 1.657023 1.043096 2.877626 
1.999998 6.285000 1.657023 1.041439 2.877626 
1.999998 6.275000 1.657023 1.039782 2.877626 
1.999998 6.265000 1.657023 1.038125 2.877626 
1.999998 6.255000 1.657023 1.036468 2.877626 
1.999998 6.245000 1.657023 1.034811 2.877626 
1.999998 6.235000 1.657023 1.033154 2.877626 
1.999998 6.225000 1.657023 1.031497 2.877626 
1.999998 6.215000 1.657023 1.029840 2.877626 
1.999998 6.205000 1.657023 1.028183 2.877626 
1.999998 6.195000 1.657023 1.026526 2.877626 
1.999998 6.185000 1.657023 1.024869 2.877626 
1.999998 6.175000 1.657023 1.023212 2.877626 
1.999998 6.165000 1.657023 1.021555 2.877626 
1.999998 6.155000 1.657023 1.019898 2.877626 
1.999998 6.145000 1.657023 1.018241 2.877626 
1.999998 6.135000 1.657023 1.016584 2.877626 
1.999998 6.125000 1.657023 1.014927 2.877626 
1.999998 6.115000 1.657023 1.013270 2.877626 
1.999998 6.105000 1.657023 1.011613 2.877626 
1.999998 6.095000 1.657023 1.009955 2.877626 
1.999998 6.085000 1.657023 1.008298 2.877626 
1.999998 6.075000 1.657023 1.006641 2.877626 
1.999998 6.065000 1.657023 1.004984 2.877626 
1.999998 6.055000 1.657023 1.003327 2.877626 
1.999998 6.045000 1.657023 1.001670 2.877626 
1.999998 6.035000 1.657023 1.000013 2.877626 
1.999998 6.025000 1.657023 0.998356 2.877626 
1.999998 6.015000 1.657023 0.996699 2.877626 
1.999998 6.005000 1.657023 0.995042 2.877626 
1.999998 5.995000 1.657023 0.993385 2.877626 
1.999998 5.985000 1.657023 0.991728 2.877626 
1.999998 5.975000 1.657023 0.990071 2.877626 
1.999998 5.965000 1.657023 0.988414 2.877626 
1.999998 5.955000 1.657023 0.986757 2.877626 
1.999998 5.945000 1.657023 0.985100 2.877626 
1.999998 5.935000 1.657023 0.983443 2.877626 
1.999998 5.925000 1.657023 0.981786 2.877626 
1.999998 5.915000 1.657023 0.980129 2.877626 
1.999998 5.905000 1.657023 0.978472 2.877626 
1.999998 5.895000 1.657023 0.976815 2.877626 
1.999998 5.885000 1.657023 0.975158 2.877626 
1.999998 5.875000 1.657023 0.973501 2.877626 
1.999998 5.865000 1.657023 0.971844 2.877626 
1.999998 5.855000 1.657023 0.970187 2.877626 
1.999998 5.845000 1.657023 0.968530 2.877626 
1.999998 5.835000 1.657023 0.966873 2.877626 
1.999998 5.825000 1.657023 0.965216 2.877626 
1.999998 5.815000 1.657023 0.963559 2.877626 
1.999998 5.805000 1.657023 0.961902 2.877626 
1.999998 5.795000 1.657023 0.960245 2.877626 
1.999998 5.785000 1.657023 0.958588 2.877626 
1.999998 5.775000 1.657023 0.956931 2.877626 
1.999998 5.765000 1.657023 0.955274 2.877626 
1.999998 5.755000 1.657023 0.953617 2.877626 
1.999998 5.745000 1.657023 0.951960 2.877626 
1.999998 5.735000 1.657023 0.950303 2.877626 
1.999998 5.725000 1.657023 0.948646 2.877626 
1.999998 5.715000 1.657023 0.946989 2.877626 
1.999998 5.705000 1.657023 0.945332 2.877626 
1.999998 5.695000 1.657023 0.943675 2.877626 
1.999998 5.685000 1.657023 0.942018 2.877626 
1.999998 5.675000 1.657023 0.940361 2.877626 
1.999998 5.665000 1.657023 0.938704 2.877626 
1.999998 5.655000 1.657023 0.937046 2.877626 
1.999998 5.645000 1.657023 0.935389 2.877626 
1.999998 5.635000 1.657023 0.933732 2.877626 
1.999998 5.625000 1.657023 0.932075 2.877626 
1.999998 5.615000 1.657023 0.930418 2.877626 
1.999998 5.605000 1.657023 0.928761 2.877626 
1.999998 5.595000 1.657023 0.927104 2.877626 
1.999998 5.585000 1.657023 0.925447 2.877626 
1.999998 5.575000 1.657023 0.923790 2.877626 
1.999998 5.565000 1.657023 0.922133 2.877626 
1.999998 5.555000 1.657023 0.920476 2.877626 
1.999998 5.545000 1.657023 0.918819 2.877626 
1.999998 5.535000 1.657023 0.917162 2.877626 
1.999998 5.525000 1.657023 0.915505 2.877626 
1.999998 5.515000 1.657023 0.913848 2.877626 
1.999998 5.505000 1.657023 0.912191 2.877626 
1.999998 5.495000 1.657023 0.910534 2.877626 
1.999998 5.485000 1.657023 0.908877 2.877626 
1.999998 5.475000 1.657023 0.907220 2.877626 
1.999998 5.465000 1.657023 0.905563 2.877626 
1.999998 5.455000 1.657023 0.903906 2.877626 
1.999998 5.445000 1.657023 0.902249 2.877626 
1.999998 5.435000 1.657023 0.900592 2.877626 
1.999998 5.425000 1.657023 0.898935 2.877626 
1.999998 5.415000 1.657023 0.897278 2.877626 
1.999998 5.405000 1.657023 0.895621 2.877626 
1.999998 5.395000 1.657023 0.893964 2.877626 
1.999998 5.385000 1.657023 0.892307 2.877626 
1.999998 5.375000 1.657023 0.890650 2.877626 
1.999998 5.365000 1.657023 0.888993 2.877626 
1.999998 5.355000 1.657023 0.887336 2.877626 
1.999998 5.345000 1.657023 0.885679 2.877626 
1.999998 5.335000 1.657023 0.884022 2.877626 
1.999998 5.325000 1.657023 0.882365 2.877626 
1.999998 5.315000 1.657023 0.880708 2.877626 
1.999998 5.305000 1.657023 0.879051 2.877626 
1.999998 5.295000 1.657023 0.877394 2.877626 
1.999998 5.285000 1.657023 0.875737 2.877626 
1.999998 5.275000 1.657023 0.874080 2.877626 
1.999998 5.265000 1.657023 0.872423 2.877626 
1.999998 5.255000 1.657023 0.870766 2.877626 
1.999998 5.245000 1.657023 0.869109 2.877626 
1.999998 5.235000 1.657023 0.867452 2.877626 
1.999998 5.225000 1.657023 0.865794 2.877626 
1.999998 5.215000 1.657023 0.864137 2.877626 
1.999998 5.205000 1.657023 0.862480 2.877626 
1.999998 5.195000 1.657023 0.860823 2.877626 
1.999998 5.185000 1.657023 0.859166 2.877626 
1.999998 5.175000 1.657023 0.857509 2.877626 
1.999998 5.165000 1.657023 0.855852 2.877626 
1.999998 5.155000 1.657023 0.854195 2.877626 
1.999998 5.145000 1.657023 0.852538 2.877626 
1.999998 5.135000 1.657023 0.850881 2.877626 
1.999998 5.125000 1.657023 0.849224 2.877626 
1.999998 5.115000 1.657023 0.847567 2.877626 
1.999998 5.105000 1.657023 0.845910 2.877626 
1.999998 5.095000 1.657023 0.844253 2.877626 
1.999998 5.085000 1.657023 0.842596 2.877626 
1.999998 5.075000 1.657023 0.840939 2.877626 
1.999998 5.065000 1.657023 0.839282 2.877626 
1.999998 5.055000 1.657023 0.837625 2.877626 
1.999998 5.045000 1.657023 0.835968 2.877626 
1.999998 5.035000 1.657023 0.834311 2.877626 
1.999998 5.025000 1.657023 0.832654 2.877626 
1.999998 5.015000 1.657023 0.830997 2.877626 
1.999998 5.005000 1.657023 0.829340 2.877626 
1.999998 4.995000 1.657023 0.827683 2.877626 
1.999998 4.985000 1.657023 0.826026 2.877626 
1.999998 4.975000 1.657023 0.824369 2.877626 
1.999998 4.965000 1.657023 0.822712 2.877626 
1.999998 4.955000 1.657023 0.821055 2.877626 
1.999998 4.945000 1.657023 0.819398 2.877626 
1.999998 4.935000 1.657023 0.817741 2.877626 
1.999998 4.925000 1.657023 0.816084 2.877626 
1.999998 4.915000 1.657023 0.814427 2.877626 
1.999998 4.905000 1.657023 0.812770 2.877626 
1.999998 4.895000 1.657023 0.811113 2.877626 
1.999998 4.885000 1.657023 0.809456 2.877626 
1.999998 4.875000 1.657023 0.807799 2.877626 
1.999998 4.865000 1.657023 0.806142 2.877626 
1.999998 4.855000 1.657023 0.804485 2.877626 
1.999998 4.845000 1.657023 0.802828 2.877626 
1.999998 4.835000 1.657023 0.801171 2.877626 
1.999998 4.825000 1.657023 0.799514 2.877626 
1.999998 4.815000 1.657023 0.797857 2.877626 
1.999998 4.805000 1.657023 0.796200 2.877626 
1.999998 4.795000 1.657023 0.794543 2.877626 
1.999998 4.785000 1.657023 0.792885 2.877626 
1.999998 4.775000 1.657023 0.791228 2.877626 
1.999998 4.765000 1.657023 0.789571 2.877626 
1.999998 4.755000 1.657023 0.787914 2.877626 
1.999998 4.745000 1.657023 0.786257 2.877626 
1.999998 4.735000 1.657023 0.784600 2.877626 
1.999998 4.725000 1.657023 0.782943 2.877626 
1.999998 4.715000 1.657023 0.781286 2.877626 
1.999998 4.705000 1.657023 0.779629 2.877626 
1.999998 4.695000 1.657023 0.777972 2.877626 
1.999998 4.685000 1.657023 0.776315 2.877626 
1.999998 4.675000 1.657023 0.774658 2.877626 
1.999998 4.665000 1.657023 0.773001 2.877626 
1.999998 4.655000 1.657023 0.771344 2.877626 
1.999998 4.645000 1.657023 0.769687 2.877626 
1.999998 4.635000 1.657023 0.768030 2.877626 
1.999998 4.625000 1.657023 0.766373 2.877626 
1.999998 4.615000 1.657023 0.764716 2.877626 
1.999998 4.605000 1.657023 0.763059 2.877626 
1.999998 4.595000 1.657023 0.761402 2.877626 
1.999998 4.585000 1.657023 0.759745 2.877626 
1.999998 4.575000 1.657023 0.758088 2.877626 
1.999998 4.565000 1.657023 0.756431 2.877626 
1.999998 4.555000 1.657023 0.754774 2.877626 
1.999998 4.545000 1.657023 0.753117 2.877626 
1.999998 4.535000 1.657023 0.751460 2.877626 
1.999998 4.525000 1.657023 0.749803 2.877626 
1.999998 4.515000 1.657023 0.748146 2.877626 
1.999998 4.505000 1.657023 0.746489 2.877626 
1.999998 4.495000 1.657023 0.744832 2.877626 
1.999998 4.485000 1.657023 0.743175 2.877626 
1.999998 4.475000 1.657023 0.741518 2.877626 
1.999998 4.465000 1.657023 0.739861 2.877626 
1.999998 4.455000 1.657023 0.738204 2.877626 
1.999998 4.445000 1.657023 0.736547 2.877626 
1.999998 4.435000 1.657023 0.734890 2.877626 
1.999998 4.425000 1.657023 0.733233 2.877626 
1.999998 4.415000 1.657023 0.731576 2.877626 
1.999998 4.405000 1.657023 0.729919 2.877626 
1.999998 4.395000 1.657023 0.728262 2.877626 
1.999998 4.385000 1.657023 0.726605 2.877626 
1.999998 4.375000 1.657023 0.724948 2.877626 
1.999998 4.365000 1.657023 0.723291 2.877626 
1.999998 4.355000 1.657023 0.721633 2.877626 
1.999998 4.345000 1.657023 0.719976 2.877626 
1.999998 4.335000 1.657023 0.718319 2.877626 
1.999998 4.325000 1.657023 0.716662 2.877626 
1.999998 4.315000 1.657023 0.715005 2.877626 
1.999998 4.305000 1.657023 0.713348 2.877626 
1.999998 4.295000 1.657023 0.711691 2.877626 
1.999998 4.285000 1.657023 0.710034 2.877626 
1.999998 4.275000 1.657023 0.708377 2.877626 
1.999998 4.265000 1.657023 0.706720 2.877626 
1.999998 4.255000 1.657023 0.705063 2.877626 
1.999998 4.245000 1.657023 0.703406 2.877626 
1.999998 4.235000 1.657023 0.701749 2.877626 
1.999998 4.225000 1.657023 0.700092 2.877626 
1.999998 4.215000 1.657023 0.698435 2.877626 
1.999998 4.205000 1.657023 0.696778 2.877626 
1.999998 4.195000 1.657023 0.695121 2.877626 
1.999998 4.185000 1.657023 0.693464 2.877626 
1.999998 4.175000 1.657023 0.691807 2.877626 
1.999998 4.165000 1.657023 0.690150 2.877626 
1.999998 4.155000 1.657023 0.688493 2.877626 
1.999998 4.145000 1.657023 0.686836 2.877626 
1.999998 4.135000 1.657023 0.685179 2.877626 
1.999998 4.125000 1.657023 0.683522 2.877626 
1.999998 4.115000 1.657023 0.681865 2.877626 
1.999998 4.105000 1.657023 0.680208 2.877626 
1.999998 4.095000 1.657023 0.678551 2.877626 
1.999998 4.085000 1.657023 0.676894 2.877626 
1.999998 4.075000 1.657023 0.675237 2.877626 
1.999998 4.065000 1.657023 0.673580 2.877626 
1.999998 4.055000 1.657023 0.671923 2.877626 
1.999998 4.045000 1.657023 0.670266 2.877626 
1.999998 4.035000 1.657023 0.668609 2.877626 
1.999998 4.025000 1.657023 0.666952 2.877626 
1.999998 4.015000 1.657023 0.665295 2.877626 
1.999998 4.005000 1.657023 0.663638 2.877626 
1.999998 3.995000 1.657023 0.661981 2.877626 
1.999998 3.985000 1.657023 0.660324 2.877626 
1.999998 3.975000 1.657023 0.658667 2.877626 
1.999998 3.965000 1.657023 0.657010 2.877626 
1.999998 3.955000 1.657023 0.655353 2.877626 
1.999998 3.945000 1.657023 0.653696 2.877626 
1.999998 3.935000 1.657023 0.652039 2.877626 
1.999998 3.925000 1.657023 0.650382 2.877626 
1.999998 3.915000 1.657023 0.648724 2.877626 
1.999998 3.905000 1.657023 0.647067 2.877626 
1.999998 3.895000 1.657023 0.645410 2.877626 
1.999998 3.885000 1.657023 0.643753 2.877626 
1.999998 3.875000 1.657023 0.642096 2.877626 
1.999998 3.865000 1.657023 0.640439 2.877626 
1.999998 3.855000 1.657023 0.638782 2.877626 
1.999998 3.845000 1.657023 0.637125 2.877626 
1.999998 3.835000 1.657023 0.635468 2.877626 
1.999998 3.825000 1.657023 0.633811 2.877626 
1.999998 3.815000 1.657023 0.632154 2.877626 
1.999998 3.805000 1.657023 0.630497 2.877626 
1.999998 3.795000 1.657023 0.628840 2.877626 
1.999998 3.785000 1.657023 0.627183 2.877626 
1.999998 3.775000 1.657023 0.625526 2.877626 
1.999998 3.765000 1.657023 0.623869 2.877626 
1.999998 3.755000 1.657023 0.622212 2.877626 
1.999998 3.745000 1.657023 0.620555 2.877626 
1.999998 3.735000 1.657023 0.618898 2.877626 
1.999998 3.725000 1.657023 0.617241 2.877626 
1.999998 3.715000 1.657023 0.615584 2.877626 
1.999998 3.705000 1.657023 0.613927 2.877626 
1.999998 3.695000 1.657023 0.612270 2.877626 
1.999998 3.685000 1.657023 0.610613 2.877626 
1.999998 3.675000 1.657023 0.608956 2.877626 
1.999998 3.665000 1.657023 0.607299 2.877626 
1.999998 3.655000 1.657023 0.605642 2.877626 
1.999998 3.645000 1.657023 0.603985 2.877626 
1.999998 3.635000 1.657023 0.602328 2.877626 
1.999998 3.625000 1.657023 0.600671 2.877626 
1.999998 3.615000 1.657023 0.599014 2.877626 
1.999998 3.605000 1.657023 0.597357 2.877626 
1.999998 3.595000 1.657023 0.595700 2.877626 
1.999998 3.585000 1.657023 0.594043 2.877626 
1.999998 3.575000 1.657023 0.592386 2.877626 
1.999998 3.565000 1.657023 0.590729 2.877626 
1.999998 3.555000 1.657023 0.589072 2.877626 
1.999998 3.545000 1.657023 0.587415 2.877626 
1.999998 3.535000 1.657023 0.585758 2.877626 
1.999998 3.525000 1.657023 0.584101 2.877626 
1.999998 3.515000 1.657023 0.582444 2.877626 
1.999998 3.505000 1.657023 0.580787 2.877626 
1.999998 3.495000 1.657023 0.579130 2.877626 
1.999998 3.485000 1.657023 0.577472 2.877626 
1.999998 3.475000 1.657023 0.575815 2.877626 
1.999998 3.465000 1.657023 0.574158 2.877626 
1.999998 3.455000 1.657023 0.572501 2.877626 
1.999998 3.445000 1.657023 0.570844 2.877626 
1.999998 3.435000 1.657023 0.569187 2.877626 
1.999998 3.425000 1.657023 0.567530 2.877626 
1.999998 3.415000 1.657023 0.565873 2.877626 
1.999998 3.405000 1.657023 0.564216 2.877626 
1.999998 3.395000 1.657023 0.562559 2.877626 
1.999998 3.385000 1.657023 0.560902 2.877626 
1.999998 3.375000 1.657023 0.559245 2.877626 
1.999998 3.365000 1.657023 0.557588 2.877626 
1.999998 3.355000 1.657023 0.555931 2.877626 
1.999998 3.345000 1.657023 0.554274 2.877626 
1.999998 3.335000 1.657023 0.552617 2.877626 
1.999998 3.325000 1.657023 0.550960 2.877626 
1.999998 3.315000 1.657023 0.549303 2.877626 
1.999998 3.305000 1.657023 0.547646 2.877626 
1.999998 3.295000 1.657023 0.545989 2.877626 
1.999998 3.285000 1.657023 0.544332 2.877626 
1.999998 3.275000 1.657023 0.542675 2.877626 
1.999998 3.265000 1.657023 0.541018 2.877626 
1.999998 3.255000 1.657023 0.539361 2.877626 
1.999998 3.245000 1.657023 0.537704 2.877626 
1.999998 3.235000 1.657023 0.536047 2.877626 
1.999998 3.225000 1.657023 0.534390 2.877626 
1.999998 3.215000 1.657023 0.532733 2.877626 
1.999998 3.205000 1.657023 0.531076 2.877626 
1.999998 3.195000 1.657023 0.529419 2.877626 
1.999998 3.185000 1.657023 0.527762 2.877626 
1.999998 3.175000 1.657023 0.526105 2.877626 
1.999998 3.165000 1.657023 0.524448 2.877626 
1.999998 3.155000 1.657023 0.522791 2.877626 
1.999998 3.145000 1.657023 0.521134 2.877626 
1.999998 3.135000 1.657023 0.519477 2.877626 
1.999998 3.125000 1.657023 0.517820 2.877626 
1.999998 3.115000 1.657023 0.516163 2.877626 
1.999998 3.105000 1.657023 0.514506 2.877626 
1.999998 3.095000 1.657023 0.512849 2.877626 
1.999998 3.085000 1.657023 0.511192 2.877626 
1.999998 3.075000 1.657023 0.509535 2.877626 
1.999998 3.065000 1.657023 0.507878 2.877626 
1.999998 3.055000 1.657023 0.506221 2.877626 
1.999998 3.045000 1.657023 0.504563 2.877626 
1.999998 3.035000 1.657023 0.502906 2.877626 
1.999998 3.025000 1.657023 0.501249 2.877626 
1.999998 3.015000 1.657023 0.499592 2.877626 
1.999998 3.005000 1.657023 0.497935 2.877626 
1.999998 2.995000 1.657023 0.496278 2.877626 
1.999998 2.985000 1.657023 0.494621 2.877626 
1.999998 2.975000 1.657023 0.492964 2.877626 
1.999998 2.965000 1.657023 0.491307 2.877626 
1.999998 2.955000 1.657023 0.489650 2.877626 
1.999998 2.945000 1.657023 0.487993 2.877626 
1.999998 2.935000 1.657023 0.486336 2.877626 
1.999998 2.925000 1.657023 0.484679 2.877626 
1.999998 2.915000 1.657023 0.483022 2.877626 
1.999998 2.905000 1.657023 0.481365 2.877626 
1.999998 2.895000 1.657023 0.479708 2.877626 
1.999998 2.885000 1.657023 0.478051 2.877626 
1.999989 2.875000 1.657023 0.476394 2.292302 
1.999989 2.865000 1.657023 0.474737 2.292302 
1.999989 2.855000 1.657023 0.473080 2.292302 
1.999989 2.845000 1.657023 0.471423 2.292302 
1.999989 2.835000 1.657023 0.469766 2.292302 
1.999989 2.825000 1.657023 0.468109 2.292302 
1.999989 2.815000 1.657023 0.466452 2.292302 
1.999989 2.805000 1.657023 0.464795 2.292302 
1.999989 2.795000 1.657023 0.463138 2.292302 
1.999989 2.785000 1.657023 0.461481 2.292302 
1.999989 2.775000 1.657023 0.459824 2.292302 
1.999989 2.765000 1.657023 0.458167 2.292302 
1.999989 2.755000 1.657023 0.456510 2.292302 
1.999989 2.745000 1.657023 0.454853 2.292302 
1.999989 2.735000 1.657023 0.453196 2.292302 
1.999989 2.725000 1.657023 0.451539 2.292302 
1.999989 2.715000 1.657023 0.449882 2.292302 
1.999989 2.705000 1.657023 0.448225 2.292302 
1.999989 2.695000 1.657023 0.446568 2.292302 
1.999989 2.685000 1.657023 0.444911 2.292302 
1.999989 2.675000 1.657023 0.443254 2.292302 
1.999989 2.665000 1.657023 0.441597 2.292302 
1.999989 2.655000 1.657023 0.439940 2.292302 
1.999989 2.645000 1.657023 0.438283 2.292302 
1.999989 2.635000 1.657023 0.436626 2.292302 
1.999989 2.625000 1.657023 0.434969 2.292302 
1.999989 2.615000 1.657023 0.433312 2.292302 
1.999989 2.605000 1.657023 0.431654 2.292302 
1.999989 2.595000 1.657023 0.429997 2.292302 
1.999989 2.585000 1.657023 0.428340 2.292302 
1.999989 2.575000 1.657023 0.426683 2.292302 
1.999989 2.565000 1.657023 0.425026 2.292302 
1.999989 2.555000 1.657023 0.423369 2.292302 
1.999989 2.545000 1.657023 0.421712 2.292302 
1.999989 2.535000 1.657023 0.420055 2.292302 
1.999989 2.525000 1.657023 0.418398 2.292302 
1.999989 2.515000 1.657023 0.416741 2.292302 
1.999989 2.505000 1.657023 0.415084 2.292302 
1.999989 2.495000 1.657023 0.413427 2.292302 
1.999989 2.485000 1.657023 0.411770 2.292302 
1.999989 2.475000 1.657023 0.410113 2.292302 
1.999989 2.465000 1.657023 0.408456 2.292302 
1.999989 2.455000 1.657023 0.406799 2.292302 
1.999989 2.445000 1.657023 0.405142 2.292302 
1.999989 2.435000 1.657023 0.403485 2.292302 
1.999989 2.425000 1.657023 0.401828 2.292302 
1.999989 2.415000 1.657023 0.400171 2.292302 
1.999989 2.405000 1.657023 0.398514 2.292302 
1.999989 2.395000 1.657023 0.396857 2.292302 
1.999989 2.385000 1.657023 0.395200 2.292302 
1.999989 2.375000 1.657023 0.393543 2.292302 
1.999989 2.365000 1.657023 0.391886 2.292302 
1.999989 2.355000 1.657023 0.390229 2.292302 
1.999989 2.345000 1.657023 0.388572 2.292302 
1.999989 2.335000 1.657023 0.386915 2.292302 
1.999989 2.325000 1.657023 0.385258 2.292302 
1.999989 2.315000 1.657023 0.383601 2.292302 
1.999989 2.305000 1.657023 0.381944 2.292302 
1.999989 2.295000 1.657023 0.380287 2.292302 
1.999973 2.285000 1.657023 0.378630 1.985500 
1.999973 2.275000 1.657023 0.376973 1.985500 
1.999973 2.265000 1.657023 0.375316 1.985500 
1.999973 2.255000 1.657023 0.373659 1.985500 
1.999973 2.245000 1.657023 0.372002 1.985500 
1.999973 2.235000 1.657023 0.370345 1.985500 
1.999973 2.225000 1.657023 0.368688 1.985500 
1.999973 2.215000 1.657023 0.367031 1.985500 
1.999973 2.205000 1.657023 0.365374 1.985500 
1.999973 2.195000 1.657023 0.363717 1.985500 
1.999973 2.185000 1.657023 0.362060 1.985500 
1.999973 2.175000 1.657023 0.360402 1.985500 
1.999973 2.165000 1.657023 0.358745 1.985500 
1.999973 2.155000 1.657023 0.357088 1.985500 
1.999973 2.145000 1.657023 0.355431 1.985500 
1.999973 2.135000 1.657023 0.353774 1.985500 
1.999973 2.125000 1.657023 0.352117 1.985500 
1.999973 2.115000 1.657023 0.350460 1.985500 
1.999973 2.105000 1.657023 0.348803 1.985500 
1.999973 2.095000 1.657023 0.347146 1.985500 
1.999973 2.085000 1.657023 0.345489 1.985500 
1.999973 2.075000 1.657023 0.343832 1.985500 
1.999973 2.065000 1.657023 0.342175 1.985500 
1.999973 2.055000 1.657023 0.340518 1.985500 
1.999973 2.045000 1.657023 0.338861 1.985500 
1.999973 2.035000 1.657023 0.337204 1.985500 
1.999973 2.025000 1.657023 0.335547 1.985500 
1.999973 2.015000 1.657023 0.333890 1.985500 
1.999973 2.005000 1.657023 0.332233 1.985500 
1.999973 1.995000 1.657023 0.330576 1.985500 
1.999949 1.985000 1.657023 0.328919 1.776181 
1.999949 1.975000 1.657023 0.327262 1.776181 
1.999949 1.965000 1.657023 0.325605 1.776181 
1.999949 1.955000 1.657023 0.323948 1.776181 
1.999949 1.945000 1.657023 0.322291 1.776181 
1.999949 1.935000 1.657023 0.320634 1.776181 
1.999949 1.925000 1.657023 0.318977 1.776181 
1.999949 1.915000 1.657023 0.317320 1.776181 
1.999949 1.905000 1.657023 0.315663 1.776181 
1.999949 1.895000 1.657023 0.314006 1.776181 
1.999949 1.885000 1.657023 0.312349 1.776181 
1.999949 1.875000 1.657023 0.310692 1.776181 
1.999949 1.865000 1.657023 0.309035 1.776181 
1.999949 1.855000 1.657023 0.307378 1.776181 
1.999949 1.845000 1.657023 0.305721 1.776181 
1.999949 1.835000 1.657023 0.304064 1.776181 
1.999949 1.825000 1.657023 0.302407 1.776181 
1.999949 1.815000 1.657023 0.300750 1.776181 
1.999949 1.805000 1.657023 0.299093 1.776181 
1.999949 1.795000 1.657023 0.297436 1.776181 
1.999949 1.785000 1.657023 0.295779 1.776181 
1.999917 1.775000 1.657023 0.294122 1.617110 
1.999917 1.765000 1.657023 0.292465 1.617110 
1.999917 1.755000 1.657023 0.290808 1.617110 
1.999917 1.745000 1.657023 0.289151 1.617110 
1.999917 1.735000 1.657023 0.287493 1.617110 
1.999917 1.725000 1.657023 0.285836 1.617110 
1.999917 1.715000 1.657023 0.284179 1.617110 
1.999917 1.705000 1.657023 0.282522 1.617110 
1.999917 1.695000 1.657023 0.280865 1.617110 
1.999917 1.685000 1.657023 0.279208 1.617110 
1.999917 1.675000 1.657023 0.277551 1.617110 
1.999917 1.665000 1.657023 0.275894 1.617110 
1.999917 1.655000 1.657023 0.274237 1.617110 
1.999917 1.645000 1.657023 0.272580 1.617110 
1.999917 1.635000 1.657023 0.270923 1.617110 
1.999917 1.625000 1.657023 0.269266 1.617110 
1.999878 1.615000 1.657023 0.267609 1.488769 
1.999878 1.605000 1.657023 0.265952 1.488769 
1.999878 1.595000 1.657023 0.264295 1.488769 
1.999878 1.585000 1.657023 0.262638 1.488769 
1.999878 1.575000 1.657023 0.260981 1.488769 
1.999878 1.565000 1.657023 0.259324 1.488769 
1.999878 1.555000 1.657023 0.257667 1.488769 
1.999878 1.545000 1.657023 0.256010 1.488769 
1.999878 1.535000 1.657023 0.254353 1.488769 
1.999878 1.525000 1.657023 0.252696 1.488769 
1.999878 1.515000 1.657023 0.251039 1.488769 
1.999878 1.505000 1.657023 0.249382 1.488769 
1.999878 1.495000 1.657023 0.247725 1.488769 
1.999832 1.485000 1.657023 0.246068 1.381183 
1.999832 1.475000 1.657023 0.244411 1.381183 
1.999832 1.465000 1.657023 0.242754 1.381183 
1.999832 1.455000 1.657023 0.241097 1.381183 
1.999832 1.445000 1.657023 0.239440 1.381183 
1.999832 1.435000 1.657023 0.237783 1.381183 
1.999832 1.425000 1.657023 0.236126 1.381183 
1.999832 1.415000 1.657023 0.234469 1.381183 
1.999832 1.405000 1.657023 0.232812 1.381183 
1.999832 1.395000 1.657023 0.231155 1.381183 
1.999832 1.385000 1.657023 0.229498 1.381183 
1.999778 1.375000 1.657023 0.227841 1.288562 
1.999778 1.365000 1.657023 0.226184 1.288562 
1.999778 1.355000 1.657023 0.224527 1.288562 
1.999778 1.345000 1.657023 0.222870 1.288562 
1.999778 1.335000 1.657023 0.221213 1.288562 
1.999778 1.325000 1.657023 0.219556 1.288562 
1.999778 1.315000 1.657023 0.217899 1.288562 
1.999778 1.305000 1.657023 0.216241 1.288562 
1.999778 1.295000 1.657023 0.214584 1.288562 
1.999717 1.285000 1.657023 0.212927 1.207245 
1.999717 1.275000 1.657023 0.211270 1.207245 
1.999717 1.265000 1.657023 0.209613 1.207245 
1.999717 1.255000 1.657023 0.207956 1.207245 
1.999717 1.245000 1.657023 0.206299 1.207245 
1.999717 1.235000 1.657023 0.204642 1.207245 
1.999717 1.225000 1.657023 0.202985 1.207245 
1.999717 1.215000 1.657023 0.201328 1.207245 
1.999648 1.205000 1.657023 0.199671 1.134768 
1.999648 1.195000 1.657023 0.198014 1.134768 
1.999648 1.185000 1.657023 0.196357 1.134768 
1.999648 1.175000 1.657023 0.194700 1.134768 
1.999648 1.165000 1.657023 0.193043 1.134768 
1.999648 1.155000 1.657023 0.191386 1.134768 
1.999648 1.145000 1.657023 0.189729 1.134768 
1.999648 1.135000 1.657023 0.188072 1.134768 
1.999571 1.125000 1.657023 0.186415 1.069394 
1.999571 1.115000 1.657023 0.184758 1.069394 
1.999571 1.105000 1.657023 0.183101 1.069394 
1.999571 1.095000 1.657023 0.181444 1.069394 
1.999571 1.085000 1.657023 0.179787 1.069394 
1.999571 1.075000 1.657023 0.178130 1.069394 
1.999488 1.065000 1.657023 0.176473 1.009854 
1.999488 1.055000 1.657023 0.174816 1.009854 
1.999488 1.045000 1.657023 0.173159 1.009854 
1.999488 1.035000 1.657023 0.171502 1.009854 
1.999488 1.025000 1.657023 0.169845 1.009854 
1.999488 1.015000 1.657023 0.168188 1.009854 
1.999396 1.005000 1.657023 0.166531 0.955189 
1.999396 0.995000 1.657023 0.164874 0.955189 
1.999396 0.985000 1.657023 0.163217 0.955189 
1.999396 0.975000 1.657023 0.161560 0.955189 
1.999396 0.965000 1.657023 0.159903 0.955189 
1.999297 0.955000 1.657023 0.158246 0.904659 
1.999297 0.945000 1.657023 0.156589 0.904659 
1.999297 0.935000 1.657023 0.154932 0.904659 
1.999297 0.925000 1.657023 0.153275 0.904659 
1.999297 0.915000 1.657023 0.151618 0.904659 
1.999297 0.905000 1.657023 0.149961 0.904659 
1.999191 0.895000 1.657023 0.148304 0.857681 
1.999191 0.885000 1.657023 0.146647 0.857681 
1.999191 0.875000 1.657023 0.144990 0.857681 
1.999191 0.865000 1.657023 0.143332 0.857681 
1.999077 0.855000 1.657023 0.141675 0.813788 
1.999077 0.845000 1.657023 0.140018 0.813788 
1.999077 0.835000 1.657023 0.138361 0.813788 
1.999077 0.825000 1.657023 0.136704 0.813788 
1.999077 0.815000 1.657023 0.135047 0.813788 
1.998956 0.805000 1.657023 0.133390 0.772598 
1.998956 0.795000 1.657023 0.131733 0.772598 
1.998956 0.785000 1.657023 0.130076 0.772598 
1.998956 0.775000 1.657023 0.128419 0.772598 
1.998828 0.765000 1.657023 0.126762 0.733796 
1.998828 0.755000 1.657023 0.125105 0.733796 
1.998828 0.745000 1.657023 0.123448 0.733796 
1.998828 0.735000 1.657023 0.121791 0.733796 
1.998691 0.725000 1.657023 0.120134 0.697120 
1.998691 0.715000 1.657023 0.118477 0.697120 
1.998691 0.705000 1.657023 0.116820 0.697120 
1.998548 0.695000 1.657023 0.115163 0.662347 
1.998548 0.685000 1.657023 0.113506 0.662347 
1.998548 0.675000 1.657023 0.111849 0.662347 
1.998548 0.665000 1.657023 0.110192 0.662347 
1.998397 0.655000 1.657023 0.108535 0.629288 
1.998397 0.645000 1.657023 0.106878 0.629288 
1.998397 0.635000 1.657023 0.105221 0.629288 
1.998238 0.625000 1.657023 0.103564 0.597783 
1.998238 0.615000 1.657023 0.101907 0.597783 
1.998238 0.605000 1.657023 0.100250 0.597783 
1.998072 0.595000 1.657023 0.098593 0.567690 
1.998072 0.585000 1.657023 0.096936 0.567690 
1.998072 0.575000 1.657023 0.095279 0.567690 
1.997898 0.565000 1.657023 0.093622 0.538887 
1.997898 0.555000 1.657023 0.091965 0.538887 
1.997898 0.545000 1.657023 0.090308 0.538887 
1.997717 0.535000 1.657023 0.088651 0.511268 
1.997717 0.525000 1.657023 0.086994 0.511268 
1.997717 0.515000 1.657023 0.085337 0.511268 
1.997529 0.505000 1.657023 0.083680 0.484738 
1.997529 0.495000 1.657023 0.082023 0.484738 
1.997529 0.485000 1.657023 0.080366 0.484738 
1.997332 0.475000 1.657023 0.078709 0.459215 
1.997332 0.465000 1.657023 0.077052 0.459215 
1.997129 0.455000 1.657023 0.075395 0.434622 
1.997129 0.445000 1.657023 0.073738 0.434622 
1.997129 0.435000 1.657023 0.072080 0.434622 
1.996918 0.425000 1.657023 0.070423 0.410896 
1.996918 0.415000 1.657023 0.068766 0.410896 
1.996699 0.405000 1.657023 0.067109 0.387975 
1.996699 0.395000 1.657023 0.065452 0.387975 
1.996473 0.385000 1.657023 0.063795 0.365807 
1.996473 0.375000 1.657023 0.062138 0.365807 
1.996240 0.365000 1.657023 0.060481 0.344342 
1.996240 0.355000 1.657023 0.058824 0.344342 
1.996240 0.345000 1.657023 0.057167 0.344342 
1.995999 0.335000 1.657023 0.055510 0.323538 
1.995999 0.325000 1.657023 0.053853 0.323538 
1.995750 0.315000 1.657023 0.052196 0.303353 
1.995750 0.305000 1.657023 0.050539 0.303353 
1.995494 0.295000 1.657023 0.048882 0.283752 
1.995494 0.285000 1.657023 0.047225 0.283752 
1.995231 0.275000 1.657023 0.045568 0.264701 
1.995231 0.265000 1.657023 0.043911 0.264701 
1.994960 0.255000 1.657023 0.042254 0.246170 
1.994681 0.245000 1.657023 0.040597 0.228131 
1.994681 0.235000 1.657023 0.038940 0.228131 
1.994395 0.225000 1.657023 0.037283 0.210557 
1.994395 0.215000 1.657023 0.035626 0.210557 
1.994102 0.205000 1.657023 0.033969 0.193424 
1.994102 0.195000 1.657023 0.032312 0.193424 
1.993801 0.185000 1.657023 0.030655 0.176712 
1.993492 0.175000 1.657023 0.028998 0.160398 
1.993492 0.165000 1.657023 0.027341 0.160398 
1.993176 0.155000 1.657023 0.025684 0.144464 
1.993176 0.145000 1.657023 0.024027 0.144464 
1.992853 0.135000 1.657023 0.022370 0.128893 
1.992522 0.125000 1.657023 0.020713 0.113667 
1.992522 0.115000 1.657023 0.019056 0.113667 
1.992183 0.105000 1.657023 0.017399 0.098771 
1.991837 0.095000 1.657023 0.015742 0.084192 
1.991837 0.085000 1.657023 0.014085 0.084192 
1.991483 0.075000 1.657023 0.012428 0.069914 
1.991122 0.065000 1.657023 0.010771 0.055926 
1.990754 0.055000 1.657023 0.009114 0.042216 
1.990754 0.045000 1.657023 0.007457 0.042216 
1.990377 0.035000 1.657023 0.005800 0.028772 
1.989994 0.025000 1.657023 0.004143 0.015584 
1.989603 0.015000 1.657023 0.002486 0.002642 
