1.999998 9.985000 122.090495 121.907359 5.744785 
1.999998 9.975000 122.090495 121.785269 5.744785 
1.999998 9.965000 122.090495 121.663178 5.744785 
1.999998 9.955000 122.090495 121.541088 5.744785 
1.999998 9.945000 122.090495 121.418997 5.744785 
1.999998 9.935000 122.090495 121.296907 5.744785 
1.999998 9.925000 122.090495 121.174816 5.744785 
1.999998 9.915000 122.090495 121.052726 5.744785 
1.999998 9.905000 122.090495 120.930635 5.744785 
1.999998 9.895000 122.090495 120.808545 5.744785 
1.999998 9.885000 122.090495 120.686454 5.744785 
1.999998 9.875000 122.090495 120.564364 5.744785 
1.999998 9.865000 122.090495 120.442273 5.744785 
1.999998 9.855000 122.090495 120.320183 5.744785 
1.999998 9.845000 122.090495 120.198092 5.744785 
1.999998 9.835000 122.090495 120.076002 5.744785 
1.999998 9.825000 122.090495 119.953911 5.744785 
1.999998 9.815000 122.090495 119.831821 5.744785 
1.999998 9.805000 122.090495 119.709730 5.744785 
1.999998 9.795000 122.090495 119.587640 5.744785 
1.999998 9.785000 122.090495 119.465549 5.744785 
1.999998 9.775000 122.090495 119.343459 5.744785 
1.999998 9.765000 122.090495 119.221368 5.744785 
1.999998 9.755000 122.090495 119.099278 5.744785 
1.999998 9.745000 122.090495 118.977187 5.744785 
1.999998 9.735000 122.090495 118.855097 5.744785 
1.999998 9.725000 122.090495 118.733006 5.744785 
1.999998 9.715000 122.090495 118.610916 5.744785 
1.999998 9.705000 122.090495 118.488825 5.744785 
1.999998 9.695000 122.090495 118.366735 5.744785 
1.999998 9.685000 122.090495 118.244645 5.744785 
1.999998 9.675000 122.090495 118.122554 5.744785 
1.999998 9.665000 122.090495 118.000464 5.744785 
1.999998 9.655000 122.090495 117.878373 5.744785 
1.999998 9.645000 122.090495 117.756283 5.744785 
1.999998 9.635000 122.090495 117.634192 5.744785 
1.999998 9.625000 122.090495 117.512102 5.744785 
1.999998 9.615000 122.090495 117.390011 5.744785 
1.999998 9.605000 122.090495 117.267921 5.744785 
1.999998 9.595000 122.090495 117.145830 5.744785 
1.999998 9.585000 122.090495 117.023740 5.744785 
1.999998 9.575000 122.090495 116.901649 5.744785 
1.999998 9.565000 122.090495 116.779559 5.744785 
1.999998 9.555000 122.090495 116.657468 5.744785 
1.999998 9.545000 122.090495 116.535378 5.744785 
1.999998 9.535000 122.090495 116.413287 5.744785 
1.999998 9.525000 122.090495 116.291197 5.744785 
1.999998 9.515000 122.090495 116.169106 5.744785 
1.999998 9.505000 122.090495 116.047016 5.744785 
1.999998 9.495000 122.090495 115.924925 5.744785 
1.999998 9.485000 122.090495 115.802835 5.744785 
1.999998 9.475000 122.090495 115.680744 5.744785 
1.999998 9.465000 122.090495 115.558654 5.744785 
1.999998 9.455000 122.090495 115.436563 5.744785 
1.999998 9.445000 122.090495 115.314473 5.744785 
1.999998 9.435000 122.090495 115.192382 5.744785 
1.999998 9.425000 122.090495 115.070292 5.744785 
1.999998 9.415000 122.090495 114.948201 5.744785 
1.999998 9.405000 122.090495 114.826111 5.744785 
1.999998 9.395000 122.090495 114.704020 5.744785 
1.999998 9.385000 122.090495 114.581930 5.744785 
1.999998 9.375000 122.090495 114.459839 5.744785 
1.999998 9.365000 122.090495 114.337749 5.744785 
1.999998 9.355000 122.090495 114.215658 5.744785 
1.999998 9.345000 122.090495 114.093568 5.744785 
1.999998 9.335000 122.090495 113.971477 5.744785 
1.999998 9.325000 122.090495 113.849387 5.744785 
1.999998 9.315000 122.090495 113.727296 5.744785 
1.999998 9.305000 122.090495 113.605206 5.744785 
1.999998 9.295000 122.090495 113.483115 5.744785 
1.999998 9.285000 122.090495 113.361025 5.744785 
1.999998 9.275000 122.090495 113.238934 5.744785 
1.999998 9.265000 122.090495 113.116844 5.744785 
1.999998 9.255000 122.090495 112.994753 5.744785 
1.999998 9.245000 122.090495 112.872663 5.744785 
1.999998 9.235000 122.090495 112.750572 5.744785 
1.999998 9.225000 122.090495 112.628482 5.744785 
1.999998 9.215000 122.090495 112.506391 5.744785 
1.999998 9.205000 122.090495 112.384301 5.744785 
1.999998 9.195000 122.090495 112.262210 5.744785 
1.999998 9.185000 122.090495 112.140120 5.744785 
1.999998 9.175000 122.090495 112.018029 5.744785 
1.999998 9.165000 122.090495 111.895939 5.744785 
1.999998 9.155000 122.090495 111.773848 5.744785 
1.999998 9.145000 122.090495 111.651758 5.744785 
1.999998 9.135000 122.090495 111.529667 5.744785 
1.999998 9.125000 122.090495 111.407577 5.744785 
1.999998 9.115000 122.090495 111.285486 5.744785 
1.999998 9.105000 122.090495 111.163396 5.744785 
1.999998 9.095000 122.090495 111.041305 5.744785 
1.999998 9.085000 122.090495 110.919215 5.744785 
1.999998 9.075000 122.090495 110.797124 5.744785 
1.999998 9.065000 122.090495 110.675034 5.744785 
1.999998 9.055000 122.090495 110.552943 5.744785 
1.999998 9.045000 122.090495 110.430853 5.744785 
1.999998 9.035000 122.090495 110.308762 5.744785 
1.999998 9.025000 122.090495 110.186672 5.744785 
1.999998 9.015000 122.090495 110.064581 5.744785 
1.999998 9.005000 122.090495 109.942491 5.744785 
1.999998 8.995000 122.090495 109.820400 5.744785 
1.999998 8.985000 122.090495 109.698310 5.744785 
1.999998 8.975000 122.090495 109.576219 5.744785 
1.999998 8.965000 122.090495 109.454129 5.744785 
1.999998 8.955000 122.090495 109.332038 5.744785 
1.999998 8.945000 122.090495 109.209948 5.744785 
1.999998 8.935000 122.090495 109.087857 5.744785 
1.999998 8.925000 122.090495 108.965767 5.744785 
1.999998 8.915000 122.090495 108.843676 5.744785 
1.999998 8.905000 122.090495 108.721586 5.744785 
1.999998 8.895000 122.090495 108.599495 5.744785 
1.999998 8.885000 122.090495 108.477405 5.744785 
1.999998 8.875000 122.090495 108.355314 5.744785 
1.999998 8.865000 122.090495 108.233224 5.744785 
1.999998 8.855000 122.090495 108.111133 5.744785 
1.999998 8.845000 122.090495 107.989043 5.744785 
1.999998 8.835000 122.090495 107.866952 5.744785 
1.999998 8.825000 122.090495 107.744862 5.744785 
1.999998 8.815000 122.090495 107.622771 5.744785 
1.999998 8.805000 122.090495 107.500681 5.744785 
1.999998 8.795000 122.090495 107.378590 5.744785 
1.999998 8.785000 122.090495 107.256500 5.744785 
1.999998 8.775000 122.090495 107.134409 5.744785 
1.999998 8.765000 122.090495 107.012319 5.744785 
1.999998 8.755000 122.090495 106.890228 5.744785 
1.999998 8.745000 122.090495 106.768138 5.744785 
1.999998 8.735000 122.090495 106.646047 5.744785 
1.999998 8.725000 122.090495 106.523957 5.744785 
1.999998 8.715000 122.090495 106.401866 5.744785 
1.999998 8.705000 122.090495 106.279776 5.744785 
1.999998 8.695000 122.090495 106.157685 5.744785 
1.999998 8.685000 122.090495 106.035595 5.744785 
1.999998 8.675000 122.090495 105.913505 5.744785 
1.999998 8.665000 122.090495 105.791414 5.744785 
1.999998 8.655000 122.090495 105.669324 5.744785 
1.999998 8.645000 122.090495 105.547233 5.744785 
1.999998 8.635000 122.090495 105.425143 5.744785 
1.999998 8.625000 122.090495 105.303052 5.744785 
1.999998 8.615000 122.090495 105.180962 5.744785 
1.999998 8.605000 122.090495 105.058871 5.744785 
1.999998 8.595000 122.090495 104.936781 5.744785 
1.999998 8.585000 122.090495 104.814690 5.744785 
1.999998 8.575000 122.090495 104.692600 5.744785 
1.999998 8.565000 122.090495 104.570509 5.744785 
1.999998 8.555000 122.090495 104.448419 5.744785 
1.999998 8.545000 122.090495 104.326328 5.744785 
1.999998 8.535000 122.090495 104.204238 5.744785 
1.999998 8.525000 122.090495 104.082147 5.744785 
1.999998 8.515000 122.090495 103.960057 5.744785 
1.999998 8.505000 122.090495 103.837966 5.744785 
1.999998 8.495000 122.090495 103.715876 5.744785 
1.999998 8.485000 122.090495 103.593785 5.744785 
1.999998 8.475000 122.090495 103.471695 5.744785 
1.999998 8.465000 122.090495 103.349604 5.744785 
1.999998 8.455000 122.090495 103.227514 5.744785 
1.999998 8.445000 122.090495 103.105423 5.744785 
1.999998 8.435000 122.090495 102.983333 5.744785 
1.999998 8.425000 122.090495 102.861242 5.744785 
1.999998 8.415000 122.090495 102.739152 5.744785 
1.999998 8.405000 122.090495 102.617061 5.744785 
1.999998 8.395000 122.090495 102.494971 5.744785 
1.999998 8.385000 122.090495 102.372880 5.744785 
1.999998 8.375000 122.090495 102.250790 5.744785 
1.999998 8.365000 122.090495 102.128699 5.744785 
1.999998 8.355000 122.090495 102.006609 5.744785 
1.999998 8.345000 122.090495 101.884518 5.744785 
1.999998 8.335000 122.090495 101.762428 5.744785 
1.999998 8.325000 122.090495 101.640337 5.744785 
1.999998 8.315000 122.090495 101.518247 5.744785 
1.999998 8.305000 122.090495 101.396156 5.744785 
1.999998 8.295000 122.090495 101.274066 5.744785 
1.999998 8.285000 122.090495 101.151975 5.744785 
1.999998 8.275000 122.090495 101.029885 5.744785 
1.999998 8.265000 122.090495 100.907794 5.744785 
1.999998 8.255000 122.090495 100.785704 5.744785 
1.999998 8.245000 122.090495 100.663613 5.744785 
1.999998 8.235000 122.090495 100.541523 5.744785 
1.999998 8.225000 122.090495 100.419432 5.744785 
1.999998 8.215000 122.090495 100.297342 5.744785 
1.999998 8.205000 122.090495 100.175251 5.744785 
1.999998 8.195000 122.090495 100.053161 5.744785 
1.999998 8.185000 122.090495 99.931070 5.744785 
1.999998 8.175000 122.090495 99.808980 5.744785 
1.999998 8.165000 122.090495 99.686889 5.744785 
1.999998 8.155000 122.090495 99.564799 5.744785 
1.999998 8.145000 122.090495 99.442708 5.744785 
1.999998 8.135000 122.090495 99.320618 5.744785 
1.999998 8.125000 122.090495 99.198527 5.744785 
1.999998 8.115000 122.090495 99.076437 5.744785 
1.999998 8.105000 122.090495 98.954346 5.744785 
1.999998 8.095000 122.090495 98.832256 5.744785 
1.999998 8.085000 122.090495 98.710165 5.744785 
1.999998 8.075000 122.090495 98.588075 5.744785 
1.999998 8.065000 122.090495 98.465984 5.744785 
1.999998 8.055000 122.090495 98.343894 5.744785 
1.999998 8.045000 122.090495 98.221803 5.744785 
1.999998 8.035000 122.090495 98.099713 5.744785 
1.999998 8.025000 122.090495 97.977622 5.744785 
1.999998 8.015000 122.090495 97.855532 5.744785 
1.999998 8.005000 122.090495 97.733441 5.744785 
1.999998 7.995000 122.090495 97.611351 5.744785 
1.999998 7.985000 122.090495 97.489260 5.744785 
1.999998 7.975000 122.090495 97.367170 5.744785 
1.999998 7.965000 122.090495 97.245079 5.744785 
1.999998 7.955000 122.090495 97.122989 5.744785 
1.999998 7.945000 122.090495 97.000898 5.744785 
1.999998 7.935000 122.090495 96.878808 5.744785 
1.999998 7.925000 122.090495 96.756717 5.744785 
1.999998 7.915000 122.090495 96.634627 5.744785 
1.999998 7.905000 122.090495 96.512536 5.744785 
1.999998 7.895000 122.090495 96.390446 5.744785 
1.999998 7.885000 122.090495 96.268355 5.744785 
1.999998 7.875000 122.090495 96.146265 5.744785 
1.999998 7.865000 122.090495 96.024174 5.744785 
1.999998 7.855000 122.090495 95.902084 5.744785 
1.999998 7.845000 122.090495 95.779993 5.744785 
1.999998 7.835000 122.090495 95.657903 5.744785 
1.999998 7.825000 122.090495 95.535812 5.744785 
1.999998 7.815000 122.090495 95.413722 5.744785 
1.999998 7.805000 122.090495 95.291631 5.744785 
1.999998 7.795000 122.090495 95.169541 5.744785 
1.999998 7.785000 122.090495 95.047450 5.744785 
1.999998 7.775000 122.090495 94.925360 5.744785 
1.999998 7.765000 122.090495 94.803269 5.744785 
1.999998 7.755000 122.090495 94.681179 5.744785 
1.999998 7.745000 122.090495 94.559088 5.744785 
1.999998 7.735000 122.090495 94.436998 5.744785 
1.999998 7.725000 122.090495 94.314907 5.744785 
1.999998 7.715000 122.090495 94.192817 5.744785 
1.999998 7.705000 122.090495 94.070726 5.744785 
1.999998 7.695000 122.090495 93.948636 5.744785 
1.999998 7.685000 122.090495 93.826545 5.744785 
1.999998 7.675000 122.090495 93.704455 5.744785 
1.999998 7.665000 122.090495 93.582364 5.744785 
1.999998 7.655000 122.090495 93.460274 5.744785 
1.999998 7.645000 122.090495 93.338184 5.744785 
1.999998 7.635000 122.090495 93.216093 5.744785 
1.999998 7.625000 122.090495 93.094003 5.744785 
1.999998 7.615000 122.090495 92.971912 5.744785 
1.999998 7.605000 122.090495 92.849822 5.744785 
1.999998 7.595000 122.090495 92.727731 5.744785 
1.999998 7.585000 122.090495 92.605641 5.744785 
1.999998 7.575000 122.090495 92.483550 5.744785 
1.999998 7.565000 122.090495 92.361460 5.744785 
1.999998 7.555000 122.090495 92.239369 5.744785 
1.999998 7.545000 122.090495 92.117279 5.744785 
1.999998 7.535000 122.090495 91.995188 5.744785 
1.999998 7.525000 122.090495 91.873098 5.744785 
1.999998 7.515000 122.090495 91.751007 5.744785 
1.999998 7.505000 122.090495 91.628917 5.744785 
1.999998 7.495000 122.090495 91.506826 5.744785 
1.999998 7.485000 122.090495 91.384736 5.744785 
1.999998 7.475000 122.090495 91.262645 5.744785 
1.999998 7.465000 122.090495 91.140555 5.744785 
1.999998 7.455000 122.090495 91.018464 5.744785 
1.999998 7.445000 122.090495 90.896374 5.744785 
1.999998 7.435000 122.090495 90.774283 5.744785 
1.999998 7.425000 122.090495 90.652193 5.744785 
1.999998 7.415000 122.090495 90.530102 5.744785 
1.999998 7.405000 122.090495 90.408012 5.744785 
1.999998 7.395000 122.090495 90.285921 5.744785 
1.999998 7.385000 122.090495 90.163831 5.744785 
1.999998 7.375000 122.090495 90.041740 5.744785 
1.999998 7.365000 122.090495 89.919650 5.744785 
1.999998 7.355000 122.090495 89.797559 5.744785 
1.999998 7.345000 122.090495 89.675469 5.744785 
1.999998 7.335000 122.090495 89.553378 5.744785 
1.999998 7.325000 122.090495 89.431288 5.744785 
1.999998 7.315000 122.090495 89.309197 5.744785 
1.999998 7.305000 122.090495 89.187107 5.744785 
1.999998 7.295000 122.090495 89.065016 5.744785 
1.999998 7.285000 122.090495 88.942926 5.744785 
1.999998 7.275000 122.090495 88.820835 5.744785 
1.999998 7.265000 122.090495 88.698745 5.744785 
1.999998 7.255000 122.090495 88.576654 5.744785 
1.999998 7.245000 122.090495 88.454564 5.744785 
1.999998 7.235000 122.090495 88.332473 5.744785 
1.999998 7.225000 122.090495 88.210383 5.744785 
1.999998 7.215000 122.090495 88.088292 5.744785 
1.999998 7.205000 122.090495 87.966202 5.744785 
1.999998 7.195000 122.090495 87.844111 5.744785 
1.999998 7.185000 122.090495 87.722021 5.744785 
1.999998 7.175000 122.090495 87.599930 5.744785 
1.999998 7.165000 122.090495 87.477840 5.744785 
1.999998 7.155000 122.090495 87.355749 5.744785 
1.999998 7.145000 122.090495 87.233659 5.744785 
1.999998 7.135000 122.090495 87.111568 5.744785 
1.999998 7.125000 122.090495 86.989478 5.744785 
1.999998 7.115000 122.090495 86.867387 5.744785 
1.999998 7.105000 122.090495 86.745297 5.744785 
1.999998 7.095000 122.090495 86.623206 5.744785 
1.999998 7.085000 122.090495 86.501116 5.744785 
1.999998 7.075000 122.090495 86.379025 5.744785 
1.999998 7.065000 122.090495 86.256935 5.744785 
1.999998 7.055000 122.090495 86.134844 5.744785 
1.999998 7.045000 122.090495 86.012754 5.744785 
1.999998 7.035000 122.090495 85.890663 5.744785 
1.999998 7.025000 122.090495 85.768573 5.744785 
1.999998 7.015000 122.090495 85.646482 5.744785 
1.999998 7.005000 122.090495 85.524392 5.744785 
1.999998 6.995000 122.090495 85.402301 5.744785 
1.999998 6.985000 122.090495 85.280211 5.744785 
1.999998 6.975000 122.090495 85.158120 5.744785 
1.999998 6.965000 122.090495 85.036030 5.744785 
1.999998 6.955000 122.090495 84.913939 5.744785 
1.999998 6.945000 122.090495 84.791849 5.744785 
1.999998 6.935000 122.090495 84.669758 5.744785 
1.999998 6.925000 122.090495 84.547668 5.744785 
1.999998 6.915000 122.090495 84.425577 5.744785 
1.999998 6.905000 122.090495 84.303487 5.744785 
1.999998 6.895000 122.090495 84.181396 5.744785 
1.999998 6.885000 122.090495 84.059306 5.744785 
1.999998 6.875000 122.090495 83.937215 5.744785 
1.999998 6.865000 122.090495 83.815125 5.744785 
1.999998 6.855000 122.090495 83.693034 5.744785 
1.999998 6.845000 122.090495 83.570944 5.744785 
1.999998 6.835000 122.090495 83.448853 5.744785 
1.999998 6.825000 122.090495 83.326763 5.744785 
1.999998 6.815000 122.090495 83.204672 5.744785 
1.999998 6.805000 122.090495 83.082582 5.744785 
1.999998 6.795000 122.090495 82.960491 5.744785 
1.999998 6.785000 122.090495 82.838401 5.744785 
1.999998 6.775000 122.090495 82.716310 5.744785 
1.999998 6.765000 122.090495 82.594220 5.744785 
1.999998 6.755000 122.090495 82.472129 5.744785 
1.999998 6.745000 122.090495 82.350039 5.744785 
1.999998 6.735000 122.090495 82.227948 5.744785 
1.999998 6.725000 122.090495 82.105858 5.744785 
1.999998 6.715000 122.090495 81.983767 5.744785 
1.999998 6.705000 122.090495 81.861677 5.744785 
1.999998 6.695000 122.090495 81.739586 5.744785 
1.999998 6.685000 122.090495 81.617496 5.744785 
1.999998 6.675000 122.090495 81.495405 5.744785 
1.999998 6.665000 122.090495 81.373315 5.744785 
1.999998 6.655000 122.090495 81.251224 5.744785 
1.999998 6.645000 122.090495 81.129134 5.744785 
1.999998 6.635000 122.090495 81.007044 5.744785 
1.999998 6.625000 122.090495 80.884953 5.744785 
1.999998 6.615000 122.090495 80.762863 5.744785 
1.999998 6.605000 122.090495 80.640772 5.744785 
1.999998 6.595000 122.090495 80.518682 5.744785 
1.999998 6.585000 122.090495 80.396591 5.744785 
1.999998 6.575000 122.090495 80.274501 5.744785 
1.999998 6.565000 122.090495 80.152410 5.744785 
1.999998 6.555000 122.090495 80.030320 5.744785 
1.999998 6.545000 122.090495 79.908229 5.744785 
1.999998 6.535000 122.090495 79.786139 5.744785 
1.999998 6.525000 122.090495 79.664048 5.744785 
1.999998 6.515000 122.090495 79.541958 5.744785 
1.999998 6.505000 122.090495 79.419867 5.744785 
1.999998 6.495000 122.090495 79.297777 5.744785 
1.999998 6.485000 122.090495 79.175686 5.744785 
1.999998 6.475000 122.090495 79.053596 5.744785 
1.999998 6.465000 122.090495 78.931505 5.744785 
1.999998 6.455000 122.090495 78.809415 5.744785 
1.999998 6.445000 122.090495 78.687324 5.744785 
1.999998 6.435000 122.090495 78.565234 5.744785 
1.999998 6.425000 122.090495 78.443143 5.744785 
1.999998 6.415000 122.090495 78.321053 5.744785 
1.999998 6.405000 122.090495 78.198962 5.744785 
1.999998 6.395000 122.090495 78.076872 5.744785 
1.999998 6.385000 122.090495 77.954781 5.744785 
1.999998 6.375000 122.090495 77.832691 5.744785 
1.999998 6.365000 122.090495 77.710600 5.744785 
1.999998 6.355000 122.090495 77.588510 5.744785 
1.999998 6.345000 122.090495 77.466419 5.744785 
1.999998 6.335000 122.090495 77.344329 5.744785 
1.999998 6.325000 122.090495 77.222238 5.744785 
1.999998 6.315000 122.090495 77.100148 5.744785 
1.999998 6.305000 122.090495 76.978057 5.744785 
1.999998 6.295000 122.090495 76.855967 5.744785 
1.999998 6.285000 122.090495 76.733876 5.744785 
1.999998 6.275000 122.090495 76.611786 5.744785 
1.999998 6.265000 122.090495 76.489695 5.744785 
1.999998 6.255000 122.090495 76.367605 5.744785 
1.999998 6.245000 122.090495 76.245514 5.744785 
1.999998 6.235000 122.090495 76.123424 5.744785 
1.999998 6.225000 122.090495 76.001333 5.744785 
1.999998 6.215000 122.090495 75.879243 5.744785 
1.999998 6.205000 122.090495 75.757152 5.744785 
1.999998 6.195000 122.090495 75.635062 5.744785 
1.999998 6.185000 122.090495 75.512971 5.744785 
1.999998 6.175000 122.090495 75.390881 5.744785 
1.999998 6.165000 122.090495 75.268790 5.744785 
1.999998 6.155000 122.090495 75.146700 5.744785 
1.999998 6.145000 122.090495 75.024609 5.744785 
1.999998 6.135000 122.090495 74.902519 5.744785 
1.999998 6.125000 122.090495 74.780428 5.744785 
1.999998 6.115000 122.090495 74.658338 5.744785 
1.999998 6.105000 122.090495 74.536247 5.744785 
1.999998 6.095000 122.090495 74.414157 5.744785 
1.999998 6.085000 122.090495 74.292066 5.744785 
1.999998 6.075000 122.090495 74.169976 5.744785 
1.999998 6.065000 122.090495 74.047885 5.744785 
1.999998 6.055000 122.090495 73.925795 5.744785 
1.999998 6.045000 122.090495 73.803704 5.744785 
1.999998 6.035000 122.090495 73.681614 5.744785 
1.999998 6.025000 122.090495 73.559523 5.744785 
1.999998 6.015000 122.090495 73.437433 5.744785 
1.999998 6.005000 122.090495 73.315342 5.744785 
1.999998 5.995000 122.090495 73.193252 5.744785 
1.999998 5.985000 122.090495 73.071161 5.744785 
1.999998 5.975000 122.090495 72.949071 5.744785 
1.999998 5.965000 122.090495 72.826980 5.744785 
1.999998 5.955000 122.090495 72.704890 5.744785 
1.999998 5.945000 122.090495 72.582799 5.744785 
1.999998 5.935000 122.090495 72.460709 5.744785 
1.999998 5.925000 122.090495 72.338618 5.744785 
1.999998 5.915000 122.090495 72.216528 5.744785 
1.999998 5.905000 122.090495 72.094437 5.744785 
1.999998 5.895000 122.090495 71.972347 5.744785 
1.999998 5.885000 122.090495 71.850256 5.744785 
1.999998 5.875000 122.090495 71.728166 5.744785 
1.999998 5.865000 122.090495 71.606075 5.744785 
1.999998 5.855000 122.090495 71.483985 5.744785 
1.999998 5.845000 122.090495 71.361894 5.744785 
1.999998 5.835000 122.090495 71.239804 5.744785 
1.999998 5.825000 122.090495 71.117713 5.744785 
1.999998 5.815000 122.090495 70.995623 5.744785 
1.999998 5.805000 122.090495 70.873532 5.744785 
1.999998 5.795000 122.090495 70.751442 5.744785 
1.999998 5.785000 122.090495 70.629351 5.744785 
1.999998 5.775000 122.090495 70.507261 5.744785 
1.999998 5.765000 122.090495 70.385170 5.744785 
1.999998 5.755000 122.090495 70.263080 5.744785 
1.999989 5.735000 122.090495 70.018899 5.159461 
1.999989 5.725000 122.090495 69.896808 5.159461 
1.999989 5.715000 122.090495 69.774718 5.159461 
1.999989 5.705000 122.090495 69.652627 5.159461 
1.999989 5.695000 122.090495 69.530537 5.159461 
1.999989 5.685000 122.090495 69.408446 5.159461 
1.999989 5.675000 122.090495 69.286356 5.159461 
1.999989 5.665000 122.090495 69.164265 5.159461 
1.999989 5.655000 122.090495 69.042175 5.159461 
1.999989 5.645000 122.090495 68.920084 5.159461 
1.999989 5.635000 122.090495 68.797994 5.159461 
1.999989 5.625000 122.090495 68.675903 5.159461 
1.999989 5.615000 122.090495 68.553813 5.159461 
1.999989 5.605000 122.090495 68.431723 5.159461 
1.999989 5.595000 122.090495 68.309632 5.159461 
1.999989 5.585000 122.090495 68.187542 5.159461 
1.999989 5.575000 122.090495 68.065451 5.159461 
1.999989 5.565000 122.090495 67.943361 5.159461 
1.999989 5.555000 122.090495 67.821270 5.159461 
1.999989 5.545000 122.090495 67.699180 5.159461 
1.999989 5.535000 122.090495 67.577089 5.159461 
1.999989 5.525000 122.090495 67.454999 5.159461 
1.999989 5.515000 122.090495 67.332908 5.159461 
1.999989 5.505000 122.090495 67.210818 5.159461 
1.999989 5.495000 122.090495 67.088727 5.159461 
1.999989 5.485000 122.090495 66.966637 5.159461 
1.999989 5.475000 122.090495 66.844546 5.159461 
1.999989 5.465000 122.090495 66.722456 5.159461 
1.999989 5.455000 122.090495 66.600365 5.159461 
1.999989 5.445000 122.090495 66.478275 5.159461 
1.999989 5.435000 122.090495 66.356184 5.159461 
1.999989 5.425000 122.090495 66.234094 5.159461 
1.999989 5.415000 122.090495 66.112003 5.159461 
1.999989 5.405000 122.090495 65.989913 5.159461 
1.999989 5.395000 122.090495 65.867822 5.159461 
1.999989 5.385000 122.090495 65.745732 5.159461 
1.999989 5.375000 122.090495 65.623641 5.159461 
1.999989 5.365000 122.090495 65.501551 5.159461 
1.999989 5.355000 122.090495 65.379460 5.159461 
1.999989 5.345000 122.090495 65.257370 5.159461 
1.999989 5.335000 122.090495 65.135279 5.159461 
1.999989 5.325000 122.090495 65.013189 5.159461 
1.999989 5.315000 122.090495 64.891098 5.159461 
1.999989 5.305000 122.090495 64.769008 5.159461 
1.999989 5.295000 122.090495 64.646917 5.159461 
1.999989 5.285000 122.090495 64.524827 5.159461 
1.999989 5.275000 122.090495 64.402736 5.159461 
1.999989 5.265000 122.090495 64.280646 5.159461 
1.999989 5.255000 122.090495 64.158555 5.159461 
1.999989 5.245000 122.090495 64.036465 5.159461 
1.999989 5.235000 122.090495 63.914374 5.159461 
1.999989 5.225000 122.090495 63.792284 5.159461 
1.999989 5.215000 122.090495 63.670193 5.159461 
1.999989 5.205000 122.090495 63.548103 5.159461 
1.999989 5.195000 122.090495 63.426012 5.159461 
1.999989 5.185000 122.090495 63.303922 5.159461 
1.999989 5.175000 122.090495 63.181831 5.159461 
1.999989 5.165000 122.090495 63.059741 5.159461 
1.999973 5.155000 122.090495 62.937650 4.852659 
1.999973 5.145000 122.090495 62.815560 4.852659 
1.999973 5.135000 122.090495 62.693469 4.852659 
1.999973 5.125000 122.090495 62.571379 4.852659 
1.999973 5.115000 122.090495 62.449288 4.852659 
1.999973 5.105000 122.090495 62.327198 4.852659 
1.999973 5.095000 122.090495 62.205107 4.852659 
1.999973 5.085000 122.090495 62.083017 4.852659 
1.999973 5.075000 122.090495 61.960926 4.852659 
1.999973 5.065000 122.090495 61.838836 4.852659 
1.999973 5.055000 122.090495 61.716745 4.852659 
1.999973 5.045000 122.090495 61.594655 4.852659 
1.999973 5.035000 122.090495 61.472564 4.852659 
1.999973 5.025000 122.090495 61.350474 4.852659 
1.999973 5.015000 122.090495 61.228383 4.852659 
1.999973 5.005000 122.090495 61.106293 4.852659 
1.999973 4.995000 122.090495 60.984202 4.852659 
1.999973 4.985000 122.090495 60.862112 4.852659 
1.999973 4.975000 122.090495 60.740021 4.852659 
1.999973 4.965000 122.090495 60.617931 4.852659 
1.999973 4.955000 122.090495 60.495840 4.852659 
1.999973 4.945000 122.090495 60.373750 4.852659 
1.999973 4.935000 122.090495 60.251659 4.852659 
1.999973 4.925000 122.090495 60.129569 4.852659 
1.999973 4.915000 122.090495 60.007478 4.852659 
1.999973 4.905000 122.090495 59.885388 4.852659 
1.999973 4.895000 122.090495 59.763297 4.852659 
1.999973 4.885000 122.090495 59.641207 4.852659 
1.999973 4.875000 122.090495 59.519116 4.852659 
1.999973 4.865000 122.090495 59.397026 4.852659 
1.999973 4.855000 122.090495 59.274935 4.852659 
1.999949 4.845000 122.090495 59.152845 4.643340 
1.999949 4.835000 122.090495 59.030754 4.643340 
1.999949 4.825000 122.090495 58.908664 4.643340 
1.999949 4.815000 122.090495 58.786573 4.643340 
1.999949 4.805000 122.090495 58.664483 4.643340 
1.999949 4.795000 122.090495 58.542392 4.643340 
1.999949 4.785000 122.090495 58.420302 4.643340 
1.999949 4.775000 122.090495 58.298211 4.643340 
1.999949 4.765000 122.090495 58.176121 4.643340 
1.999949 4.755000 122.090495 58.054030 4.643340 
1.999949 4.745000 122.090495 57.931940 4.643340 
1.999949 4.735000 122.090495 57.809849 4.643340 
1.999949 4.725000 122.090495 57.687759 4.643340 
1.999949 4.715000 122.090495 57.565668 4.643340 
1.999949 4.705000 122.090495 57.443578 4.643340 
1.999949 4.695000 122.090495 57.321487 4.643340 
1.999949 4.685000 122.090495 57.199397 4.643340 
1.999949 4.675000 122.090495 57.077306 4.643340 
1.999949 4.665000 122.090495 56.955216 4.643340 
1.999949 4.655000 122.090495 56.833125 4.643340 
1.999949 4.645000 122.090495 56.711035 4.643340 
1.999918 4.635000 122.090495 56.588944 4.484269 
1.999918 4.625000 122.090495 56.466854 4.484269 
1.999918 4.615000 122.090495 56.344763 4.484269 
1.999918 4.605000 122.090495 56.222673 4.484269 
1.999918 4.595000 122.090495 56.100583 4.484269 
1.999918 4.585000 122.090495 55.978492 4.484269 
1.999918 4.575000 122.090495 55.856402 4.484269 
1.999918 4.565000 122.090495 55.734311 4.484269 
1.999918 4.555000 122.090495 55.612221 4.484269 
1.999918 4.545000 122.090495 55.490130 4.484269 
1.999918 4.535000 122.090495 55.368040 4.484269 
1.999918 4.525000 122.090495 55.245949 4.484269 
1.999918 4.515000 122.090495 55.123859 4.484269 
1.999918 4.505000 122.090495 55.001768 4.484269 
1.999918 4.495000 122.090495 54.879678 4.484269 
1.999918 4.485000 122.090495 54.757587 4.484269 
1.999879 4.475000 122.090495 54.635497 4.355928 
1.999879 4.465000 122.090495 54.513406 4.355928 
1.999879 4.455000 122.090495 54.391316 4.355928 
1.999879 4.445000 122.090495 54.269225 4.355928 
1.999879 4.435000 122.090495 54.147135 4.355928 
1.999879 4.425000 122.090495 54.025044 4.355928 
1.999879 4.415000 122.090495 53.902954 4.355928 
1.999879 4.405000 122.090495 53.780863 4.355928 
1.999879 4.395000 122.090495 53.658773 4.355928 
1.999879 4.385000 122.090495 53.536682 4.355928 
1.999879 4.375000 122.090495 53.414592 4.355928 
1.999879 4.365000 122.090495 53.292501 4.355928 
1.999832 4.355000 122.090495 53.170411 4.248342 
1.999832 4.345000 122.090495 53.048320 4.248342 
1.999832 4.335000 122.090495 52.926230 4.248342 
1.999832 4.325000 122.090495 52.804139 4.248342 
1.999832 4.315000 122.090495 52.682049 4.248342 
1.999832 4.305000 122.090495 52.559958 4.248342 
1.999832 4.295000 122.090495 52.437868 4.248342 
1.999832 4.285000 122.090495 52.315777 4.248342 
1.999832 4.275000 122.090495 52.193687 4.248342 
1.999832 4.265000 122.090495 52.071596 4.248342 
1.999832 4.255000 122.090495 51.949506 4.248342 
1.999778 4.245000 122.090495 51.827415 4.155722 
1.999778 4.235000 122.090495 51.705325 4.155722 
1.999778 4.225000 122.090495 51.583234 4.155722 
1.999778 4.215000 122.090495 51.461144 4.155722 
1.999778 4.205000 122.090495 51.339053 4.155722 
1.999778 4.195000 122.090495 51.216963 4.155722 
1.999778 4.185000 122.090495 51.094872 4.155722 
1.999778 4.175000 122.090495 50.972782 4.155722 
1.999778 4.165000 122.090495 50.850691 4.155722 
1.999717 4.155000 122.090495 50.728601 4.074404 
1.999717 4.145000 122.090495 50.606510 4.074404 
1.999717 4.135000 122.090495 50.484420 4.074404 
1.999717 4.125000 122.090495 50.362329 4.074404 
1.999717 4.115000 122.090495 50.240239 4.074404 
1.999717 4.105000 122.090495 50.118148 4.074404 
1.999717 4.095000 122.090495 49.996058 4.074404 
1.999717 4.085000 122.090495 49.873967 4.074404 
1.999717 4.075000 122.090495 49.751877 4.074404 
1.999648 4.065000 122.090495 49.629786 4.001927 
1.999648 4.055000 122.090495 49.507696 4.001927 
1.999648 4.045000 122.090495 49.385605 4.001927 
1.999648 4.035000 122.090495 49.263515 4.001927 
1.999648 4.025000 122.090495 49.141424 4.001927 
1.999648 4.015000 122.090495 49.019334 4.001927 
1.999648 4.005000 122.090495 48.897243 4.001927 
1.999572 3.995000 122.090495 48.775153 3.936554 
1.999572 3.985000 122.090495 48.653062 3.936554 
1.999572 3.975000 122.090495 48.530972 3.936554 
1.999572 3.965000 122.090495 48.408881 3.936554 
1.999572 3.955000 122.090495 48.286791 3.936554 
1.999572 3.945000 122.090495 48.164700 3.936554 
1.999489 3.935000 122.090495 48.042610 3.877014 
1.999489 3.925000 122.090495 47.920519 3.877014 
1.999489 3.915000 122.090495 47.798429 3.877014 
1.999489 3.905000 122.090495 47.676338 3.877014 
1.999489 3.895000 122.090495 47.554248 3.877014 
1.999489 3.885000 122.090495 47.432157 3.877014 
1.999397 3.875000 122.090495 47.310067 3.822348 
1.999397 3.865000 122.090495 47.187976 3.822348 
1.999397 3.855000 122.090495 47.065886 3.822348 
1.999397 3.845000 122.090495 46.943795 3.822348 
1.999397 3.835000 122.090495 46.821705 3.822348 
1.999397 3.825000 122.090495 46.699614 3.822348 
1.999299 3.815000 122.090495 46.577524 3.771819 
1.999299 3.805000 122.090495 46.455433 3.771819 
1.999299 3.795000 122.090495 46.333343 3.771819 
1.999299 3.785000 122.090495 46.211252 3.771819 
1.999299 3.775000 122.090495 46.089162 3.771819 
1.999193 3.765000 122.090495 45.967071 3.724841 
1.999193 3.755000 122.090495 45.844981 3.724841 
1.999193 3.745000 122.090495 45.722890 3.724841 
1.999193 3.735000 122.090495 45.600800 3.724841 
1.999193 3.725000 122.090495 45.478709 3.724841 
1.999079 3.715000 122.090495 45.356619 3.680948 
1.999079 3.705000 122.090495 45.234528 3.680948 
1.999079 3.695000 122.090495 45.112438 3.680948 
1.999079 3.685000 122.090495 44.990347 3.680948 
1.998958 3.675000 122.090495 44.868257 3.639758 
1.998958 3.665000 122.090495 44.746166 3.639758 
1.998958 3.655000 122.090495 44.624076 3.639758 
1.998958 3.645000 122.090495 44.501985 3.639758 
1.998830 3.635000 122.090495 44.379895 3.600956 
1.998830 3.625000 122.090495 44.257804 3.600956 
1.998830 3.615000 122.090495 44.135714 3.600956 
1.998830 3.605000 122.090495 44.013623 3.600956 
1.998694 3.595000 122.090495 43.891533 3.564280 
1.998694 3.585000 122.090495 43.769442 3.564280 
1.998694 3.575000 122.090495 43.647352 3.564280 
1.998694 3.565000 122.090495 43.525262 3.564280 
1.998551 3.555000 122.090495 43.403171 3.529507 
1.998551 3.545000 122.090495 43.281081 3.529507 
1.998551 3.535000 122.090495 43.158990 3.529507 
1.998400 3.525000 122.090495 43.036900 3.496449 
1.998400 3.515000 122.090495 42.914809 3.496449 
1.998400 3.505000 122.090495 42.792719 3.496449 
1.998241 3.495000 122.090495 42.670628 3.464944 
1.998241 3.485000 122.090495 42.548538 3.464944 
1.998241 3.475000 122.090495 42.426447 3.464944 
1.998241 3.465000 122.090495 42.304357 3.464944 
1.998076 3.455000 122.090495 42.182266 3.434851 
1.998076 3.445000 122.090495 42.060176 3.434851 
1.998076 3.435000 122.090495 41.938085 3.434851 
1.997902 3.425000 122.090495 41.815995 3.406048 
1.997902 3.415000 122.090495 41.693904 3.406048 
1.997722 3.405000 122.090495 41.571814 3.378429 
1.997722 3.395000 122.090495 41.449723 3.378429 
1.997722 3.385000 122.090495 41.327633 3.378429 
1.997533 3.375000 122.090495 41.205542 3.351900 
1.997533 3.365000 122.090495 41.083452 3.351900 
1.997533 3.355000 122.090495 40.961361 3.351900 
1.997338 3.345000 122.090495 40.839271 3.326376 
1.997338 3.335000 122.090495 40.717180 3.326376 
1.997135 3.325000 122.090495 40.595090 3.301784 
1.997135 3.315000 122.090495 40.472999 3.301784 
1.997135 3.305000 122.090495 40.350909 3.301784 
1.996924 3.295000 122.090495 40.228818 3.278058 
1.996924 3.285000 122.090495 40.106728 3.278058 
1.996706 3.275000 122.090495 39.984637 3.255137 
1.996706 3.265000 122.090495 39.862547 3.255137 
1.996480 3.255000 122.090495 39.740456 3.232969 
1.996480 3.245000 122.090495 39.618366 3.232969 
1.996480 3.235000 122.090495 39.496275 3.232969 
1.996247 3.225000 122.090495 39.374185 3.211505 
1.996247 3.215000 122.090495 39.252094 3.211505 
1.996007 3.205000 122.090495 39.130004 3.190700 
1.996007 3.195000 122.090495 39.007913 3.190700 
1.995759 3.185000 122.090495 38.885823 3.170516 
1.995759 3.175000 122.090495 38.763732 3.170516 
1.995503 3.165000 122.090495 38.641642 3.150915 
1.995503 3.155000 122.090495 38.519551 3.150915 
1.995240 3.145000 122.090495 38.397461 3.131865 
1.995240 3.135000 122.090495 38.275370 3.131865 
1.994970 3.125000 122.090495 38.153280 3.113334 
1.994970 3.115000 122.090495 38.031189 3.113334 
1.994692 3.105000 122.090495 37.909099 3.095295 
1.994406 3.095000 122.090495 37.787008 3.077721 
1.994406 3.085000 122.090495 37.664918 3.077721 
1.994113 3.075000 122.090495 37.542827 3.060589 
1.994113 3.065000 122.090495 37.420737 3.060589 
1.993813 3.055000 122.090495 37.298646 3.043876 
1.993813 3.045000 122.090495 37.176556 3.043876 
1.993505 3.035000 122.090495 37.054465 3.027563 
1.993190 3.025000 122.090495 36.932375 3.011630 
1.993190 3.015000 122.090495 36.810284 3.011630 
1.992867 3.005000 122.090495 36.688194 2.996058 
1.992536 2.995000 122.090495 36.566103 2.980833 
1.992536 2.985000 122.090495 36.444013 2.980833 
1.992199 2.975000 122.090495 36.321922 2.965938 
1.991853 2.965000 122.090495 36.199832 2.951358 
1.991853 2.955000 122.090495 36.077741 2.951358 
1.991500 2.945000 122.090495 35.955651 2.937081 
1.991140 2.935000 122.090495 35.833560 2.923093 
1.991140 2.925000 122.090495 35.711470 2.923093 
1.990772 2.915000 122.090495 35.589379 2.909383 
1.990397 2.905000 122.090495 35.467289 2.895940 
1.990014 2.895000 122.090495 35.345198 2.882752 
1.990014 2.885000 122.090495 35.223108 2.882752 
1.989623 2.875000 122.090495 35.101017 2.869811 
1.989226 2.865000 122.090495 34.978927 2.857106 
1.988820 2.855000 122.090495 34.856836 2.844629 
1.988820 2.845000 122.090495 34.734746 2.844629 
1.988407 2.835000 122.090495 34.612655 2.832371 
1.987987 2.825000 122.090495 34.490565 2.820325 
1.987559 2.815000 122.090495 34.368474 2.808483 
1.987123 2.805000 122.090495 34.246384 2.796837 
1.986680 2.795000 122.090495 34.124293 2.785382 
1.986230 2.785000 122.090495 34.002203 2.774110 
1.986230 2.775000 122.090495 33.880112 2.774110 
1.985772 2.765000 122.090495 33.758022 2.763016 
1.985306 2.755000 122.090495 33.635931 2.752094 
1.984833 2.745000 122.090495 33.513841 2.741337 
1.984352 2.735000 122.090495 33.391750 2.730742 
1.983864 2.725000 122.090495 33.269660 2.720302 
1.983368 2.715000 122.090495 33.147569 2.710014 
1.982865 2.705000 122.090495 33.025479 2.699871 
1.982354 2.695000 122.090495 32.903388 2.689871 
1.981836 2.685000 122.090495 32.781298 2.680009 
1.981310 2.675000 122.090495 32.659207 2.670281 
1.980777 2.665000 122.090495 32.537117 2.660682 
1.980236 2.655000 122.090495 32.415026 2.651210 
1.979687 2.645000 122.090495 32.292936 2.641860 
1.979131 2.635000 122.090495 32.170845 2.632630 
1.978567 2.625000 122.090495 32.048755 2.623515 
1.977996 2.615000 122.090495 31.926664 2.614514 
1.976831 2.605000 122.090495 31.804574 2.596838 
1.976237 2.595000 122.090495 31.682483 2.588158 
1.975635 2.585000 122.090495 31.560393 2.579579 
1.975026 2.575000 122.090495 31.438302 2.571099 
1.974409 2.565000 122.090495 31.316212 2.562715 
1.973785 2.555000 122.090495 31.194121 2.554426 
1.972514 2.545000 122.090495 31.072031 2.538119 
1.971867 2.535000 122.090495 30.949941 2.530098 
1.971212 2.525000 122.090495 30.827850 2.522162 
1.970550 2.515000 122.090495 30.705760 2.514310 
1.969203 2.505000 122.090495 30.583669 2.498846 
1.968518 2.495000 122.090495 30.461579 2.491231 
1.967825 2.485000 122.090495 30.339488 2.483693 
1.966417 2.475000 122.090495 30.217398 2.468835 
1.965701 2.465000 122.090495 30.095307 2.461514 
1.964978 2.455000 122.090495 29.973217 2.454262 
1.963509 2.445000 122.090495 29.851126 2.439959 
1.962763 2.435000 122.090495 29.729036 2.432906 
1.961248 2.425000 122.090495 29.606945 2.418988 
1.960479 2.415000 122.090495 29.484855 2.412122 
1.958918 2.405000 122.090495 29.362764 2.398566 
1.958126 2.395000 122.090495 29.240674 2.391875 
1.956519 2.385000 122.090495 29.118583 2.378660 
1.955704 2.375000 122.090495 28.996493 2.372133 
1.954052 2.365000 122.090495 28.874402 2.359238 
1.953214 2.355000 122.090495 28.752312 2.352867 
1.951515 2.345000 122.090495 28.630221 2.340274 
1.950654 2.335000 122.090495 28.508131 2.334050 
1.948908 2.325000 122.090495 28.386040 2.321741 
1.947132 2.315000 122.090495 28.263950 2.309614 
1.946233 2.305000 122.090495 28.141859 2.303617 
1.944410 2.295000 122.090495 28.019769 2.291750 
1.942557 2.285000 122.090495 27.897678 2.280048 
1.941619 2.275000 122.090495 27.775588 2.274257 
1.939719 2.265000 122.090495 27.653497 2.262792 
1.937789 2.255000 122.090495 27.531407 2.251479 
1.935827 2.245000 122.090495 27.409316 2.240312 
1.934834 2.235000 122.090495 27.287226 2.234782 
1.932826 2.225000 122.090495 27.165135 2.223825 
1.930786 2.215000 122.090495 27.043045 2.213002 
1.928716 2.205000 122.090495 26.920954 2.202309 
1.926614 2.195000 122.090495 26.798864 2.191741 
1.924480 2.185000 122.090495 26.676773 2.181295 
1.922316 2.175000 122.090495 26.554683 2.170967 
1.920120 2.165000 122.090495 26.432592 2.160752 
1.917892 2.155000 122.090495 26.310502 2.150647 
1.915634 2.145000 122.090495 26.188411 2.140650 
1.913343 2.135000 122.090495 26.066321 2.130756 
1.911021 2.125000 122.090495 25.944230 2.120962 
1.908668 2.115000 122.090495 25.822140 2.111265 
1.906283 2.105000 122.090495 25.700049 2.101663 
1.903866 2.095000 122.090495 25.577959 2.092152 
1.901417 2.085000 122.090495 25.455868 2.082730 
1.898937 2.075000 122.090495 25.333778 2.073394 
1.896425 2.065000 122.090495 25.211687 2.064141 
1.893881 2.055000 122.090495 25.089597 2.054970 
1.890004 2.045000 122.090495 24.967506 2.041359 
1.887380 2.035000 122.090495 24.845416 2.032380 
1.884724 2.025000 122.090495 24.723325 2.023474 
1.882036 2.015000 122.090495 24.601235 2.014638 
1.877943 2.005000 122.090495 24.479144 2.001514 
1.875174 1.995000 122.090495 24.357054 1.992847 
1.872373 1.985000 122.090495 24.234963 1.984244 
1.868110 1.975000 122.090495 24.112873 1.971455 
1.865227 1.965000 122.090495 23.990782 1.963005 
1.862312 1.955000 122.090495 23.868692 1.954611 
1.857878 1.945000 122.090495 23.746601 1.942126 
1.854882 1.935000 122.090495 23.624511 1.933871 
1.850325 1.925000 122.090495 23.502420 1.921584 
1.847246 1.915000 122.090495 23.380330 1.913456 
1.842566 1.905000 122.090495 23.258239 1.901354 
1.839405 1.895000 122.090495 23.136149 1.893344 
1.834600 1.885000 122.090495 23.014058 1.881414 
1.831356 1.875000 122.090495 22.891968 1.873514 
1.826427 1.865000 122.090495 22.769877 1.861743 
1.823099 1.855000 122.090495 22.647787 1.853945 
1.818045 1.845000 122.090495 22.525696 1.842321 
1.814633 1.835000 122.090495 22.403606 1.834618 
1.809452 1.825000 122.090495 22.281515 1.823131 
1.804196 1.815000 122.090495 22.159425 1.811720 
1.800649 1.805000 122.090495 22.037334 1.804154 
1.795264 1.795000 122.090495 21.915244 1.792863 
1.789803 1.785000 122.090495 21.793153 1.781640 
1.786120 1.775000 122.090495 21.671063 1.774194 
1.780530 1.765000 122.090495 21.548972 1.763077 
1.774863 1.755000 122.090495 21.426882 1.752018 
1.771041 1.745000 122.090495 21.304791 1.744676 
1.765244 1.735000 122.090495 21.182701 1.733709 
1.759368 1.725000 122.090495 21.060610 1.722792 
1.753413 1.715000 122.090495 20.938520 1.711924 
1.749400 1.705000 122.090495 20.816429 1.704703 
1.743313 1.695000 122.090495 20.694339 1.693908 
1.737147 1.685000 122.090495 20.572248 1.683154 
1.730901 1.675000 122.090495 20.450158 1.672437 
1.724574 1.665000 122.090495 20.328067 1.661756 
1.720312 1.655000 122.090495 20.205977 1.654654 
1.713850 1.645000 122.090495 20.083886 1.644026 
1.707308 1.635000 122.090495 19.961796 1.633427 
1.700683 1.625000 122.090495 19.839705 1.622854 
1.693977 1.615000 122.090495 19.717615 1.612304 
1.687188 1.605000 122.090495 19.595524 1.601777 
1.682616 1.595000 122.090495 19.473434 1.594769 
1.675689 1.585000 122.090495 19.351343 1.584271 
1.668678 1.575000 122.090495 19.229253 1.573789 
1.661583 1.565000 122.090495 19.107162 1.563320 
1.654403 1.555000 122.090495 18.985072 1.552862 
1.647139 1.545000 122.090495 18.862981 1.542412 
1.639789 1.535000 122.090495 18.740891 1.531969 
1.632354 1.525000 122.090495 18.618801 1.521529 
1.627349 1.515000 122.090495 18.496710 1.514571 
1.619770 1.505000 122.090495 18.374620 1.504134 
1.612103 1.495000 122.090495 18.252529 1.493695 
1.604349 1.485000 122.090495 18.130439 1.483252 
1.596506 1.475000 122.090495 18.008348 1.472803 
1.588575 1.465000 122.090495 17.886258 1.462346 
1.580555 1.455000 122.090495 17.764167 1.451878 
1.575159 1.445000 122.090495 17.642077 1.444893 
1.566989 1.435000 122.090495 17.519986 1.434404 
1.558728 1.425000 122.090495 17.397896 1.423898 
1.550377 1.415000 122.090495 17.275805 1.413374 
1.541933 1.405000 122.090495 17.153715 1.402830 
1.533397 1.395000 122.090495 17.031624 1.392263 
1.524768 1.385000 122.090495 16.909534 1.381671 
1.518964 1.375000 122.090495 16.787443 1.374595 
1.510178 1.365000 122.090495 16.665353 1.363956 
1.501298 1.355000 122.090495 16.543262 1.353286 
1.492323 1.345000 122.090495 16.421172 1.342583 
1.483251 1.335000 122.090495 16.299081 1.331845 
1.477150 1.325000 122.090495 16.176991 1.324665 
1.467917 1.315000 122.090495 16.054900 1.313861 
1.458586 1.305000 122.090495 15.932810 1.303016 
1.449156 1.295000 122.090495 15.810719 1.292125 
1.442814 1.285000 122.090495 15.688629 1.284839 
1.433219 1.275000 122.090495 15.566538 1.273869 
1.423522 1.265000 122.090495 15.444448 1.262848 
1.413724 1.255000 122.090495 15.322357 1.251772 
1.407135 1.245000 122.090495 15.200267 1.244357 
1.397166 1.235000 122.090495 15.078176 1.233186 
1.387093 1.225000 122.090495 14.956086 1.221953 
1.380319 1.215000 122.090495 14.833995 1.214428 
1.370071 1.205000 122.090495 14.711905 1.203086 
1.359717 1.195000 122.090495 14.589814 1.191675 
1.352755 1.185000 122.090495 14.467724 1.184028 
1.342222 1.175000 122.090495 14.345633 1.172494 
1.335139 1.165000 122.090495 14.223543 1.164762 
1.324424 1.155000 122.090495 14.101452 1.153097 
1.313599 1.145000 122.090495 13.979362 1.141349 
1.306320 1.135000 122.090495 13.857271 1.133469 
1.295309 1.125000 122.090495 13.735181 1.121574 
1.287905 1.115000 122.090495 13.613090 1.113593 
1.276704 1.105000 122.090495 13.491000 1.101542 
1.269172 1.095000 122.090495 13.368909 1.093453 
1.257779 1.085000 122.090495 13.246819 1.081234 
1.250118 1.075000 122.090495 13.124728 1.073029 
1.242405 1.065000 122.090495 13.002638 1.064776 
1.230736 1.055000 122.090495 12.880547 1.052303 
1.222891 1.045000 122.090495 12.758457 1.043924 
1.211021 1.035000 122.090495 12.636366 1.031255 
1.203040 1.025000 122.090495 12.514276 1.022741 
1.195005 1.015000 122.090495 12.392185 1.014170 
1.182848 1.005000 122.090495 12.270095 1.001204 
1.174674 0.995000 122.090495 12.148004 0.992485 
1.166444 0.985000 122.090495 12.025914 0.983704 
1.158157 0.975000 122.090495 11.903823 0.974860 
1.145619 0.965000 122.090495 11.781733 0.961470 
1.137189 0.955000 122.090495 11.659642 0.952459 
1.128700 0.945000 122.090495 11.537552 0.943378 
1.120152 0.935000 122.090495 11.415461 0.934226 
1.107220 0.925000 122.090495 11.293371 0.920359 
1.098523 0.915000 122.090495 11.171280 0.911019 
1.089766 0.905000 122.090495 11.049190 0.901601 
1.080948 0.895000 122.090495 10.927099 0.892101 
1.072068 0.885000 122.090495 10.805009 0.882519 
1.063126 0.875000 122.090495 10.682918 0.872851 
1.054122 0.865000 122.090495 10.560828 0.863095 
1.045054 0.855000 122.090495 10.438737 0.853250 
1.035922 0.845000 122.090495 10.316647 0.843311 
1.026726 0.835000 122.090495 10.194556 0.833278 
1.017465 0.825000 122.090495 10.072466 0.823146 
1.008138 0.815000 122.090495 9.950375 0.812913 
0.998745 0.805000 122.090495 9.828285 0.802576 
0.989284 0.795000 122.090495 9.706194 0.792132 
0.979756 0.785000 122.090495 9.584104 0.781578 
0.970160 0.775000 122.090495 9.462013 0.770910 
0.960494 0.765000 122.090495 9.339923 0.760126 
0.955635 0.755000 122.090495 9.217832 0.754689 
0.945865 0.745000 122.090495 9.095742 0.743722 
0.936023 0.735000 122.090495 8.973651 0.732630 
0.926110 0.725000 122.090495 8.851561 0.721407 
0.916124 0.715000 122.090495 8.729470 0.710050 
0.911103 0.705000 122.090495 8.607380 0.704320 
0.901007 0.695000 122.090495 8.485289 0.692754 
0.890836 0.685000 122.090495 8.363199 0.681042 
0.880589 0.675000 122.090495 8.241108 0.669181 
0.875437 0.665000 122.090495 8.119018 0.663192 
0.865076 0.655000 122.090495 7.996927 0.651096 
0.859866 0.645000 122.090495 7.874837 0.644987 
0.849387 0.635000 122.090495 7.752746 0.632644 
0.838830 0.625000 122.090495 7.630656 0.620130 
0.833521 0.615000 122.090495 7.508565 0.613806 
0.822842 0.605000 122.090495 7.386475 0.601023 
0.817472 0.595000 122.090495 7.264384 0.594562 
0.806670 0.585000 122.090495 7.142294 0.581495 
0.801238 0.575000 122.090495 7.020203 0.574888 
0.790311 0.565000 122.090495 6.898113 0.561522 
0.784816 0.555000 122.090495 6.776022 0.554761 
0.773760 0.545000 122.090495 6.653932 0.541078 
0.768200 0.535000 122.090495 6.531841 0.534155 
0.757014 0.525000 122.090495 6.409751 0.520137 
0.751387 0.515000 122.090495 6.287660 0.513041 
0.740067 0.505000 122.090495 6.165570 0.498669 
0.734373 0.495000 122.090495 6.043480 0.491390 
0.728656 0.485000 122.090495 5.921389 0.484048 
0.717154 0.475000 122.090495 5.799299 0.469168 
0.711367 0.465000 122.090495 5.677208 0.461627 
0.705557 0.455000 122.090495 5.555118 0.454018 
0.693866 0.445000 122.090495 5.433027 0.438587 
0.687984 0.435000 122.090495 5.310937 0.430762 
0.682078 0.425000 122.090495 5.188846 0.422862 
0.676148 0.415000 122.090495 5.066756 0.414885 
0.664213 0.405000 122.090495 4.944665 0.398695 
0.658207 0.395000 122.090495 4.822575 0.390477 
0.652177 0.385000 122.090495 4.700484 0.382176 
0.646121 0.375000 122.090495 4.578394 0.373789 
0.633931 0.365000 122.090495 4.456303 0.356749 
0.627797 0.355000 122.090495 4.334213 0.348091 
0.621637 0.345000 122.090495 4.212122 0.339340 
0.615450 0.335000 122.090495 4.090032 0.330491 
0.609236 0.325000 122.090495 3.967941 0.321543 
0.602995 0.315000 122.090495 3.845851 0.312494 
0.596726 0.305000 122.090495 3.723760 0.303340 
0.590430 0.295000 122.090495 3.601670 0.294080 
0.584106 0.285000 122.090495 3.479579 0.284709 
0.571373 0.275000 122.090495 3.357489 0.265627 
0.564963 0.265000 122.090495 3.235398 0.255909 
0.558525 0.255000 122.090495 3.113308 0.246069 
0.552057 0.245000 122.090495 2.991217 0.236104 
0.545560 0.235000 122.090495 2.869127 0.226009 
0.539033 0.225000 122.090495 2.747036 0.215781 
0.532476 0.215000 122.090495 2.624946 0.205417 
0.525888 0.205000 122.090495 2.502855 0.194912 
0.525888 0.195000 122.090495 2.380765 0.194912 
0.519269 0.185000 122.090495 2.258674 0.184262 
0.512620 0.175000 122.090495 2.136584 0.173463 
0.505938 0.165000 122.090495 2.014493 0.162510 
0.499225 0.155000 122.090495 1.892403 0.151398 
0.492480 0.145000 122.090495 1.770312 0.140123 
0.485703 0.135000 122.090495 1.648222 0.128678 
0.478892 0.125000 122.090495 1.526131 0.117059 
0.472048 0.115000 122.090495 1.404041 0.105259 
0.465171 0.105000 122.090495 1.281950 0.093273 
0.465171 0.095000 122.090495 1.159860 0.093273 
0.458259 0.085000 122.090495 1.037769 0.081094 
0.451313 0.075000 122.090495 0.915679 0.068715 
0.444333 0.065000 122.090495 0.793588 0.056130 
0.437317 0.055000 122.090495 0.671498 0.043330 
0.437317 0.045000 122.090495 0.549407 0.043330 
0.430265 0.035000 122.090495 0.427317 0.030309 
0.423177 0.025000 122.090495 0.305226 0.017057 
0.416053 0.015000 122.090495 0.183136 0.003566 
