1.999998 9.985000 0.567401 0.566550 3.155539 
1.999998 9.975000 0.567401 0.565983 3.155539 
1.999998 9.965000 0.567401 0.565415 3.155539 
1.999998 9.955000 0.567401 0.564848 3.155539 
1.999998 9.945000 0.567401 0.564281 3.155539 
1.999998 9.935000 0.567401 0.563713 3.155539 
1.999998 9.925000 0.567401 0.563146 3.155539 
1.999998 9.915000 0.567401 0.562578 3.155539 
1.999998 9.905000 0.567401 0.562011 3.155539 
1.999998 9.895000 0.567401 0.561444 3.155539 
1.999998 9.885000 0.567401 0.560876 3.155539 
1.999998 9.875000 0.567401 0.560309 3.155539 
1.999998 9.865000 0.567401 0.559741 3.155539 
1.999998 9.855000 0.567401 0.559174 3.155539 
1.999998 9.845000 0.567401 0.558607 3.155539 
1.999998 9.835000 0.567401 0.558039 3.155539 
1.999998 9.825000 0.567401 0.557472 3.155539 
1.999998 9.815000 0.567401 0.556904 3.155539 
1.999998 9.805000 0.567401 0.556337 3.155539 
1.999998 9.795000 0.567401 0.555770 3.155539 
1.999998 9.785000 0.567401 0.555202 3.155539 
1.999998 9.775000 0.567401 0.554635 3.155539 
1.999998 9.765000 0.567401 0.554067 3.155539 
1.999998 9.755000 0.567401 0.553500 3.155539 
1.999998 9.745000 0.567401 0.552933 3.155539 
1.999998 9.735000 0.567401 0.552365 3.155539 
1.999998 9.725000 0.567401 0.551798 3.155539 
1.999998 9.715000 0.567401 0.551230 3.155539 
1.999998 9.705000 0.567401 0.550663 3.155539 
1.999998 9.695000 0.567401 0.550096 3.155539 
1.999998 9.685000 0.567401 0.549528 3.155539 
1.999998 9.675000 0.567401 0.548961 3.155539 
1.999998 9.665000 0.567401 0.548393 3.155539 
1.999998 9.655000 0.567401 0.547826 3.155539 
1.999998 9.645000 0.567401 0.547259 3.155539 
1.999998 9.635000 0.567401 0.546691 3.155539 
1.999998 9.625000 0.567401 0.546124 3.155539 
1.999998 9.615000 0.567401 0.545556 3.155539 
1.999998 9.605000 0.567401 0.544989 3.155539 
1.999998 9.595000 0.567401 0.544422 3.155539 
1.999998 9.585000 0.567401 0.543854 3.155539 
1.999998 9.575000 0.567401 0.543287 3.155539 
1.999998 9.565000 0.567401 0.542719 3.155539 
1.999998 9.555000 0.567401 0.542152 3.155539 
1.999998 9.545000 0.567401 0.541585 3.155539 
1.999998 9.535000 0.567401 0.541017 3.155539 
1.999998 9.525000 0.567401 0.540450 3.155539 
1.999998 9.515000 0.567401 0.539882 3.155539 
1.999998 9.505000 0.567401 0.539315 3.155539 
1.999998 9.495000 0.567401 0.538748 3.155539 
1.999998 9.485000 0.567401 0.538180 3.155539 
1.999998 9.475000 0.567401 0.537613 3.155539 
1.999998 9.465000 0.567401 0.537045 3.155539 
1.999998 9.455000 0.567401 0.536478 3.155539 
1.999998 9.445000 0.567401 0.535911 3.155539 
1.999998 9.435000 0.567401 0.535343 3.155539 
1.999998 9.425000 0.567401 0.534776 3.155539 
1.999998 9.415000 0.567401 0.534208 3.155539 
1.999998 9.405000 0.567401 0.533641 3.155539 
1.999998 9.395000 0.567401 0.533074 3.155539 
1.999998 9.385000 0.567401 0.532506 3.155539 
1.999998 9.375000 0.567401 0.531939 3.155539 
1.999998 9.365000 0.567401 0.531371 3.155539 
1.999998 9.355000 0.567401 0.530804 3.155539 
1.999998 9.345000 0.567401 0.530237 3.155539 
1.999998 9.335000 0.567401 0.529669 3.155539 
1.999998 9.325000 0.567401 0.529102 3.155539 
1.999998 9.315000 0.567401 0.528534 3.155539 
1.999998 9.305000 0.567401 0.527967 3.155539 
1.999998 9.295000 0.567401 0.527400 3.155539 
1.999998 9.285000 0.567401 0.526832 3.155539 
1.999998 9.275000 0.567401 0.526265 3.155539 
1.999998 9.265000 0.567401 0.525697 3.155539 
1.999998 9.255000 0.567401 0.525130 3.155539 
1.999998 9.245000 0.567401 0.524563 3.155539 
1.999998 9.235000 0.567401 0.523995 3.155539 
1.999998 9.225000 0.567401 0.523428 3.155539 
1.999998 9.215000 0.567401 0.522860 3.155539 
1.999998 9.205000 0.567401 0.522293 3.155539 
1.999998 9.195000 0.567401 0.521726 3.155539 
1.999998 9.185000 0.567401 0.521158 3.155539 
1.999998 9.175000 0.567401 0.520591 3.155539 
1.999998 9.165000 0.567401 0.520023 3.155539 
1.999998 9.155000 0.567401 0.519456 3.155539 
1.999998 9.145000 0.567401 0.518889 3.155539 
1.999998 9.135000 0.567401 0.518321 3.155539 
1.999998 9.125000 0.567401 0.517754 3.155539 
1.999998 9.115000 0.567401 0.517186 3.155539 
1.999998 9.105000 0.567401 0.516619 3.155539 
1.999998 9.095000 0.567401 0.516052 3.155539 
1.999998 9.085000 0.567401 0.515484 3.155539 
1.999998 9.075000 0.567401 0.514917 3.155539 
1.999998 9.065000 0.567401 0.514349 3.155539 
1.999998 9.055000 0.567401 0.513782 3.155539 
1.999998 9.045000 0.567401 0.513215 3.155539 
1.999998 9.035000 0.567401 0.512647 3.155539 
1.999998 9.025000 0.567401 0.512080 3.155539 
1.999998 9.015000 0.567401 0.511512 3.155539 
1.999998 9.005000 0.567401 0.510945 3.155539 
1.999998 8.995000 0.567401 0.510378 3.155539 
1.999998 8.985000 0.567401 0.509810 3.155539 
1.999998 8.975000 0.567401 0.509243 3.155539 
1.999998 8.965000 0.567401 0.508675 3.155539 
1.999998 8.955000 0.567401 0.508108 3.155539 
1.999998 8.945000 0.567401 0.507541 3.155539 
1.999998 8.935000 0.567401 0.506973 3.155539 
1.999998 8.925000 0.567401 0.506406 3.155539 
1.999998 8.915000 0.567401 0.505838 3.155539 
1.999998 8.905000 0.567401 0.505271 3.155539 
1.999998 8.895000 0.567401 0.504704 3.155539 
1.999998 8.885000 0.567401 0.504136 3.155539 
1.999998 8.875000 0.567401 0.503569 3.155539 
1.999998 8.865000 0.567401 0.503001 3.155539 
1.999998 8.855000 0.567401 0.502434 3.155539 
1.999998 8.845000 0.567401 0.501867 3.155539 
1.999998 8.835000 0.567401 0.501299 3.155539 
1.999998 8.825000 0.567401 0.500732 3.155539 
1.999998 8.815000 0.567401 0.500164 3.155539 
1.999998 8.805000 0.567401 0.499597 3.155539 
1.999998 8.795000 0.567401 0.499029 3.155539 
1.999998 8.785000 0.567401 0.498462 3.155539 
1.999998 8.775000 0.567401 0.497895 3.155539 
1.999998 8.765000 0.567401 0.497327 3.155539 
1.999998 8.755000 0.567401 0.496760 3.155539 
1.999998 8.745000 0.567401 0.496192 3.155539 
1.999998 8.735000 0.567401 0.495625 3.155539 
1.999998 8.725000 0.567401 0.495058 3.155539 
1.999998 8.715000 0.567401 0.494490 3.155539 
1.999998 8.705000 0.567401 0.493923 3.155539 
1.999998 8.695000 0.567401 0.493355 3.155539 
1.999998 8.685000 0.567401 0.492788 3.155539 
1.999998 8.675000 0.567401 0.492221 3.155539 
1.999998 8.665000 0.567401 0.491653 3.155539 
1.999998 8.655000 0.567401 0.491086 3.155539 
1.999998 8.645000 0.567401 0.490518 3.155539 
1.999998 8.635000 0.567401 0.489951 3.155539 
1.999998 8.625000 0.567401 0.489384 3.155539 
1.999998 8.615000 0.567401 0.488816 3.155539 
1.999998 8.605000 0.567401 0.488249 3.155539 
1.999998 8.595000 0.567401 0.487681 3.155539 
1.999998 8.585000 0.567401 0.487114 3.155539 
1.999998 8.575000 0.567401 0.486547 3.155539 
1.999998 8.565000 0.567401 0.485979 3.155539 
1.999998 8.555000 0.567401 0.485412 3.155539 
1.999998 8.545000 0.567401 0.484844 3.155539 
1.999998 8.535000 0.567401 0.484277 3.155539 
1.999998 8.525000 0.567401 0.483710 3.155539 
1.999998 8.515000 0.567401 0.483142 3.155539 
1.999998 8.505000 0.567401 0.482575 3.155539 
1.999998 8.495000 0.567401 0.482007 3.155539 
1.999998 8.485000 0.567401 0.481440 3.155539 
1.999998 8.475000 0.567401 0.480873 3.155539 
1.999998 8.465000 0.567401 0.480305 3.155539 
1.999998 8.455000 0.567401 0.479738 3.155539 
1.999998 8.445000 0.567401 0.479170 3.155539 
1.999998 8.435000 0.567401 0.478603 3.155539 
1.999998 8.425000 0.567401 0.478036 3.155539 
1.999998 8.415000 0.567401 0.477468 3.155539 
1.999998 8.405000 0.567401 0.476901 3.155539 
1.999998 8.395000 0.567401 0.476333 3.155539 
1.999998 8.385000 0.567401 0.475766 3.155539 
1.999998 8.375000 0.567401 0.475199 3.155539 
1.999998 8.365000 0.567401 0.474631 3.155539 
1.999998 8.355000 0.567401 0.474064 3.155539 
1.999998 8.345000 0.567401 0.473496 3.155539 
1.999998 8.335000 0.567401 0.472929 3.155539 
1.999998 8.325000 0.567401 0.472362 3.155539 
1.999998 8.315000 0.567401 0.471794 3.155539 
1.999998 8.305000 0.567401 0.471227 3.155539 
1.999998 8.295000 0.567401 0.470659 3.155539 
1.999998 8.285000 0.567401 0.470092 3.155539 
1.999998 8.275000 0.567401 0.469525 3.155539 
1.999998 8.265000 0.567401 0.468957 3.155539 
1.999998 8.255000 0.567401 0.468390 3.155539 
1.999998 8.245000 0.567401 0.467822 3.155539 
1.999998 8.235000 0.567401 0.467255 3.155539 
1.999998 8.225000 0.567401 0.466688 3.155539 
1.999998 8.215000 0.567401 0.466120 3.155539 
1.999998 8.205000 0.567401 0.465553 3.155539 
1.999998 8.195000 0.567401 0.464985 3.155539 
1.999998 8.185000 0.567401 0.464418 3.155539 
1.999998 8.175000 0.567401 0.463851 3.155539 
1.999998 8.165000 0.567401 0.463283 3.155539 
1.999998 8.155000 0.567401 0.462716 3.155539 
1.999998 8.145000 0.567401 0.462148 3.155539 
1.999998 8.135000 0.567401 0.461581 3.155539 
1.999998 8.125000 0.567401 0.461014 3.155539 
1.999998 8.115000 0.567401 0.460446 3.155539 
1.999998 8.105000 0.567401 0.459879 3.155539 
1.999998 8.095000 0.567401 0.459311 3.155539 
1.999998 8.085000 0.567401 0.458744 3.155539 
1.999998 8.075000 0.567401 0.458177 3.155539 
1.999998 8.065000 0.567401 0.457609 3.155539 
1.999998 8.055000 0.567401 0.457042 3.155539 
1.999998 8.045000 0.567401 0.456474 3.155539 
1.999998 8.035000 0.567401 0.455907 3.155539 
1.999998 8.025000 0.567401 0.455340 3.155539 
1.999998 8.015000 0.567401 0.454772 3.155539 
1.999998 8.005000 0.567401 0.454205 3.155539 
1.999998 7.995000 0.567401 0.453637 3.155539 
1.999998 7.985000 0.567401 0.453070 3.155539 
1.999998 7.975000 0.567401 0.452503 3.155539 
1.999998 7.965000 0.567401 0.451935 3.155539 
1.999998 7.955000 0.567401 0.451368 3.155539 
1.999998 7.945000 0.567401 0.450800 3.155539 
1.999998 7.935000 0.567401 0.450233 3.155539 
1.999998 7.925000 0.567401 0.449666 3.155539 
1.999998 7.915000 0.567401 0.449098 3.155539 
1.999998 7.905000 0.567401 0.448531 3.155539 
1.999998 7.895000 0.567401 0.447963 3.155539 
1.999998 7.885000 0.567401 0.447396 3.155539 
1.999998 7.875000 0.567401 0.446829 3.155539 
1.999998 7.865000 0.567401 0.446261 3.155539 
1.999998 7.855000 0.567401 0.445694 3.155539 
1.999998 7.845000 0.567401 0.445126 3.155539 
1.999998 7.835000 0.567401 0.444559 3.155539 
1.999998 7.825000 0.567401 0.443992 3.155539 
1.999998 7.815000 0.567401 0.443424 3.155539 
1.999998 7.805000 0.567401 0.442857 3.155539 
1.999998 7.795000 0.567401 0.442289 3.155539 
1.999998 7.785000 0.567401 0.441722 3.155539 
1.999998 7.775000 0.567401 0.441155 3.155539 
1.999998 7.765000 0.567401 0.440587 3.155539 
1.999998 7.755000 0.567401 0.440020 3.155539 
1.999998 7.745000 0.567401 0.439452 3.155539 
1.999998 7.735000 0.567401 0.438885 3.155539 
1.999998 7.725000 0.567401 0.438318 3.155539 
1.999998 7.715000 0.567401 0.437750 3.155539 
1.999998 7.705000 0.567401 0.437183 3.155539 
1.999998 7.695000 0.567401 0.436615 3.155539 
1.999998 7.685000 0.567401 0.436048 3.155539 
1.999998 7.675000 0.567401 0.435481 3.155539 
1.999998 7.665000 0.567401 0.434913 3.155539 
1.999998 7.655000 0.567401 0.434346 3.155539 
1.999998 7.645000 0.567401 0.433778 3.155539 
1.999998 7.635000 0.567401 0.433211 3.155539 
1.999998 7.625000 0.567401 0.432644 3.155539 
1.999998 7.615000 0.567401 0.432076 3.155539 
1.999998 7.605000 0.567401 0.431509 3.155539 
1.999998 7.595000 0.567401 0.430941 3.155539 
1.999998 7.585000 0.567401 0.430374 3.155539 
1.999998 7.575000 0.567401 0.429807 3.155539 
1.999998 7.565000 0.567401 0.429239 3.155539 
1.999998 7.555000 0.567401 0.428672 3.155539 
1.999998 7.545000 0.567401 0.428104 3.155539 
1.999998 7.535000 0.567401 0.427537 3.155539 
1.999998 7.525000 0.567401 0.426970 3.155539 
1.999998 7.515000 0.567401 0.426402 3.155539 
1.999998 7.505000 0.567401 0.425835 3.155539 
1.999998 7.495000 0.567401 0.425267 3.155539 
1.999998 7.485000 0.567401 0.424700 3.155539 
1.999998 7.475000 0.567401 0.424133 3.155539 
1.999998 7.465000 0.567401 0.423565 3.155539 
1.999998 7.455000 0.567401 0.422998 3.155539 
1.999998 7.445000 0.567401 0.422430 3.155539 
1.999998 7.435000 0.567401 0.421863 3.155539 
1.999998 7.425000 0.567401 0.421296 3.155539 
1.999998 7.415000 0.567401 0.420728 3.155539 
1.999998 7.405000 0.567401 0.420161 3.155539 
1.999998 7.395000 0.567401 0.419593 3.155539 
1.999998 7.385000 0.567401 0.419026 3.155539 
1.999998 7.375000 0.567401 0.418459 3.155539 
1.999998 7.365000 0.567401 0.417891 3.155539 
1.999998 7.355000 0.567401 0.417324 3.155539 
1.999998 7.345000 0.567401 0.416756 3.155539 
1.999998 7.335000 0.567401 0.416189 3.155539 
1.999998 7.325000 0.567401 0.415621 3.155539 
1.999998 7.315000 0.567401 0.415054 3.155539 
1.999998 7.305000 0.567401 0.414487 3.155539 
1.999998 7.295000 0.567401 0.413919 3.155539 
1.999998 7.285000 0.567401 0.413352 3.155539 
1.999998 7.275000 0.567401 0.412784 3.155539 
1.999998 7.265000 0.567401 0.412217 3.155539 
1.999998 7.255000 0.567401 0.411650 3.155539 
1.999998 7.245000 0.567401 0.411082 3.155539 
1.999998 7.235000 0.567401 0.410515 3.155539 
1.999998 7.225000 0.567401 0.409947 3.155539 
1.999998 7.215000 0.567401 0.409380 3.155539 
1.999998 7.205000 0.567401 0.408813 3.155539 
1.999998 7.195000 0.567401 0.408245 3.155539 
1.999998 7.185000 0.567401 0.407678 3.155539 
1.999998 7.175000 0.567401 0.407110 3.155539 
1.999998 7.165000 0.567401 0.406543 3.155539 
1.999998 7.155000 0.567401 0.405976 3.155539 
1.999998 7.145000 0.567401 0.405408 3.155539 
1.999998 7.135000 0.567401 0.404841 3.155539 
1.999998 7.125000 0.567401 0.404273 3.155539 
1.999998 7.115000 0.567401 0.403706 3.155539 
1.999998 7.105000 0.567401 0.403139 3.155539 
1.999998 7.095000 0.567401 0.402571 3.155539 
1.999998 7.085000 0.567401 0.402004 3.155539 
1.999998 7.075000 0.567401 0.401436 3.155539 
1.999998 7.065000 0.567401 0.400869 3.155539 
1.999998 7.055000 0.567401 0.400302 3.155539 
1.999998 7.045000 0.567401 0.399734 3.155539 
1.999998 7.035000 0.567401 0.399167 3.155539 
1.999998 7.025000 0.567401 0.398599 3.155539 
1.999998 7.015000 0.567401 0.398032 3.155539 
1.999998 7.005000 0.567401 0.397465 3.155539 
1.999998 6.995000 0.567401 0.396897 3.155539 
1.999998 6.985000 0.567401 0.396330 3.155539 
1.999998 6.975000 0.567401 0.395762 3.155539 
1.999998 6.965000 0.567401 0.395195 3.155539 
1.999998 6.955000 0.567401 0.394628 3.155539 
1.999998 6.945000 0.567401 0.394060 3.155539 
1.999998 6.935000 0.567401 0.393493 3.155539 
1.999998 6.925000 0.567401 0.392925 3.155539 
1.999998 6.915000 0.567401 0.392358 3.155539 
1.999998 6.905000 0.567401 0.391791 3.155539 
1.999998 6.895000 0.567401 0.391223 3.155539 
1.999998 6.885000 0.567401 0.390656 3.155539 
1.999998 6.875000 0.567401 0.390088 3.155539 
1.999998 6.865000 0.567401 0.389521 3.155539 
1.999998 6.855000 0.567401 0.388954 3.155539 
1.999998 6.845000 0.567401 0.388386 3.155539 
1.999998 6.835000 0.567401 0.387819 3.155539 
1.999998 6.825000 0.567401 0.387251 3.155539 
1.999998 6.815000 0.567401 0.386684 3.155539 
1.999998 6.805000 0.567401 0.386117 3.155539 
1.999998 6.795000 0.567401 0.385549 3.155539 
1.999998 6.785000 0.567401 0.384982 3.155539 
1.999998 6.775000 0.567401 0.384414 3.155539 
1.999998 6.765000 0.567401 0.383847 3.155539 
1.999998 6.755000 0.567401 0.383280 3.155539 
1.999998 6.745000 0.567401 0.382712 3.155539 
1.999998 6.735000 0.567401 0.382145 3.155539 
1.999998 6.725000 0.567401 0.381577 3.155539 
1.999998 6.715000 0.567401 0.381010 3.155539 
1.999998 6.705000 0.567401 0.380443 3.155539 
1.999998 6.695000 0.567401 0.379875 3.155539 
1.999998 6.685000 0.567401 0.379308 3.155539 
1.999998 6.675000 0.567401 0.378740 3.155539 
1.999998 6.665000 0.567401 0.378173 3.155539 
1.999998 6.655000 0.567401 0.377606 3.155539 
1.999998 6.645000 0.567401 0.377038 3.155539 
1.999998 6.635000 0.567401 0.376471 3.155539 
1.999998 6.625000 0.567401 0.375903 3.155539 
1.999998 6.615000 0.567401 0.375336 3.155539 
1.999998 6.605000 0.567401 0.374769 3.155539 
1.999998 6.595000 0.567401 0.374201 3.155539 
1.999998 6.585000 0.567401 0.373634 3.155539 
1.999998 6.575000 0.567401 0.373066 3.155539 
1.999998 6.565000 0.567401 0.372499 3.155539 
1.999998 6.555000 0.567401 0.371932 3.155539 
1.999998 6.545000 0.567401 0.371364 3.155539 
1.999998 6.535000 0.567401 0.370797 3.155539 
1.999998 6.525000 0.567401 0.370229 3.155539 
1.999998 6.515000 0.567401 0.369662 3.155539 
1.999998 6.505000 0.567401 0.369095 3.155539 
1.999998 6.495000 0.567401 0.368527 3.155539 
1.999998 6.485000 0.567401 0.367960 3.155539 
1.999998 6.475000 0.567401 0.367392 3.155539 
1.999998 6.465000 0.567401 0.366825 3.155539 
1.999998 6.455000 0.567401 0.366258 3.155539 
1.999998 6.445000 0.567401 0.365690 3.155539 
1.999998 6.435000 0.567401 0.365123 3.155539 
1.999998 6.425000 0.567401 0.364555 3.155539 
1.999998 6.415000 0.567401 0.363988 3.155539 
1.999998 6.405000 0.567401 0.363421 3.155539 
1.999998 6.395000 0.567401 0.362853 3.155539 
1.999998 6.385000 0.567401 0.362286 3.155539 
1.999998 6.375000 0.567401 0.361718 3.155539 
1.999998 6.365000 0.567401 0.361151 3.155539 
1.999998 6.355000 0.567401 0.360584 3.155539 
1.999998 6.345000 0.567401 0.360016 3.155539 
1.999998 6.335000 0.567401 0.359449 3.155539 
1.999998 6.325000 0.567401 0.358881 3.155539 
1.999998 6.315000 0.567401 0.358314 3.155539 
1.999998 6.305000 0.567401 0.357747 3.155539 
1.999998 6.295000 0.567401 0.357179 3.155539 
1.999998 6.285000 0.567401 0.356612 3.155539 
1.999998 6.275000 0.567401 0.356044 3.155539 
1.999998 6.265000 0.567401 0.355477 3.155539 
1.999998 6.255000 0.567401 0.354910 3.155539 
1.999998 6.245000 0.567401 0.354342 3.155539 
1.999998 6.235000 0.567401 0.353775 3.155539 
1.999998 6.225000 0.567401 0.353207 3.155539 
1.999998 6.215000 0.567401 0.352640 3.155539 
1.999998 6.205000 0.567401 0.352073 3.155539 
1.999998 6.195000 0.567401 0.351505 3.155539 
1.999998 6.185000 0.567401 0.350938 3.155539 
1.999998 6.175000 0.567401 0.350370 3.155539 
1.999998 6.165000 0.567401 0.349803 3.155539 
1.999998 6.155000 0.567401 0.349236 3.155539 
1.999998 6.145000 0.567401 0.348668 3.155539 
1.999998 6.135000 0.567401 0.348101 3.155539 
1.999998 6.125000 0.567401 0.347533 3.155539 
1.999998 6.115000 0.567401 0.346966 3.155539 
1.999998 6.105000 0.567401 0.346399 3.155539 
1.999998 6.095000 0.567401 0.345831 3.155539 
1.999998 6.085000 0.567401 0.345264 3.155539 
1.999998 6.075000 0.567401 0.344696 3.155539 
1.999998 6.065000 0.567401 0.344129 3.155539 
1.999998 6.055000 0.567401 0.343562 3.155539 
1.999998 6.045000 0.567401 0.342994 3.155539 
1.999998 6.035000 0.567401 0.342427 3.155539 
1.999998 6.025000 0.567401 0.341859 3.155539 
1.999998 6.015000 0.567401 0.341292 3.155539 
1.999998 6.005000 0.567401 0.340725 3.155539 
1.999998 5.995000 0.567401 0.340157 3.155539 
1.999998 5.985000 0.567401 0.339590 3.155539 
1.999998 5.975000 0.567401 0.339022 3.155539 
1.999998 5.965000 0.567401 0.338455 3.155539 
1.999998 5.955000 0.567401 0.337888 3.155539 
1.999998 5.945000 0.567401 0.337320 3.155539 
1.999998 5.935000 0.567401 0.336753 3.155539 
1.999998 5.925000 0.567401 0.336185 3.155539 
1.999998 5.915000 0.567401 0.335618 3.155539 
1.999998 5.905000 0.567401 0.335051 3.155539 
1.999998 5.895000 0.567401 0.334483 3.155539 
1.999998 5.885000 0.567401 0.333916 3.155539 
1.999998 5.875000 0.567401 0.333348 3.155539 
1.999998 5.865000 0.567401 0.332781 3.155539 
1.999998 5.855000 0.567401 0.332213 3.155539 
1.999998 5.845000 0.567401 0.331646 3.155539 
1.999998 5.835000 0.567401 0.331079 3.155539 
1.999998 5.825000 0.567401 0.330511 3.155539 
1.999998 5.815000 0.567401 0.329944 3.155539 
1.999998 5.805000 0.567401 0.329376 3.155539 
1.999998 5.795000 0.567401 0.328809 3.155539 
1.999998 5.785000 0.567401 0.328242 3.155539 
1.999998 5.775000 0.567401 0.327674 3.155539 
1.999998 5.765000 0.567401 0.327107 3.155539 
1.999998 5.755000 0.567401 0.326539 3.155539 
1.999998 5.745000 0.567401 0.325972 3.155539 
1.999998 5.735000 0.567401 0.325405 3.155539 
1.999998 5.725000 0.567401 0.324837 3.155539 
1.999998 5.715000 0.567401 0.324270 3.155539 
1.999998 5.705000 0.567401 0.323702 3.155539 
1.999998 5.695000 0.567401 0.323135 3.155539 
1.999998 5.685000 0.567401 0.322568 3.155539 
1.999998 5.675000 0.567401 0.322000 3.155539 
1.999998 5.665000 0.567401 0.321433 3.155539 
1.999998 5.655000 0.567401 0.320865 3.155539 
1.999998 5.645000 0.567401 0.320298 3.155539 
1.999998 5.635000 0.567401 0.319731 3.155539 
1.999998 5.625000 0.567401 0.319163 3.155539 
1.999998 5.615000 0.567401 0.318596 3.155539 
1.999998 5.605000 0.567401 0.318028 3.155539 
1.999998 5.595000 0.567401 0.317461 3.155539 
1.999998 5.585000 0.567401 0.316894 3.155539 
1.999998 5.575000 0.567401 0.316326 3.155539 
1.999998 5.565000 0.567401 0.315759 3.155539 
1.999998 5.555000 0.567401 0.315191 3.155539 
1.999998 5.545000 0.567401 0.314624 3.155539 
1.999998 5.535000 0.567401 0.314057 3.155539 
1.999998 5.525000 0.567401 0.313489 3.155539 
1.999998 5.515000 0.567401 0.312922 3.155539 
1.999998 5.505000 0.567401 0.312354 3.155539 
1.999998 5.495000 0.567401 0.311787 3.155539 
1.999998 5.485000 0.567401 0.311220 3.155539 
1.999998 5.475000 0.567401 0.310652 3.155539 
1.999998 5.465000 0.567401 0.310085 3.155539 
1.999998 5.455000 0.567401 0.309517 3.155539 
1.999998 5.445000 0.567401 0.308950 3.155539 
1.999998 5.435000 0.567401 0.308383 3.155539 
1.999998 5.425000 0.567401 0.307815 3.155539 
1.999998 5.415000 0.567401 0.307248 3.155539 
1.999998 5.405000 0.567401 0.306680 3.155539 
1.999998 5.395000 0.567401 0.306113 3.155539 
1.999998 5.385000 0.567401 0.305546 3.155539 
1.999998 5.375000 0.567401 0.304978 3.155539 
1.999998 5.365000 0.567401 0.304411 3.155539 
1.999998 5.355000 0.567401 0.303843 3.155539 
1.999998 5.345000 0.567401 0.303276 3.155539 
1.999998 5.335000 0.567401 0.302709 3.155539 
1.999998 5.325000 0.567401 0.302141 3.155539 
1.999998 5.315000 0.567401 0.301574 3.155539 
1.999998 5.305000 0.567401 0.301006 3.155539 
1.999998 5.295000 0.567401 0.300439 3.155539 
1.999998 5.285000 0.567401 0.299872 3.155539 
1.999998 5.275000 0.567401 0.299304 3.155539 
1.999998 5.265000 0.567401 0.298737 3.155539 
1.999998 5.255000 0.567401 0.298169 3.155539 
1.999998 5.245000 0.567401 0.297602 3.155539 
1.999998 5.235000 0.567401 0.297035 3.155539 
1.999998 5.225000 0.567401 0.296467 3.155539 
1.999998 5.215000 0.567401 0.295900 3.155539 
1.999998 5.205000 0.567401 0.295332 3.155539 
1.999998 5.195000 0.567401 0.294765 3.155539 
1.999998 5.185000 0.567401 0.294198 3.155539 
1.999998 5.175000 0.567401 0.293630 3.155539 
1.999998 5.165000 0.567401 0.293063 3.155539 
1.999998 5.155000 0.567401 0.292495 3.155539 
1.999998 5.145000 0.567401 0.291928 3.155539 
1.999998 5.135000 0.567401 0.291361 3.155539 
1.999998 5.125000 0.567401 0.290793 3.155539 
1.999998 5.115000 0.567401 0.290226 3.155539 
1.999998 5.105000 0.567401 0.289658 3.155539 
1.999998 5.095000 0.567401 0.289091 3.155539 
1.999998 5.085000 0.567401 0.288524 3.155539 
1.999998 5.075000 0.567401 0.287956 3.155539 
1.999998 5.065000 0.567401 0.287389 3.155539 
1.999998 5.055000 0.567401 0.286821 3.155539 
1.999998 5.045000 0.567401 0.286254 3.155539 
1.999998 5.035000 0.567401 0.285687 3.155539 
1.999998 5.025000 0.567401 0.285119 3.155539 
1.999998 5.015000 0.567401 0.284552 3.155539 
1.999998 5.005000 0.567401 0.283984 3.155539 
1.999998 4.995000 0.567401 0.283417 3.155539 
1.999998 4.985000 0.567401 0.282850 3.155539 
1.999998 4.975000 0.567401 0.282282 3.155539 
1.999998 4.965000 0.567401 0.281715 3.155539 
1.999998 4.955000 0.567401 0.281147 3.155539 
1.999998 4.945000 0.567401 0.280580 3.155539 
1.999998 4.935000 0.567401 0.280013 3.155539 
1.999998 4.925000 0.567401 0.279445 3.155539 
1.999998 4.915000 0.567401 0.278878 3.155539 
1.999998 4.905000 0.567401 0.278310 3.155539 
1.999998 4.895000 0.567401 0.277743 3.155539 
1.999998 4.885000 0.567401 0.277176 3.155539 
1.999998 4.875000 0.567401 0.276608 3.155539 
1.999998 4.865000 0.567401 0.276041 3.155539 
1.999998 4.855000 0.567401 0.275473 3.155539 
1.999998 4.845000 0.567401 0.274906 3.155539 
1.999998 4.835000 0.567401 0.274339 3.155539 
1.999998 4.825000 0.567401 0.273771 3.155539 
1.999998 4.815000 0.567401 0.273204 3.155539 
1.999998 4.805000 0.567401 0.272636 3.155539 
1.999998 4.795000 0.567401 0.272069 3.155539 
1.999998 4.785000 0.567401 0.271502 3.155539 
1.999998 4.775000 0.567401 0.270934 3.155539 
1.999998 4.765000 0.567401 0.270367 3.155539 
1.999998 4.755000 0.567401 0.269799 3.155539 
1.999998 4.745000 0.567401 0.269232 3.155539 
1.999998 4.735000 0.567401 0.268665 3.155539 
1.999998 4.725000 0.567401 0.268097 3.155539 
1.999998 4.715000 0.567401 0.267530 3.155539 
1.999998 4.705000 0.567401 0.266962 3.155539 
1.999998 4.695000 0.567401 0.266395 3.155539 
1.999998 4.685000 0.567401 0.265828 3.155539 
1.999998 4.675000 0.567401 0.265260 3.155539 
1.999998 4.665000 0.567401 0.264693 3.155539 
1.999998 4.655000 0.567401 0.264125 3.155539 
1.999998 4.645000 0.567401 0.263558 3.155539 
1.999998 4.635000 0.567401 0.262991 3.155539 
1.999998 4.625000 0.567401 0.262423 3.155539 
1.999998 4.615000 0.567401 0.261856 3.155539 
1.999998 4.605000 0.567401 0.261288 3.155539 
1.999998 4.595000 0.567401 0.260721 3.155539 
1.999998 4.585000 0.567401 0.260154 3.155539 
1.999998 4.575000 0.567401 0.259586 3.155539 
1.999998 4.565000 0.567401 0.259019 3.155539 
1.999998 4.555000 0.567401 0.258451 3.155539 
1.999998 4.545000 0.567401 0.257884 3.155539 
1.999998 4.535000 0.567401 0.257317 3.155539 
1.999998 4.525000 0.567401 0.256749 3.155539 
1.999998 4.515000 0.567401 0.256182 3.155539 
1.999998 4.505000 0.567401 0.255614 3.155539 
1.999998 4.495000 0.567401 0.255047 3.155539 
1.999998 4.485000 0.567401 0.254480 3.155539 
1.999998 4.475000 0.567401 0.253912 3.155539 
1.999998 4.465000 0.567401 0.253345 3.155539 
1.999998 4.455000 0.567401 0.252777 3.155539 
1.999998 4.445000 0.567401 0.252210 3.155539 
1.999998 4.435000 0.567401 0.251643 3.155539 
1.999998 4.425000 0.567401 0.251075 3.155539 
1.999998 4.415000 0.567401 0.250508 3.155539 
1.999998 4.405000 0.567401 0.249940 3.155539 
1.999998 4.395000 0.567401 0.249373 3.155539 
1.999998 4.385000 0.567401 0.248805 3.155539 
1.999998 4.375000 0.567401 0.248238 3.155539 
1.999998 4.365000 0.567401 0.247671 3.155539 
1.999998 4.355000 0.567401 0.247103 3.155539 
1.999998 4.345000 0.567401 0.246536 3.155539 
1.999998 4.335000 0.567401 0.245968 3.155539 
1.999998 4.325000 0.567401 0.245401 3.155539 
1.999998 4.315000 0.567401 0.244834 3.155539 
1.999998 4.305000 0.567401 0.244266 3.155539 
1.999998 4.295000 0.567401 0.243699 3.155539 
1.999998 4.285000 0.567401 0.243131 3.155539 
1.999998 4.275000 0.567401 0.242564 3.155539 
1.999998 4.265000 0.567401 0.241997 3.155539 
1.999998 4.255000 0.567401 0.241429 3.155539 
1.999998 4.245000 0.567401 0.240862 3.155539 
1.999998 4.235000 0.567401 0.240294 3.155539 
1.999998 4.225000 0.567401 0.239727 3.155539 
1.999998 4.215000 0.567401 0.239160 3.155539 
1.999998 4.205000 0.567401 0.238592 3.155539 
1.999998 4.195000 0.567401 0.238025 3.155539 
1.999998 4.185000 0.567401 0.237457 3.155539 
1.999998 4.175000 0.567401 0.236890 3.155539 
1.999998 4.165000 0.567401 0.236323 3.155539 
1.999998 4.155000 0.567401 0.235755 3.155539 
1.999998 4.145000 0.567401 0.235188 3.155539 
1.999998 4.135000 0.567401 0.234620 3.155539 
1.999998 4.125000 0.567401 0.234053 3.155539 
1.999998 4.115000 0.567401 0.233486 3.155539 
1.999998 4.105000 0.567401 0.232918 3.155539 
1.999998 4.095000 0.567401 0.232351 3.155539 
1.999998 4.085000 0.567401 0.231783 3.155539 
1.999998 4.075000 0.567401 0.231216 3.155539 
1.999998 4.065000 0.567401 0.230649 3.155539 
1.999998 4.055000 0.567401 0.230081 3.155539 
1.999998 4.045000 0.567401 0.229514 3.155539 
1.999998 4.035000 0.567401 0.228946 3.155539 
1.999998 4.025000 0.567401 0.228379 3.155539 
1.999998 4.015000 0.567401 0.227812 3.155539 
1.999998 4.005000 0.567401 0.227244 3.155539 
1.999998 3.995000 0.567401 0.226677 3.155539 
1.999998 3.985000 0.567401 0.226109 3.155539 
1.999998 3.975000 0.567401 0.225542 3.155539 
1.999998 3.965000 0.567401 0.224975 3.155539 
1.999998 3.955000 0.567401 0.224407 3.155539 
1.999998 3.945000 0.567401 0.223840 3.155539 
1.999998 3.935000 0.567401 0.223272 3.155539 
1.999998 3.925000 0.567401 0.222705 3.155539 
1.999998 3.915000 0.567401 0.222138 3.155539 
1.999998 3.905000 0.567401 0.221570 3.155539 
1.999998 3.895000 0.567401 0.221003 3.155539 
1.999998 3.885000 0.567401 0.220435 3.155539 
1.999998 3.875000 0.567401 0.219868 3.155539 
1.999998 3.865000 0.567401 0.219301 3.155539 
1.999998 3.855000 0.567401 0.218733 3.155539 
1.999998 3.845000 0.567401 0.218166 3.155539 
1.999998 3.835000 0.567401 0.217598 3.155539 
1.999998 3.825000 0.567401 0.217031 3.155539 
1.999998 3.815000 0.567401 0.216464 3.155539 
1.999998 3.805000 0.567401 0.215896 3.155539 
1.999998 3.795000 0.567401 0.215329 3.155539 
1.999998 3.785000 0.567401 0.214761 3.155539 
1.999998 3.775000 0.567401 0.214194 3.155539 
1.999998 3.765000 0.567401 0.213627 3.155539 
1.999998 3.755000 0.567401 0.213059 3.155539 
1.999998 3.745000 0.567401 0.212492 3.155539 
1.999998 3.735000 0.567401 0.211924 3.155539 
1.999998 3.725000 0.567401 0.211357 3.155539 
1.999998 3.715000 0.567401 0.210790 3.155539 
1.999998 3.705000 0.567401 0.210222 3.155539 
1.999998 3.695000 0.567401 0.209655 3.155539 
1.999998 3.685000 0.567401 0.209087 3.155539 
1.999998 3.675000 0.567401 0.208520 3.155539 
1.999998 3.665000 0.567401 0.207953 3.155539 
1.999998 3.655000 0.567401 0.207385 3.155539 
1.999998 3.645000 0.567401 0.206818 3.155539 
1.999998 3.635000 0.567401 0.206250 3.155539 
1.999998 3.625000 0.567401 0.205683 3.155539 
1.999998 3.615000 0.567401 0.205116 3.155539 
1.999998 3.605000 0.567401 0.204548 3.155539 
1.999998 3.595000 0.567401 0.203981 3.155539 
1.999998 3.585000 0.567401 0.203413 3.155539 
1.999998 3.575000 0.567401 0.202846 3.155539 
1.999998 3.565000 0.567401 0.202279 3.155539 
1.999998 3.555000 0.567401 0.201711 3.155539 
1.999998 3.545000 0.567401 0.201144 3.155539 
1.999998 3.535000 0.567401 0.200576 3.155539 
1.999998 3.525000 0.567401 0.200009 3.155539 
1.999998 3.515000 0.567401 0.199442 3.155539 
1.999998 3.505000 0.567401 0.198874 3.155539 
1.999998 3.495000 0.567401 0.198307 3.155539 
1.999998 3.485000 0.567401 0.197739 3.155539 
1.999998 3.475000 0.567401 0.197172 3.155539 
1.999998 3.465000 0.567401 0.196605 3.155539 
1.999998 3.455000 0.567401 0.196037 3.155539 
1.999998 3.445000 0.567401 0.195470 3.155539 
1.999998 3.435000 0.567401 0.194902 3.155539 
1.999998 3.425000 0.567401 0.194335 3.155539 
1.999998 3.415000 0.567401 0.193768 3.155539 
1.999998 3.405000 0.567401 0.193200 3.155539 
1.999998 3.395000 0.567401 0.192633 3.155539 
1.999998 3.385000 0.567401 0.192065 3.155539 
1.999998 3.375000 0.567401 0.191498 3.155539 
1.999998 3.365000 0.567401 0.190931 3.155539 
1.999998 3.355000 0.567401 0.190363 3.155539 
1.999998 3.345000 0.567401 0.189796 3.155539 
1.999998 3.335000 0.567401 0.189228 3.155539 
1.999998 3.325000 0.567401 0.188661 3.155539 
1.999998 3.315000 0.567401 0.188094 3.155539 
1.999998 3.305000 0.567401 0.187526 3.155539 
1.999998 3.295000 0.567401 0.186959 3.155539 
1.999998 3.285000 0.567401 0.186391 3.155539 
1.999998 3.275000 0.567401 0.185824 3.155539 
1.999998 3.265000 0.567401 0.185257 3.155539 
1.999998 3.255000 0.567401 0.184689 3.155539 
1.999998 3.245000 0.567401 0.184122 3.155539 
1.999998 3.235000 0.567401 0.183554 3.155539 
1.999998 3.225000 0.567401 0.182987 3.155539 
1.999998 3.215000 0.567401 0.182420 3.155539 
1.999998 3.205000 0.567401 0.181852 3.155539 
1.999998 3.195000 0.567401 0.181285 3.155539 
1.999998 3.185000 0.567401 0.180717 3.155539 
1.999998 3.175000 0.567401 0.180150 3.155539 
1.999998 3.165000 0.567401 0.179583 3.155539 
1.999986 3.155000 0.567401 0.179015 2.531994 
1.999986 3.145000 0.567401 0.178448 2.531994 
1.999986 3.135000 0.567401 0.177880 2.531994 
1.999986 3.125000 0.567401 0.177313 2.531994 
1.999986 3.115000 0.567401 0.176746 2.531994 
1.999986 3.105000 0.567401 0.176178 2.531994 
1.999986 3.095000 0.567401 0.175611 2.531994 
1.999986 3.085000 0.567401 0.175043 2.531994 
1.999986 3.075000 0.567401 0.174476 2.531994 
1.999986 3.065000 0.567401 0.173909 2.531994 
1.999986 3.055000 0.567401 0.173341 2.531994 
1.999986 3.045000 0.567401 0.172774 2.531994 
1.999986 3.035000 0.567401 0.172206 2.531994 
1.999986 3.025000 0.567401 0.171639 2.531994 
1.999986 3.015000 0.567401 0.171072 2.531994 
1.999986 3.005000 0.567401 0.170504 2.531994 
1.999986 2.995000 0.567401 0.169937 2.531994 
1.999986 2.985000 0.567401 0.169369 2.531994 
1.999986 2.975000 0.567401 0.168802 2.531994 
1.999986 2.965000 0.567401 0.168235 2.531994 
1.999986 2.955000 0.567401 0.167667 2.531994 
1.999986 2.945000 0.567401 0.167100 2.531994 
1.999986 2.935000 0.567401 0.166532 2.531994 
1.999986 2.925000 0.567401 0.165965 2.531994 
1.999986 2.915000 0.567401 0.165397 2.531994 
1.999986 2.905000 0.567401 0.164830 2.531994 
1.999986 2.895000 0.567401 0.164263 2.531994 
1.999986 2.885000 0.567401 0.163695 2.531994 
1.999986 2.875000 0.567401 0.163128 2.531994 
1.999986 2.865000 0.567401 0.162560 2.531994 
1.999986 2.855000 0.567401 0.161993 2.531994 
1.999986 2.845000 0.567401 0.161426 2.531994 
1.999986 2.835000 0.567401 0.160858 2.531994 
1.999986 2.825000 0.567401 0.160291 2.531994 
1.999986 2.815000 0.567401 0.159723 2.531994 
1.999986 2.805000 0.567401 0.159156 2.531994 
1.999986 2.795000 0.567401 0.158589 2.531994 
1.999986 2.785000 0.567401 0.158021 2.531994 
1.999986 2.775000 0.567401 0.157454 2.531994 
1.999986 2.765000 0.567401 0.156886 2.531994 
1.999986 2.755000 0.567401 0.156319 2.531994 
1.999986 2.745000 0.567401 0.155752 2.531994 
1.999986 2.735000 0.567401 0.155184 2.531994 
1.999986 2.725000 0.567401 0.154617 2.531994 
1.999986 2.715000 0.567401 0.154049 2.531994 
1.999986 2.705000 0.567401 0.153482 2.531994 
1.999986 2.695000 0.567401 0.152915 2.531994 
1.999986 2.685000 0.567401 0.152347 2.531994 
1.999986 2.675000 0.567401 0.151780 2.531994 
1.999986 2.665000 0.567401 0.151212 2.531994 
1.999986 2.655000 0.567401 0.150645 2.531994 
1.999986 2.645000 0.567401 0.150078 2.531994 
1.999986 2.635000 0.567401 0.149510 2.531994 
1.999986 2.625000 0.567401 0.148943 2.531994 
1.999986 2.615000 0.567401 0.148375 2.531994 
1.999986 2.605000 0.567401 0.147808 2.531994 
1.999986 2.595000 0.567401 0.147241 2.531994 
1.999986 2.585000 0.567401 0.146673 2.531994 
1.999986 2.575000 0.567401 0.146106 2.531994 
1.999986 2.565000 0.567401 0.145538 2.531994 
1.999986 2.555000 0.567401 0.144971 2.531994 
1.999986 2.545000 0.567401 0.144404 2.531994 
1.999986 2.535000 0.567401 0.143836 2.531994 
1.999963 2.525000 0.567401 0.143269 2.215516 
1.999963 2.515000 0.567401 0.142701 2.215516 
1.999963 2.505000 0.567401 0.142134 2.215516 
1.999963 2.495000 0.567401 0.141567 2.215516 
1.999963 2.485000 0.567401 0.140999 2.215516 
1.999963 2.475000 0.567401 0.140432 2.215516 
1.999963 2.465000 0.567401 0.139864 2.215516 
1.999963 2.455000 0.567401 0.139297 2.215516 
1.999963 2.445000 0.567401 0.138730 2.215516 
1.999963 2.435000 0.567401 0.138162 2.215516 
1.999963 2.425000 0.567401 0.137595 2.215516 
1.999963 2.415000 0.567401 0.137027 2.215516 
1.999963 2.405000 0.567401 0.136460 2.215516 
1.999963 2.395000 0.567401 0.135893 2.215516 
1.999963 2.385000 0.567401 0.135325 2.215516 
1.999963 2.375000 0.567401 0.134758 2.215516 
1.999963 2.365000 0.567401 0.134190 2.215516 
1.999963 2.355000 0.567401 0.133623 2.215516 
1.999963 2.345000 0.567401 0.133056 2.215516 
1.999963 2.335000 0.567401 0.132488 2.215516 
1.999963 2.325000 0.567401 0.131921 2.215516 
1.999963 2.315000 0.567401 0.131353 2.215516 
1.999963 2.305000 0.567401 0.130786 2.215516 
1.999963 2.295000 0.567401 0.130219 2.215516 
1.999963 2.285000 0.567401 0.129651 2.215516 
1.999963 2.275000 0.567401 0.129084 2.215516 
1.999963 2.265000 0.567401 0.128516 2.215516 
1.999963 2.255000 0.567401 0.127949 2.215516 
1.999963 2.245000 0.567401 0.127382 2.215516 
1.999963 2.235000 0.567401 0.126814 2.215516 
1.999963 2.225000 0.567401 0.126247 2.215516 
1.999929 2.215000 0.567401 0.125679 2.001779 
1.999929 2.205000 0.567401 0.125112 2.001779 
1.999929 2.195000 0.567401 0.124545 2.001779 
1.999929 2.185000 0.567401 0.123977 2.001779 
1.999929 2.175000 0.567401 0.123410 2.001779 
1.999929 2.165000 0.567401 0.122842 2.001779 
1.999929 2.155000 0.567401 0.122275 2.001779 
1.999929 2.145000 0.567401 0.121708 2.001779 
1.999929 2.135000 0.567401 0.121140 2.001779 
1.999929 2.125000 0.567401 0.120573 2.001779 
1.999929 2.115000 0.567401 0.120005 2.001779 
1.999929 2.105000 0.567401 0.119438 2.001779 
1.999929 2.095000 0.567401 0.118871 2.001779 
1.999929 2.085000 0.567401 0.118303 2.001779 
1.999929 2.075000 0.567401 0.117736 2.001779 
1.999929 2.065000 0.567401 0.117168 2.001779 
1.999929 2.055000 0.567401 0.116601 2.001779 
1.999929 2.045000 0.567401 0.116034 2.001779 
1.999929 2.035000 0.567401 0.115466 2.001779 
1.999929 2.025000 0.567401 0.114899 2.001779 
1.999929 2.015000 0.567401 0.114331 2.001779 
1.999929 2.005000 0.567401 0.113764 2.001779 
1.999884 1.995000 0.567401 0.113197 1.840175 
1.999884 1.985000 0.567401 0.112629 1.840175 
1.999884 1.975000 0.567401 0.112062 1.840175 
1.999884 1.965000 0.567401 0.111494 1.840175 
1.999884 1.955000 0.567401 0.110927 1.840175 
1.999884 1.945000 0.567401 0.110360 1.840175 
1.999884 1.935000 0.567401 0.109792 1.840175 
1.999884 1.925000 0.567401 0.109225 1.840175 
1.999884 1.915000 0.567401 0.108657 1.840175 
1.999884 1.905000 0.567401 0.108090 1.840175 
1.999884 1.895000 0.567401 0.107523 1.840175 
1.999884 1.885000 0.567401 0.106955 1.840175 
1.999884 1.875000 0.567401 0.106388 1.840175 
1.999884 1.865000 0.567401 0.105820 1.840175 
1.999884 1.855000 0.567401 0.105253 1.840175 
1.999884 1.845000 0.567401 0.104686 1.840175 
1.999828 1.835000 0.567401 0.104118 1.710189 
1.999828 1.825000 0.567401 0.103551 1.710189 
1.999828 1.815000 0.567401 0.102983 1.710189 
1.999828 1.805000 0.567401 0.102416 1.710189 
1.999828 1.795000 0.567401 0.101849 1.710189 
1.999828 1.785000 0.567401 0.101281 1.710189 
1.999828 1.775000 0.567401 0.100714 1.710189 
1.999828 1.765000 0.567401 0.100146 1.710189 
1.999828 1.755000 0.567401 0.099579 1.710189 
1.999828 1.745000 0.567401 0.099012 1.710189 
1.999828 1.735000 0.567401 0.098444 1.710189 
1.999828 1.725000 0.567401 0.097877 1.710189 
1.999828 1.715000 0.567401 0.097309 1.710189 
1.999762 1.705000 0.567401 0.096742 1.601448 
1.999762 1.695000 0.567401 0.096175 1.601448 
1.999762 1.685000 0.567401 0.095607 1.601448 
1.999762 1.675000 0.567401 0.095040 1.601448 
1.999762 1.665000 0.567401 0.094472 1.601448 
1.999762 1.655000 0.567401 0.093905 1.601448 
1.999762 1.645000 0.567401 0.093338 1.601448 
1.999762 1.635000 0.567401 0.092770 1.601448 
1.999762 1.625000 0.567401 0.092203 1.601448 
1.999762 1.615000 0.567401 0.091635 1.601448 
1.999762 1.605000 0.567401 0.091068 1.601448 
1.999684 1.595000 0.567401 0.090501 1.507968 
1.999684 1.585000 0.567401 0.089933 1.507968 
1.999684 1.575000 0.567401 0.089366 1.507968 
1.999684 1.565000 0.567401 0.088798 1.507968 
1.999684 1.555000 0.567401 0.088231 1.507968 
1.999684 1.545000 0.567401 0.087664 1.507968 
1.999684 1.535000 0.567401 0.087096 1.507968 
1.999684 1.525000 0.567401 0.086529 1.507968 
1.999684 1.515000 0.567401 0.085961 1.507968 
1.999596 1.505000 0.567401 0.085394 1.425986 
1.999596 1.495000 0.567401 0.084827 1.425986 
1.999596 1.485000 0.567401 0.084259 1.425986 
1.999596 1.475000 0.567401 0.083692 1.425986 
1.999596 1.465000 0.567401 0.083124 1.425986 
1.999596 1.455000 0.567401 0.082557 1.425986 
1.999596 1.445000 0.567401 0.081989 1.425986 
1.999596 1.435000 0.567401 0.081422 1.425986 
1.999497 1.425000 0.567401 0.080855 1.352977 
1.999497 1.415000 0.567401 0.080287 1.352977 
1.999497 1.405000 0.567401 0.079720 1.352977 
1.999497 1.395000 0.567401 0.079152 1.352977 
1.999497 1.385000 0.567401 0.078585 1.352977 
1.999497 1.375000 0.567401 0.078018 1.352977 
1.999497 1.365000 0.567401 0.077450 1.352977 
1.999497 1.355000 0.567401 0.076883 1.352977 
1.999388 1.345000 0.567401 0.076315 1.287167 
1.999388 1.335000 0.567401 0.075748 1.287167 
1.999388 1.325000 0.567401 0.075181 1.287167 
1.999388 1.315000 0.567401 0.074613 1.287167 
1.999388 1.305000 0.567401 0.074046 1.287167 
1.999388 1.295000 0.567401 0.073478 1.287167 
1.999267 1.285000 0.567401 0.072911 1.227261 
1.999267 1.275000 0.567401 0.072344 1.227261 
1.999267 1.265000 0.567401 0.071776 1.227261 
1.999267 1.255000 0.567401 0.071209 1.227261 
1.999267 1.245000 0.567401 0.070641 1.227261 
1.999267 1.235000 0.567401 0.070074 1.227261 
1.999136 1.225000 0.567401 0.069507 1.172283 
1.999136 1.215000 0.567401 0.068939 1.172283 
1.999136 1.205000 0.567401 0.068372 1.172283 
1.999136 1.195000 0.567401 0.067804 1.172283 
1.999136 1.185000 0.567401 0.067237 1.172283 
1.999136 1.175000 0.567401 0.066670 1.172283 
1.998993 1.165000 0.567401 0.066102 1.121482 
1.998993 1.155000 0.567401 0.065535 1.121482 
1.998993 1.145000 0.567401 0.064967 1.121482 
1.998993 1.135000 0.567401 0.064400 1.121482 
1.998993 1.125000 0.567401 0.063833 1.121482 
1.998840 1.115000 0.567401 0.063265 1.074267 
1.998840 1.105000 0.567401 0.062698 1.074267 
1.998840 1.095000 0.567401 0.062130 1.074267 
1.998840 1.085000 0.567401 0.061563 1.074267 
1.998840 1.075000 0.567401 0.060996 1.074267 
1.998677 1.065000 0.567401 0.060428 1.030161 
1.998677 1.055000 0.567401 0.059861 1.030161 
1.998677 1.045000 0.567401 0.059293 1.030161 
1.998677 1.035000 0.567401 0.058726 1.030161 
1.998502 1.025000 0.567401 0.058159 0.988780 
1.998502 1.015000 0.567401 0.057591 0.988780 
1.998502 1.005000 0.567401 0.057024 0.988780 
1.998502 0.995000 0.567401 0.056456 0.988780 
1.998316 0.985000 0.567401 0.055889 0.949804 
1.998316 0.975000 0.567401 0.055322 0.949804 
1.998316 0.965000 0.567401 0.054754 0.949804 
1.998316 0.955000 0.567401 0.054187 0.949804 
1.998120 0.945000 0.567401 0.053619 0.912968 
1.998120 0.935000 0.567401 0.053052 0.912968 
1.998120 0.925000 0.567401 0.052485 0.912968 
1.998120 0.915000 0.567401 0.051917 0.912968 
1.997913 0.905000 0.567401 0.051350 0.878047 
1.997913 0.895000 0.567401 0.050782 0.878047 
1.997913 0.885000 0.567401 0.050215 0.878047 
1.997695 0.875000 0.567401 0.049648 0.844851 
1.997695 0.865000 0.567401 0.049080 0.844851 
1.997695 0.855000 0.567401 0.048513 0.844851 
1.997695 0.845000 0.567401 0.047945 0.844851 
1.997466 0.835000 0.567401 0.047378 0.813215 
1.997466 0.825000 0.567401 0.046811 0.813215 
1.997466 0.815000 0.567401 0.046243 0.813215 
1.997226 0.805000 0.567401 0.045676 0.783000 
1.997226 0.795000 0.567401 0.045108 0.783000 
1.997226 0.785000 0.567401 0.044541 0.783000 
1.996976 0.775000 0.567401 0.043974 0.754080 
1.996976 0.765000 0.567401 0.043406 0.754080 
1.996976 0.755000 0.567401 0.042839 0.754080 
1.996714 0.745000 0.567401 0.042271 0.726349 
1.996714 0.735000 0.567401 0.041704 0.726349 
1.996442 0.725000 0.567401 0.041137 0.699712 
1.996442 0.715000 0.567401 0.040569 0.699712 
1.996442 0.705000 0.567401 0.040002 0.699712 
1.996159 0.695000 0.567401 0.039434 0.674084 
1.996159 0.685000 0.567401 0.038867 0.674084 
1.996159 0.675000 0.567401 0.038300 0.674084 
1.995865 0.665000 0.567401 0.037732 0.649391 
1.995865 0.655000 0.567401 0.037165 0.649391 
1.995561 0.645000 0.567401 0.036597 0.625566 
1.995561 0.635000 0.567401 0.036030 0.625566 
1.995245 0.625000 0.567401 0.035463 0.602549 
1.995245 0.615000 0.567401 0.034895 0.602549 
1.995245 0.605000 0.567401 0.034328 0.602549 
1.994919 0.595000 0.567401 0.033760 0.580286 
1.994919 0.585000 0.567401 0.033193 0.580286 
1.994581 0.575000 0.567401 0.032626 0.558728 
1.994581 0.565000 0.567401 0.032058 0.558728 
1.994233 0.555000 0.567401 0.031491 0.537831 
1.994233 0.545000 0.567401 0.030923 0.537831 
1.993874 0.535000 0.567401 0.030356 0.517556 
1.993874 0.525000 0.567401 0.029789 0.517556 
1.993504 0.515000 0.567401 0.029221 0.497864 
1.993504 0.505000 0.567401 0.028654 0.497864 
1.993124 0.495000 0.567401 0.028086 0.478723 
1.993124 0.485000 0.567401 0.027519 0.478723 
1.992732 0.475000 0.567401 0.026952 0.460103 
1.992732 0.465000 0.567401 0.026384 0.460103 
1.992330 0.455000 0.567401 0.025817 0.441974 
1.992330 0.445000 0.567401 0.025249 0.441974 
1.991916 0.435000 0.567401 0.024682 0.424310 
1.991916 0.425000 0.567401 0.024115 0.424310 
1.991492 0.415000 0.567401 0.023547 0.407089 
1.991057 0.405000 0.567401 0.022980 0.390286 
1.991057 0.395000 0.567401 0.022412 0.390286 
1.990611 0.385000 0.567401 0.021845 0.373883 
1.990611 0.375000 0.567401 0.021278 0.373883 
1.990154 0.365000 0.567401 0.020710 0.357858 
1.989686 0.355000 0.567401 0.020143 0.342196 
1.989686 0.345000 0.567401 0.019575 0.342196 
1.989208 0.335000 0.567401 0.019008 0.326879 
1.988718 0.325000 0.567401 0.018441 0.311891 
1.988718 0.315000 0.567401 0.017873 0.311891 
1.988218 0.305000 0.567401 0.017306 0.297218 
1.987707 0.295000 0.567401 0.016738 0.282847 
1.987707 0.285000 0.567401 0.016171 0.282847 
1.987184 0.275000 0.567401 0.015604 0.268765 
1.986651 0.265000 0.567401 0.015036 0.254960 
1.986651 0.255000 0.567401 0.014469 0.254960 
1.986107 0.245000 0.567401 0.013901 0.241420 
1.985552 0.235000 0.567401 0.013334 0.228135 
1.984986 0.225000 0.567401 0.012767 0.215095 
1.984410 0.215000 0.567401 0.012199 0.202290 
1.984410 0.205000 0.567401 0.011632 0.202290 
1.983822 0.195000 0.567401 0.011064 0.189713 
1.983223 0.185000 0.567401 0.010497 0.177353 
1.982614 0.175000 0.567401 0.009930 0.165204 
1.981993 0.165000 0.567401 0.009362 0.153258 
1.981993 0.155000 0.567401 0.008795 0.153258 
1.981361 0.145000 0.567401 0.008227 0.141507 
1.980719 0.135000 0.567401 0.007660 0.129945 
1.980066 0.125000 0.567401 0.007093 0.118566 
1.979401 0.115000 0.567401 0.006525 0.107363 
1.978726 0.105000 0.567401 0.005958 0.096330 
1.978040 0.095000 0.567401 0.005390 0.085462 
1.977342 0.085000 0.567401 0.004823 0.074754 
1.977342 0.075000 0.567401 0.004256 0.074754 
1.976634 0.065000 0.567401 0.003688 0.064200 
1.975915 0.055000 0.567401 0.003121 0.053795 
1.975185 0.045000 0.567401 0.002553 0.043536 
1.974443 0.035000 0.567401 0.001986 0.033418 
1.973691 0.025000 0.567401 0.001419 0.023435 
1.972928 0.015000 0.567401 0.000851 0.013585 
