1.999998 9.985000 244.485836 244.119107 5.814804 
1.999998 9.975000 244.485836 243.874621 5.814804 
1.999998 9.965000 244.485836 243.630135 5.814804 
1.999998 9.955000 244.485836 243.385649 5.814804 
1.999998 9.945000 244.485836 243.141164 5.814804 
1.999998 9.935000 244.485836 242.896678 5.814804 
1.999998 9.925000 244.485836 242.652192 5.814804 
1.999998 9.915000 244.485836 242.407706 5.814804 
1.999998 9.905000 244.485836 242.163220 5.814804 
1.999998 9.895000 244.485836 241.918734 5.814804 
1.999998 9.885000 244.485836 241.674249 5.814804 
1.999998 9.875000 244.485836 241.429763 5.814804 
1.999998 9.865000 244.485836 241.185277 5.814804 
1.999998 9.855000 244.485836 240.940791 5.814804 
1.999998 9.845000 244.485836 240.696305 5.814804 
1.999998 9.835000 244.485836 240.451819 5.814804 
1.999998 9.825000 244.485836 240.207334 5.814804 
1.999998 9.815000 244.485836 239.962848 5.814804 
1.999998 9.805000 244.485836 239.718362 5.814804 
1.999998 9.795000 244.485836 239.473876 5.814804 
1.999998 9.785000 244.485836 239.229390 5.814804 
1.999998 9.775000 244.485836 238.984904 5.814804 
1.999998 9.765000 244.485836 238.740419 5.814804 
1.999998 9.755000 244.485836 238.495933 5.814804 
1.999998 9.745000 244.485836 238.251447 5.814804 
1.999998 9.735000 244.485836 238.006961 5.814804 
1.999998 9.725000 244.485836 237.762475 5.814804 
1.999998 9.715000 244.485836 237.517989 5.814804 
1.999998 9.705000 244.485836 237.273504 5.814804 
1.999998 9.695000 244.485836 237.029018 5.814804 
1.999998 9.685000 244.485836 236.784532 5.814804 
1.999998 9.675000 244.485836 236.540046 5.814804 
1.999998 9.665000 244.485836 236.295560 5.814804 
1.999998 9.655000 244.485836 236.051074 5.814804 
1.999998 9.645000 244.485836 235.806589 5.814804 
1.999998 9.635000 244.485836 235.562103 5.814804 
1.999998 9.625000 244.485836 235.317617 5.814804 
1.999998 9.615000 244.485836 235.073131 5.814804 
1.999998 9.605000 244.485836 234.828645 5.814804 
1.999998 9.595000 244.485836 234.584159 5.814804 
1.999998 9.585000 244.485836 234.339674 5.814804 
1.999998 9.575000 244.485836 234.095188 5.814804 
1.999998 9.565000 244.485836 233.850702 5.814804 
1.999998 9.555000 244.485836 233.606216 5.814804 
1.999998 9.545000 244.485836 233.361730 5.814804 
1.999998 9.535000 244.485836 233.117244 5.814804 
1.999998 9.525000 244.485836 232.872759 5.814804 
1.999998 9.515000 244.485836 232.628273 5.814804 
1.999998 9.505000 244.485836 232.383787 5.814804 
1.999998 9.495000 244.485836 232.139301 5.814804 
1.999998 9.485000 244.485836 231.894815 5.814804 
1.999998 9.475000 244.485836 231.650329 5.814804 
1.999998 9.465000 244.485836 231.405843 5.814804 
1.999998 9.455000 244.485836 231.161358 5.814804 
1.999998 9.445000 244.485836 230.916872 5.814804 
1.999998 9.435000 244.485836 230.672386 5.814804 
1.999998 9.425000 244.485836 230.427900 5.814804 
1.999998 9.415000 244.485836 230.183414 5.814804 
1.999998 9.405000 244.485836 229.938928 5.814804 
1.999998 9.395000 244.485836 229.694443 5.814804 
1.999998 9.385000 244.485836 229.449957 5.814804 
1.999998 9.375000 244.485836 229.205471 5.814804 
1.999998 9.365000 244.485836 228.960985 5.814804 
1.999998 9.355000 244.485836 228.716499 5.814804 
1.999998 9.345000 244.485836 228.472013 5.814804 
1.999998 9.335000 244.485836 228.227528 5.814804 
1.999998 9.325000 244.485836 227.983042 5.814804 
1.999998 9.315000 244.485836 227.738556 5.814804 
1.999998 9.305000 244.485836 227.494070 5.814804 
1.999998 9.295000 244.485836 227.249584 5.814804 
1.999998 9.285000 244.485836 227.005098 5.814804 
1.999998 9.275000 244.485836 226.760613 5.814804 
1.999998 9.265000 244.485836 226.516127 5.814804 
1.999998 9.255000 244.485836 226.271641 5.814804 
1.999998 9.245000 244.485836 226.027155 5.814804 
1.999998 9.235000 244.485836 225.782669 5.814804 
1.999998 9.225000 244.485836 225.538183 5.814804 
1.999998 9.215000 244.485836 225.293698 5.814804 
1.999998 9.205000 244.485836 225.049212 5.814804 
1.999998 9.195000 244.485836 224.804726 5.814804 
1.999998 9.185000 244.485836 224.560240 5.814804 
1.999998 9.175000 244.485836 224.315754 5.814804 
1.999998 9.165000 244.485836 224.071268 5.814804 
1.999998 9.155000 244.485836 223.826783 5.814804 
1.999998 9.145000 244.485836 223.582297 5.814804 
1.999998 9.135000 244.485836 223.337811 5.814804 
1.999998 9.125000 244.485836 223.093325 5.814804 
1.999998 9.115000 244.485836 222.848839 5.814804 
1.999998 9.105000 244.485836 222.604353 5.814804 
1.999998 9.095000 244.485836 222.359868 5.814804 
1.999998 9.085000 244.485836 222.115382 5.814804 
1.999998 9.075000 244.485836 221.870896 5.814804 
1.999998 9.065000 244.485836 221.626410 5.814804 
1.999998 9.055000 244.485836 221.381924 5.814804 
1.999998 9.045000 244.485836 221.137438 5.814804 
1.999998 9.035000 244.485836 220.892953 5.814804 
1.999998 9.025000 244.485836 220.648467 5.814804 
1.999998 9.015000 244.485836 220.403981 5.814804 
1.999998 9.005000 244.485836 220.159495 5.814804 
1.999998 8.995000 244.485836 219.915009 5.814804 
1.999998 8.985000 244.485836 219.670523 5.814804 
1.999998 8.975000 244.485836 219.426038 5.814804 
1.999998 8.965000 244.485836 219.181552 5.814804 
1.999998 8.955000 244.485836 218.937066 5.814804 
1.999998 8.945000 244.485836 218.692580 5.814804 
1.999998 8.935000 244.485836 218.448094 5.814804 
1.999998 8.925000 244.485836 218.203608 5.814804 
1.999998 8.915000 244.485836 217.959123 5.814804 
1.999998 8.905000 244.485836 217.714637 5.814804 
1.999998 8.895000 244.485836 217.470151 5.814804 
1.999998 8.885000 244.485836 217.225665 5.814804 
1.999998 8.875000 244.485836 216.981179 5.814804 
1.999998 8.865000 244.485836 216.736693 5.814804 
1.999998 8.855000 244.485836 216.492208 5.814804 
1.999998 8.845000 244.485836 216.247722 5.814804 
1.999998 8.835000 244.485836 216.003236 5.814804 
1.999998 8.825000 244.485836 215.758750 5.814804 
1.999998 8.815000 244.485836 215.514264 5.814804 
1.999998 8.805000 244.485836 215.269778 5.814804 
1.999998 8.795000 244.485836 215.025293 5.814804 
1.999998 8.785000 244.485836 214.780807 5.814804 
1.999998 8.775000 244.485836 214.536321 5.814804 
1.999998 8.765000 244.485836 214.291835 5.814804 
1.999998 8.755000 244.485836 214.047349 5.814804 
1.999998 8.745000 244.485836 213.802863 5.814804 
1.999998 8.735000 244.485836 213.558377 5.814804 
1.999998 8.725000 244.485836 213.313892 5.814804 
1.999998 8.715000 244.485836 213.069406 5.814804 
1.999998 8.705000 244.485836 212.824920 5.814804 
1.999998 8.695000 244.485836 212.580434 5.814804 
1.999998 8.685000 244.485836 212.335948 5.814804 
1.999998 8.675000 244.485836 212.091462 5.814804 
1.999998 8.665000 244.485836 211.846977 5.814804 
1.999998 8.655000 244.485836 211.602491 5.814804 
1.999998 8.645000 244.485836 211.358005 5.814804 
1.999998 8.635000 244.485836 211.113519 5.814804 
1.999998 8.625000 244.485836 210.869033 5.814804 
1.999998 8.615000 244.485836 210.624547 5.814804 
1.999998 8.605000 244.485836 210.380062 5.814804 
1.999998 8.595000 244.485836 210.135576 5.814804 
1.999998 8.585000 244.485836 209.891090 5.814804 
1.999998 8.575000 244.485836 209.646604 5.814804 
1.999998 8.565000 244.485836 209.402118 5.814804 
1.999998 8.555000 244.485836 209.157632 5.814804 
1.999998 8.545000 244.485836 208.913147 5.814804 
1.999998 8.535000 244.485836 208.668661 5.814804 
1.999998 8.525000 244.485836 208.424175 5.814804 
1.999998 8.515000 244.485836 208.179689 5.814804 
1.999998 8.505000 244.485836 207.935203 5.814804 
1.999998 8.495000 244.485836 207.690717 5.814804 
1.999998 8.485000 244.485836 207.446232 5.814804 
1.999998 8.475000 244.485836 207.201746 5.814804 
1.999998 8.465000 244.485836 206.957260 5.814804 
1.999998 8.455000 244.485836 206.712774 5.814804 
1.999998 8.445000 244.485836 206.468288 5.814804 
1.999998 8.435000 244.485836 206.223802 5.814804 
1.999998 8.425000 244.485836 205.979317 5.814804 
1.999998 8.415000 244.485836 205.734831 5.814804 
1.999998 8.405000 244.485836 205.490345 5.814804 
1.999998 8.395000 244.485836 205.245859 5.814804 
1.999998 8.385000 244.485836 205.001373 5.814804 
1.999998 8.375000 244.485836 204.756887 5.814804 
1.999998 8.365000 244.485836 204.512402 5.814804 
1.999998 8.355000 244.485836 204.267916 5.814804 
1.999998 8.345000 244.485836 204.023430 5.814804 
1.999998 8.335000 244.485836 203.778944 5.814804 
1.999998 8.325000 244.485836 203.534458 5.814804 
1.999998 8.315000 244.485836 203.289972 5.814804 
1.999998 8.305000 244.485836 203.045487 5.814804 
1.999998 8.295000 244.485836 202.801001 5.814804 
1.999998 8.285000 244.485836 202.556515 5.814804 
1.999998 8.275000 244.485836 202.312029 5.814804 
1.999998 8.265000 244.485836 202.067543 5.814804 
1.999998 8.255000 244.485836 201.823057 5.814804 
1.999998 8.245000 244.485836 201.578572 5.814804 
1.999998 8.235000 244.485836 201.334086 5.814804 
1.999998 8.225000 244.485836 201.089600 5.814804 
1.999998 8.215000 244.485836 200.845114 5.814804 
1.999998 8.205000 244.485836 200.600628 5.814804 
1.999998 8.195000 244.485836 200.356142 5.814804 
1.999998 8.185000 244.485836 200.111657 5.814804 
1.999998 8.175000 244.485836 199.867171 5.814804 
1.999998 8.165000 244.485836 199.622685 5.814804 
1.999998 8.155000 244.485836 199.378199 5.814804 
1.999998 8.145000 244.485836 199.133713 5.814804 
1.999998 8.135000 244.485836 198.889227 5.814804 
1.999998 8.125000 244.485836 198.644742 5.814804 
1.999998 8.115000 244.485836 198.400256 5.814804 
1.999998 8.105000 244.485836 198.155770 5.814804 
1.999998 8.095000 244.485836 197.911284 5.814804 
1.999998 8.085000 244.485836 197.666798 5.814804 
1.999998 8.075000 244.485836 197.422312 5.814804 
1.999998 8.065000 244.485836 197.177826 5.814804 
1.999998 8.055000 244.485836 196.933341 5.814804 
1.999998 8.045000 244.485836 196.688855 5.814804 
1.999998 8.035000 244.485836 196.444369 5.814804 
1.999998 8.025000 244.485836 196.199883 5.814804 
1.999998 8.015000 244.485836 195.955397 5.814804 
1.999998 8.005000 244.485836 195.710911 5.814804 
1.999998 7.995000 244.485836 195.466426 5.814804 
1.999998 7.985000 244.485836 195.221940 5.814804 
1.999998 7.975000 244.485836 194.977454 5.814804 
1.999998 7.965000 244.485836 194.732968 5.814804 
1.999998 7.955000 244.485836 194.488482 5.814804 
1.999998 7.945000 244.485836 194.243996 5.814804 
1.999998 7.935000 244.485836 193.999511 5.814804 
1.999998 7.925000 244.485836 193.755025 5.814804 
1.999998 7.915000 244.485836 193.510539 5.814804 
1.999998 7.905000 244.485836 193.266053 5.814804 
1.999998 7.895000 244.485836 193.021567 5.814804 
1.999998 7.885000 244.485836 192.777081 5.814804 
1.999998 7.875000 244.485836 192.532596 5.814804 
1.999998 7.865000 244.485836 192.288110 5.814804 
1.999998 7.855000 244.485836 192.043624 5.814804 
1.999998 7.845000 244.485836 191.799138 5.814804 
1.999998 7.835000 244.485836 191.554652 5.814804 
1.999998 7.825000 244.485836 191.310166 5.814804 
1.999998 7.815000 244.485836 191.065681 5.814804 
1.999998 7.805000 244.485836 190.821195 5.814804 
1.999998 7.795000 244.485836 190.576709 5.814804 
1.999998 7.785000 244.485836 190.332223 5.814804 
1.999998 7.775000 244.485836 190.087737 5.814804 
1.999998 7.765000 244.485836 189.843251 5.814804 
1.999998 7.755000 244.485836 189.598766 5.814804 
1.999998 7.745000 244.485836 189.354280 5.814804 
1.999998 7.735000 244.485836 189.109794 5.814804 
1.999998 7.725000 244.485836 188.865308 5.814804 
1.999998 7.715000 244.485836 188.620822 5.814804 
1.999998 7.705000 244.485836 188.376336 5.814804 
1.999998 7.695000 244.485836 188.131851 5.814804 
1.999998 7.685000 244.485836 187.887365 5.814804 
1.999998 7.675000 244.485836 187.642879 5.814804 
1.999998 7.665000 244.485836 187.398393 5.814804 
1.999998 7.655000 244.485836 187.153907 5.814804 
1.999998 7.645000 244.485836 186.909421 5.814804 
1.999998 7.635000 244.485836 186.664936 5.814804 
1.999998 7.625000 244.485836 186.420450 5.814804 
1.999998 7.615000 244.485836 186.175964 5.814804 
1.999998 7.605000 244.485836 185.931478 5.814804 
1.999998 7.595000 244.485836 185.686992 5.814804 
1.999998 7.585000 244.485836 185.442506 5.814804 
1.999998 7.575000 244.485836 185.198021 5.814804 
1.999998 7.565000 244.485836 184.953535 5.814804 
1.999998 7.555000 244.485836 184.709049 5.814804 
1.999998 7.545000 244.485836 184.464563 5.814804 
1.999998 7.535000 244.485836 184.220077 5.814804 
1.999998 7.525000 244.485836 183.975591 5.814804 
1.999998 7.515000 244.485836 183.731106 5.814804 
1.999998 7.505000 244.485836 183.486620 5.814804 
1.999998 7.495000 244.485836 183.242134 5.814804 
1.999998 7.485000 244.485836 182.997648 5.814804 
1.999998 7.475000 244.485836 182.753162 5.814804 
1.999998 7.465000 244.485836 182.508676 5.814804 
1.999998 7.455000 244.485836 182.264191 5.814804 
1.999998 7.445000 244.485836 182.019705 5.814804 
1.999998 7.435000 244.485836 181.775219 5.814804 
1.999998 7.425000 244.485836 181.530733 5.814804 
1.999998 7.415000 244.485836 181.286247 5.814804 
1.999998 7.405000 244.485836 181.041761 5.814804 
1.999998 7.395000 244.485836 180.797276 5.814804 
1.999998 7.385000 244.485836 180.552790 5.814804 
1.999998 7.375000 244.485836 180.308304 5.814804 
1.999998 7.365000 244.485836 180.063818 5.814804 
1.999998 7.355000 244.485836 179.819332 5.814804 
1.999998 7.345000 244.485836 179.574846 5.814804 
1.999998 7.335000 244.485836 179.330360 5.814804 
1.999998 7.325000 244.485836 179.085875 5.814804 
1.999998 7.315000 244.485836 178.841389 5.814804 
1.999998 7.305000 244.485836 178.596903 5.814804 
1.999998 7.295000 244.485836 178.352417 5.814804 
1.999998 7.285000 244.485836 178.107931 5.814804 
1.999998 7.275000 244.485836 177.863445 5.814804 
1.999998 7.265000 244.485836 177.618960 5.814804 
1.999998 7.255000 244.485836 177.374474 5.814804 
1.999998 7.245000 244.485836 177.129988 5.814804 
1.999998 7.235000 244.485836 176.885502 5.814804 
1.999998 7.225000 244.485836 176.641016 5.814804 
1.999998 7.215000 244.485836 176.396530 5.814804 
1.999998 7.205000 244.485836 176.152045 5.814804 
1.999998 7.195000 244.485836 175.907559 5.814804 
1.999998 7.185000 244.485836 175.663073 5.814804 
1.999998 7.175000 244.485836 175.418587 5.814804 
1.999998 7.165000 244.485836 175.174101 5.814804 
1.999998 7.155000 244.485836 174.929615 5.814804 
1.999998 7.145000 244.485836 174.685130 5.814804 
1.999998 7.135000 244.485836 174.440644 5.814804 
1.999998 7.125000 244.485836 174.196158 5.814804 
1.999998 7.115000 244.485836 173.951672 5.814804 
1.999998 7.105000 244.485836 173.707186 5.814804 
1.999998 7.095000 244.485836 173.462700 5.814804 
1.999998 7.085000 244.485836 173.218215 5.814804 
1.999998 7.075000 244.485836 172.973729 5.814804 
1.999998 7.065000 244.485836 172.729243 5.814804 
1.999998 7.055000 244.485836 172.484757 5.814804 
1.999998 7.045000 244.485836 172.240271 5.814804 
1.999998 7.035000 244.485836 171.995785 5.814804 
1.999998 7.025000 244.485836 171.751300 5.814804 
1.999998 7.015000 244.485836 171.506814 5.814804 
1.999998 7.005000 244.485836 171.262328 5.814804 
1.999998 6.995000 244.485836 171.017842 5.814804 
1.999998 6.985000 244.485836 170.773356 5.814804 
1.999998 6.975000 244.485836 170.528870 5.814804 
1.999998 6.965000 244.485836 170.284385 5.814804 
1.999998 6.955000 244.485836 170.039899 5.814804 
1.999998 6.945000 244.485836 169.795413 5.814804 
1.999998 6.935000 244.485836 169.550927 5.814804 
1.999998 6.925000 244.485836 169.306441 5.814804 
1.999998 6.915000 244.485836 169.061955 5.814804 
1.999998 6.905000 244.485836 168.817470 5.814804 
1.999998 6.895000 244.485836 168.572984 5.814804 
1.999998 6.885000 244.485836 168.328498 5.814804 
1.999998 6.875000 244.485836 168.084012 5.814804 
1.999998 6.865000 244.485836 167.839526 5.814804 
1.999998 6.855000 244.485836 167.595040 5.814804 
1.999998 6.845000 244.485836 167.350555 5.814804 
1.999998 6.835000 244.485836 167.106069 5.814804 
1.999998 6.825000 244.485836 166.861583 5.814804 
1.999998 6.815000 244.485836 166.617097 5.814804 
1.999998 6.805000 244.485836 166.372611 5.814804 
1.999998 6.795000 244.485836 166.128125 5.814804 
1.999998 6.785000 244.485836 165.883640 5.814804 
1.999998 6.775000 244.485836 165.639154 5.814804 
1.999998 6.765000 244.485836 165.394668 5.814804 
1.999998 6.755000 244.485836 165.150182 5.814804 
1.999998 6.745000 244.485836 164.905696 5.814804 
1.999998 6.735000 244.485836 164.661210 5.814804 
1.999998 6.725000 244.485836 164.416725 5.814804 
1.999998 6.715000 244.485836 164.172239 5.814804 
1.999998 6.705000 244.485836 163.927753 5.814804 
1.999998 6.695000 244.485836 163.683267 5.814804 
1.999998 6.685000 244.485836 163.438781 5.814804 
1.999998 6.675000 244.485836 163.194295 5.814804 
1.999998 6.665000 244.485836 162.949809 5.814804 
1.999998 6.655000 244.485836 162.705324 5.814804 
1.999998 6.645000 244.485836 162.460838 5.814804 
1.999998 6.635000 244.485836 162.216352 5.814804 
1.999998 6.625000 244.485836 161.971866 5.814804 
1.999998 6.615000 244.485836 161.727380 5.814804 
1.999998 6.605000 244.485836 161.482894 5.814804 
1.999998 6.595000 244.485836 161.238409 5.814804 
1.999998 6.585000 244.485836 160.993923 5.814804 
1.999998 6.575000 244.485836 160.749437 5.814804 
1.999998 6.565000 244.485836 160.504951 5.814804 
1.999998 6.555000 244.485836 160.260465 5.814804 
1.999998 6.545000 244.485836 160.015979 5.814804 
1.999998 6.535000 244.485836 159.771494 5.814804 
1.999998 6.525000 244.485836 159.527008 5.814804 
1.999998 6.515000 244.485836 159.282522 5.814804 
1.999998 6.505000 244.485836 159.038036 5.814804 
1.999998 6.495000 244.485836 158.793550 5.814804 
1.999998 6.485000 244.485836 158.549064 5.814804 
1.999998 6.475000 244.485836 158.304579 5.814804 
1.999998 6.465000 244.485836 158.060093 5.814804 
1.999998 6.455000 244.485836 157.815607 5.814804 
1.999998 6.445000 244.485836 157.571121 5.814804 
1.999998 6.435000 244.485836 157.326635 5.814804 
1.999998 6.425000 244.485836 157.082149 5.814804 
1.999998 6.415000 244.485836 156.837664 5.814804 
1.999998 6.405000 244.485836 156.593178 5.814804 
1.999998 6.395000 244.485836 156.348692 5.814804 
1.999998 6.385000 244.485836 156.104206 5.814804 
1.999998 6.375000 244.485836 155.859720 5.814804 
1.999998 6.365000 244.485836 155.615234 5.814804 
1.999998 6.355000 244.485836 155.370749 5.814804 
1.999998 6.345000 244.485836 155.126263 5.814804 
1.999998 6.335000 244.485836 154.881777 5.814804 
1.999998 6.325000 244.485836 154.637291 5.814804 
1.999998 6.315000 244.485836 154.392805 5.814804 
1.999998 6.305000 244.485836 154.148319 5.814804 
1.999998 6.295000 244.485836 153.903834 5.814804 
1.999998 6.285000 244.485836 153.659348 5.814804 
1.999998 6.275000 244.485836 153.414862 5.814804 
1.999998 6.265000 244.485836 153.170376 5.814804 
1.999998 6.255000 244.485836 152.925890 5.814804 
1.999998 6.245000 244.485836 152.681404 5.814804 
1.999998 6.235000 244.485836 152.436919 5.814804 
1.999998 6.225000 244.485836 152.192433 5.814804 
1.999998 6.215000 244.485836 151.947947 5.814804 
1.999998 6.205000 244.485836 151.703461 5.814804 
1.999998 6.195000 244.485836 151.458975 5.814804 
1.999998 6.185000 244.485836 151.214489 5.814804 
1.999998 6.175000 244.485836 150.970004 5.814804 
1.999998 6.165000 244.485836 150.725518 5.814804 
1.999998 6.155000 244.485836 150.481032 5.814804 
1.999998 6.145000 244.485836 150.236546 5.814804 
1.999998 6.135000 244.485836 149.992060 5.814804 
1.999998 6.125000 244.485836 149.747574 5.814804 
1.999998 6.115000 244.485836 149.503089 5.814804 
1.999998 6.105000 244.485836 149.258603 5.814804 
1.999998 6.095000 244.485836 149.014117 5.814804 
1.999998 6.085000 244.485836 148.769631 5.814804 
1.999998 6.075000 244.485836 148.525145 5.814804 
1.999998 6.065000 244.485836 148.280659 5.814804 
1.999998 6.055000 244.485836 148.036174 5.814804 
1.999998 6.045000 244.485836 147.791688 5.814804 
1.999998 6.035000 244.485836 147.547202 5.814804 
1.999998 6.025000 244.485836 147.302716 5.814804 
1.999998 6.015000 244.485836 147.058230 5.814804 
1.999998 6.005000 244.485836 146.813744 5.814804 
1.999998 5.995000 244.485836 146.569259 5.814804 
1.999998 5.985000 244.485836 146.324773 5.814804 
1.999998 5.975000 244.485836 146.080287 5.814804 
1.999998 5.965000 244.485836 145.835801 5.814804 
1.999998 5.955000 244.485836 145.591315 5.814804 
1.999998 5.945000 244.485836 145.346829 5.814804 
1.999998 5.935000 244.485836 145.102343 5.814804 
1.999998 5.925000 244.485836 144.857858 5.814804 
1.999998 5.915000 244.485836 144.613372 5.814804 
1.999998 5.905000 244.485836 144.368886 5.814804 
1.999998 5.895000 244.485836 144.124400 5.814804 
1.999998 5.885000 244.485836 143.879914 5.814804 
1.999998 5.875000 244.485836 143.635428 5.814804 
1.999998 5.865000 244.485836 143.390943 5.814804 
1.999998 5.855000 244.485836 143.146457 5.814804 
1.999998 5.845000 244.485836 142.901971 5.814804 
1.999998 5.835000 244.485836 142.657485 5.814804 
1.999998 5.825000 244.485836 142.412999 5.814804 
1.999986 5.805000 244.485836 141.924028 5.191260 
1.999986 5.795000 244.485836 141.679542 5.191260 
1.999986 5.785000 244.485836 141.435056 5.191260 
1.999986 5.775000 244.485836 141.190570 5.191260 
1.999986 5.765000 244.485836 140.946084 5.191260 
1.999986 5.755000 244.485836 140.701598 5.191260 
1.999986 5.745000 244.485836 140.457113 5.191260 
1.999986 5.735000 244.485836 140.212627 5.191260 
1.999986 5.725000 244.485836 139.968141 5.191260 
1.999986 5.715000 244.485836 139.723655 5.191260 
1.999986 5.705000 244.485836 139.479169 5.191260 
1.999986 5.695000 244.485836 139.234683 5.191260 
1.999986 5.685000 244.485836 138.990198 5.191260 
1.999986 5.675000 244.485836 138.745712 5.191260 
1.999986 5.665000 244.485836 138.501226 5.191260 
1.999986 5.655000 244.485836 138.256740 5.191260 
1.999986 5.645000 244.485836 138.012254 5.191260 
1.999986 5.635000 244.485836 137.767768 5.191260 
1.999986 5.625000 244.485836 137.523283 5.191260 
1.999986 5.615000 244.485836 137.278797 5.191260 
1.999986 5.605000 244.485836 137.034311 5.191260 
1.999986 5.595000 244.485836 136.789825 5.191260 
1.999986 5.585000 244.485836 136.545339 5.191260 
1.999986 5.575000 244.485836 136.300853 5.191260 
1.999986 5.565000 244.485836 136.056368 5.191260 
1.999986 5.555000 244.485836 135.811882 5.191260 
1.999986 5.545000 244.485836 135.567396 5.191260 
1.999986 5.535000 244.485836 135.322910 5.191260 
1.999986 5.525000 244.485836 135.078424 5.191260 
1.999986 5.515000 244.485836 134.833938 5.191260 
1.999986 5.505000 244.485836 134.589453 5.191260 
1.999986 5.495000 244.485836 134.344967 5.191260 
1.999986 5.485000 244.485836 134.100481 5.191260 
1.999986 5.475000 244.485836 133.855995 5.191260 
1.999986 5.465000 244.485836 133.611509 5.191260 
1.999986 5.455000 244.485836 133.367023 5.191260 
1.999986 5.445000 244.485836 133.122538 5.191260 
1.999986 5.435000 244.485836 132.878052 5.191260 
1.999986 5.425000 244.485836 132.633566 5.191260 
1.999986 5.415000 244.485836 132.389080 5.191260 
1.999986 5.405000 244.485836 132.144594 5.191260 
1.999986 5.395000 244.485836 131.900108 5.191260 
1.999986 5.385000 244.485836 131.655623 5.191260 
1.999986 5.375000 244.485836 131.411137 5.191260 
1.999986 5.365000 244.485836 131.166651 5.191260 
1.999986 5.355000 244.485836 130.922165 5.191260 
1.999986 5.345000 244.485836 130.677679 5.191260 
1.999986 5.335000 244.485836 130.433193 5.191260 
1.999986 5.325000 244.485836 130.188708 5.191260 
1.999986 5.315000 244.485836 129.944222 5.191260 
1.999986 5.305000 244.485836 129.699736 5.191260 
1.999986 5.295000 244.485836 129.455250 5.191260 
1.999986 5.285000 244.485836 129.210764 5.191260 
1.999986 5.275000 244.485836 128.966278 5.191260 
1.999986 5.265000 244.485836 128.721793 5.191260 
1.999986 5.255000 244.485836 128.477307 5.191260 
1.999986 5.245000 244.485836 128.232821 5.191260 
1.999986 5.235000 244.485836 127.988335 5.191260 
1.999986 5.225000 244.485836 127.743849 5.191260 
1.999986 5.215000 244.485836 127.499363 5.191260 
1.999986 5.205000 244.485836 127.254877 5.191260 
1.999986 5.195000 244.485836 127.010392 5.191260 
1.999963 5.185000 244.485836 126.765906 4.874781 
1.999963 5.175000 244.485836 126.521420 4.874781 
1.999963 5.165000 244.485836 126.276934 4.874781 
1.999963 5.155000 244.485836 126.032448 4.874781 
1.999963 5.145000 244.485836 125.787962 4.874781 
1.999963 5.135000 244.485836 125.543477 4.874781 
1.999963 5.125000 244.485836 125.298991 4.874781 
1.999963 5.115000 244.485836 125.054505 4.874781 
1.999963 5.105000 244.485836 124.810019 4.874781 
1.999963 5.095000 244.485836 124.565533 4.874781 
1.999963 5.085000 244.485836 124.321047 4.874781 
1.999963 5.075000 244.485836 124.076562 4.874781 
1.999963 5.065000 244.485836 123.832076 4.874781 
1.999963 5.055000 244.485836 123.587590 4.874781 
1.999963 5.045000 244.485836 123.343104 4.874781 
1.999963 5.035000 244.485836 123.098618 4.874781 
1.999963 5.025000 244.485836 122.854132 4.874781 
1.999963 5.015000 244.485836 122.609647 4.874781 
1.999963 5.005000 244.485836 122.365161 4.874781 
1.999963 4.995000 244.485836 122.120675 4.874781 
1.999963 4.985000 244.485836 121.876189 4.874781 
1.999963 4.975000 244.485836 121.631703 4.874781 
1.999963 4.965000 244.485836 121.387217 4.874781 
1.999963 4.955000 244.485836 121.142732 4.874781 
1.999963 4.945000 244.485836 120.898246 4.874781 
1.999963 4.935000 244.485836 120.653760 4.874781 
1.999963 4.925000 244.485836 120.409274 4.874781 
1.999963 4.915000 244.485836 120.164788 4.874781 
1.999963 4.905000 244.485836 119.920302 4.874781 
1.999963 4.895000 244.485836 119.675817 4.874781 
1.999963 4.885000 244.485836 119.431331 4.874781 
1.999929 4.865000 244.485836 118.942359 4.661045 
1.999929 4.855000 244.485836 118.697873 4.661045 
1.999929 4.845000 244.485836 118.453387 4.661045 
1.999929 4.835000 244.485836 118.208902 4.661045 
1.999929 4.825000 244.485836 117.964416 4.661045 
1.999929 4.815000 244.485836 117.719930 4.661045 
1.999929 4.805000 244.485836 117.475444 4.661045 
1.999929 4.795000 244.485836 117.230958 4.661045 
1.999929 4.785000 244.485836 116.986472 4.661045 
1.999929 4.775000 244.485836 116.741987 4.661045 
1.999929 4.765000 244.485836 116.497501 4.661045 
1.999929 4.755000 244.485836 116.253015 4.661045 
1.999929 4.745000 244.485836 116.008529 4.661045 
1.999929 4.735000 244.485836 115.764043 4.661045 
1.999929 4.725000 244.485836 115.519557 4.661045 
1.999929 4.715000 244.485836 115.275072 4.661045 
1.999929 4.705000 244.485836 115.030586 4.661045 
1.999929 4.695000 244.485836 114.786100 4.661045 
1.999929 4.685000 244.485836 114.541614 4.661045 
1.999929 4.675000 244.485836 114.297128 4.661045 
1.999929 4.665000 244.485836 114.052642 4.661045 
1.999885 4.655000 244.485836 113.808157 4.499440 
1.999885 4.645000 244.485836 113.563671 4.499440 
1.999885 4.635000 244.485836 113.319185 4.499440 
1.999885 4.625000 244.485836 113.074699 4.499440 
1.999885 4.615000 244.485836 112.830213 4.499440 
1.999885 4.605000 244.485836 112.585727 4.499440 
1.999885 4.595000 244.485836 112.341242 4.499440 
1.999885 4.585000 244.485836 112.096756 4.499440 
1.999885 4.575000 244.485836 111.852270 4.499440 
1.999885 4.565000 244.485836 111.607784 4.499440 
1.999885 4.555000 244.485836 111.363298 4.499440 
1.999885 4.545000 244.485836 111.118812 4.499440 
1.999885 4.535000 244.485836 110.874326 4.499440 
1.999885 4.525000 244.485836 110.629841 4.499440 
1.999885 4.515000 244.485836 110.385355 4.499440 
1.999885 4.505000 244.485836 110.140869 4.499440 
1.999829 4.495000 244.485836 109.896383 4.369455 
1.999829 4.485000 244.485836 109.651897 4.369455 
1.999829 4.475000 244.485836 109.407411 4.369455 
1.999829 4.465000 244.485836 109.162926 4.369455 
1.999829 4.455000 244.485836 108.918440 4.369455 
1.999829 4.445000 244.485836 108.673954 4.369455 
1.999829 4.435000 244.485836 108.429468 4.369455 
1.999829 4.425000 244.485836 108.184982 4.369455 
1.999829 4.415000 244.485836 107.940496 4.369455 
1.999829 4.405000 244.485836 107.696011 4.369455 
1.999829 4.395000 244.485836 107.451525 4.369455 
1.999829 4.385000 244.485836 107.207039 4.369455 
1.999829 4.375000 244.485836 106.962553 4.369455 
1.999763 4.365000 244.485836 106.718067 4.260713 
1.999763 4.355000 244.485836 106.473581 4.260713 
1.999763 4.345000 244.485836 106.229096 4.260713 
1.999763 4.335000 244.485836 105.984610 4.260713 
1.999763 4.325000 244.485836 105.740124 4.260713 
1.999763 4.315000 244.485836 105.495638 4.260713 
1.999763 4.305000 244.485836 105.251152 4.260713 
1.999763 4.295000 244.485836 105.006666 4.260713 
1.999763 4.285000 244.485836 104.762181 4.260713 
1.999763 4.275000 244.485836 104.517695 4.260713 
1.999763 4.265000 244.485836 104.273209 4.260713 
1.999686 4.255000 244.485836 104.028723 4.167234 
1.999686 4.245000 244.485836 103.784237 4.167234 
1.999686 4.235000 244.485836 103.539751 4.167234 
1.999686 4.225000 244.485836 103.295266 4.167234 
1.999686 4.215000 244.485836 103.050780 4.167234 
1.999686 4.205000 244.485836 102.806294 4.167234 
1.999686 4.195000 244.485836 102.561808 4.167234 
1.999686 4.185000 244.485836 102.317322 4.167234 
1.999686 4.175000 244.485836 102.072836 4.167234 
1.999598 4.165000 244.485836 101.828351 4.085252 
1.999598 4.155000 244.485836 101.583865 4.085252 
1.999598 4.145000 244.485836 101.339379 4.085252 
1.999598 4.135000 244.485836 101.094893 4.085252 
1.999598 4.125000 244.485836 100.850407 4.085252 
1.999598 4.115000 244.485836 100.605921 4.085252 
1.999598 4.105000 244.485836 100.361436 4.085252 
1.999598 4.095000 244.485836 100.116950 4.085252 
1.999500 4.085000 244.485836 99.872464 4.012243 
1.999500 4.075000 244.485836 99.627978 4.012243 
1.999500 4.065000 244.485836 99.383492 4.012243 
1.999500 4.055000 244.485836 99.139006 4.012243 
1.999500 4.045000 244.485836 98.894521 4.012243 
1.999500 4.035000 244.485836 98.650035 4.012243 
1.999500 4.025000 244.485836 98.405549 4.012243 
1.999500 4.015000 244.485836 98.161063 4.012243 
1.999391 4.005000 244.485836 97.916577 3.946434 
1.999391 3.995000 244.485836 97.672091 3.946434 
1.999391 3.985000 244.485836 97.427606 3.946434 
1.999391 3.975000 244.485836 97.183120 3.946434 
1.999391 3.965000 244.485836 96.938634 3.946434 
1.999391 3.955000 244.485836 96.694148 3.946434 
1.999271 3.945000 244.485836 96.449662 3.886528 
1.999271 3.935000 244.485836 96.205176 3.886528 
1.999271 3.925000 244.485836 95.960691 3.886528 
1.999271 3.915000 244.485836 95.716205 3.886528 
1.999271 3.905000 244.485836 95.471719 3.886528 
1.999271 3.895000 244.485836 95.227233 3.886528 
1.999140 3.885000 244.485836 94.982747 3.831550 
1.999140 3.875000 244.485836 94.738261 3.831550 
1.999140 3.865000 244.485836 94.493776 3.831550 
1.999140 3.855000 244.485836 94.249290 3.831550 
1.999140 3.845000 244.485836 94.004804 3.831550 
1.999140 3.835000 244.485836 93.760318 3.831550 
1.998998 3.825000 244.485836 93.515832 3.780750 
1.998998 3.815000 244.485836 93.271346 3.780750 
1.998998 3.805000 244.485836 93.026860 3.780750 
1.998998 3.795000 244.485836 92.782375 3.780750 
1.998998 3.785000 244.485836 92.537889 3.780750 
1.998846 3.775000 244.485836 92.293403 3.733535 
1.998846 3.765000 244.485836 92.048917 3.733535 
1.998846 3.755000 244.485836 91.804431 3.733535 
1.998846 3.745000 244.485836 91.559945 3.733535 
1.998846 3.735000 244.485836 91.315460 3.733535 
1.998683 3.725000 244.485836 91.070974 3.689430 
1.998683 3.715000 244.485836 90.826488 3.689430 
1.998683 3.705000 244.485836 90.582002 3.689430 
1.998683 3.695000 244.485836 90.337516 3.689430 
1.998509 3.685000 244.485836 90.093030 3.648049 
1.998509 3.675000 244.485836 89.848545 3.648049 
1.998509 3.665000 244.485836 89.604059 3.648049 
1.998509 3.655000 244.485836 89.359573 3.648049 
1.998325 3.645000 244.485836 89.115087 3.609073 
1.998325 3.635000 244.485836 88.870601 3.609073 
1.998325 3.625000 244.485836 88.626115 3.609073 
1.998325 3.615000 244.485836 88.381630 3.609073 
1.998129 3.605000 244.485836 88.137144 3.572237 
1.998129 3.595000 244.485836 87.892658 3.572237 
1.998129 3.585000 244.485836 87.648172 3.572237 
1.998129 3.575000 244.485836 87.403686 3.572237 
1.997923 3.565000 244.485836 87.159200 3.537317 
1.997923 3.555000 244.485836 86.914715 3.537317 
1.997923 3.545000 244.485836 86.670229 3.537317 
1.997706 3.535000 244.485836 86.425743 3.504121 
1.997706 3.525000 244.485836 86.181257 3.504121 
1.997706 3.515000 244.485836 85.936771 3.504121 
1.997706 3.505000 244.485836 85.692285 3.504121 
1.997479 3.495000 244.485836 85.447800 3.472486 
1.997479 3.485000 244.485836 85.203314 3.472486 
1.997479 3.475000 244.485836 84.958828 3.472486 
1.997240 3.465000 244.485836 84.714342 3.442271 
1.997240 3.455000 244.485836 84.469856 3.442271 
1.997240 3.445000 244.485836 84.225370 3.442271 
1.996991 3.435000 244.485836 83.980885 3.413352 
1.996991 3.425000 244.485836 83.736399 3.413352 
1.996991 3.415000 244.485836 83.491913 3.413352 
1.996731 3.405000 244.485836 83.247427 3.385622 
1.996731 3.395000 244.485836 83.002941 3.385622 
1.996460 3.385000 244.485836 82.758455 3.358985 
1.996460 3.375000 244.485836 82.513970 3.358985 
1.996460 3.365000 244.485836 82.269484 3.358985 
1.996178 3.355000 244.485836 82.024998 3.333358 
1.996178 3.345000 244.485836 81.780512 3.333358 
1.996178 3.335000 244.485836 81.536026 3.333358 
1.995886 3.325000 244.485836 81.291540 3.308665 
1.995886 3.315000 244.485836 81.047055 3.308665 
1.995583 3.305000 244.485836 80.802569 3.284841 
1.995583 3.295000 244.485836 80.558083 3.284841 
1.995583 3.285000 244.485836 80.313597 3.284841 
1.995269 3.275000 244.485836 80.069111 3.261825 
1.995269 3.265000 244.485836 79.824625 3.261825 
1.994944 3.255000 244.485836 79.580140 3.239562 
1.994944 3.245000 244.485836 79.335654 3.239562 
1.994608 3.235000 244.485836 79.091168 3.218005 
1.994608 3.225000 244.485836 78.846682 3.218005 
1.994262 3.215000 244.485836 78.602196 3.197109 
1.994262 3.205000 244.485836 78.357710 3.197109 
1.993905 3.195000 244.485836 78.113225 3.176835 
1.993905 3.185000 244.485836 77.868739 3.176835 
1.993537 3.175000 244.485836 77.624253 3.157144 
1.993537 3.165000 244.485836 77.379767 3.157144 
1.993158 3.155000 244.485836 77.135281 3.138004 
1.993158 3.145000 244.485836 76.890795 3.138004 
1.992768 3.135000 244.485836 76.646309 3.119384 
1.992768 3.125000 244.485836 76.401824 3.119384 
1.992368 3.115000 244.485836 76.157338 3.101256 
1.992368 3.105000 244.485836 75.912852 3.101256 
1.991956 3.095000 244.485836 75.668366 3.083594 
1.991956 3.085000 244.485836 75.423880 3.083594 
1.991534 3.075000 244.485836 75.179394 3.066373 
1.991101 3.065000 244.485836 74.934909 3.049572 
1.991101 3.055000 244.485836 74.690423 3.049572 
1.990658 3.045000 244.485836 74.445937 3.033169 
1.990658 3.035000 244.485836 74.201451 3.033169 
1.990203 3.025000 244.485836 73.956965 3.017146 
1.989738 3.015000 244.485836 73.712479 3.001484 
1.989738 3.005000 244.485836 73.467994 3.001484 
1.989262 2.995000 244.485836 73.223508 2.986168 
1.988774 2.985000 244.485836 72.979022 2.971182 
1.988774 2.975000 244.485836 72.734536 2.971182 
1.988277 2.965000 244.485836 72.490050 2.956510 
1.987768 2.955000 244.485836 72.245564 2.942140 
1.987768 2.945000 244.485836 72.001079 2.942140 
1.987248 2.935000 244.485836 71.756593 2.928059 
1.986718 2.925000 244.485836 71.512107 2.914255 
1.986718 2.915000 244.485836 71.267621 2.914255 
1.986176 2.905000 244.485836 71.023135 2.900716 
1.985624 2.895000 244.485836 70.778649 2.887432 
1.985061 2.885000 244.485836 70.534164 2.874394 
1.985061 2.875000 244.485836 70.289678 2.874394 
1.984487 2.865000 244.485836 70.045192 2.861591 
1.983902 2.855000 244.485836 69.800706 2.849014 
1.983307 2.845000 244.485836 69.556220 2.836656 
1.982700 2.835000 244.485836 69.311734 2.824509 
1.982700 2.825000 244.485836 69.067249 2.824509 
1.982083 2.815000 244.485836 68.822763 2.812564 
1.981454 2.805000 244.485836 68.578277 2.800814 
1.980815 2.795000 244.485836 68.333791 2.789254 
1.980165 2.785000 244.485836 68.089305 2.777876 
1.979504 2.775000 244.485836 67.844819 2.766674 
1.978832 2.765000 244.485836 67.600334 2.755643 
1.978149 2.755000 244.485836 67.355848 2.744777 
1.978149 2.745000 244.485836 67.111362 2.744777 
1.977455 2.735000 244.485836 66.866876 2.734070 
1.976751 2.725000 244.485836 66.622390 2.723518 
1.976035 2.715000 244.485836 66.377904 2.713115 
1.975308 2.705000 244.485836 66.133419 2.702858 
1.974571 2.695000 244.485836 65.888933 2.692741 
1.973822 2.685000 244.485836 65.644447 2.682760 
1.973063 2.675000 244.485836 65.399961 2.672912 
1.972293 2.665000 244.485836 65.155475 2.663192 
1.971511 2.655000 244.485836 64.910989 2.653597 
1.970719 2.645000 244.485836 64.666504 2.644124 
1.969916 2.635000 244.485836 64.422018 2.634768 
1.968276 2.625000 244.485836 64.177532 2.616397 
1.967440 2.615000 244.485836 63.933046 2.607375 
1.966593 2.605000 244.485836 63.688560 2.598459 
1.965734 2.595000 244.485836 63.444074 2.589646 
1.964865 2.585000 244.485836 63.199589 2.580933 
1.963985 2.575000 244.485836 62.955103 2.572316 
1.963093 2.565000 244.485836 62.710617 2.563795 
1.961278 2.555000 244.485836 62.466131 2.547028 
1.960353 2.545000 244.485836 62.221645 2.538777 
1.959418 2.535000 244.485836 61.977159 2.530611 
1.958471 2.525000 244.485836 61.732674 2.522530 
1.957514 2.515000 244.485836 61.488188 2.514530 
1.955565 2.505000 244.485836 61.243702 2.498766 
1.954574 2.495000 244.485836 60.999216 2.490999 
1.953572 2.485000 244.485836 60.754730 2.483306 
1.951535 2.475000 244.485836 60.510244 2.468136 
1.950500 2.465000 244.485836 60.265759 2.460656 
1.949453 2.455000 244.485836 60.021273 2.453243 
1.947327 2.445000 244.485836 59.776787 2.438613 
1.946247 2.435000 244.485836 59.532301 2.431394 
1.945156 2.425000 244.485836 59.287815 2.424236 
1.942941 2.415000 244.485836 59.043329 2.410101 
1.941816 2.405000 244.485836 58.798843 2.403121 
1.939534 2.395000 244.485836 58.554358 2.389330 
1.938375 2.385000 244.485836 58.309872 2.382516 
1.936026 2.375000 244.485836 58.065386 2.369048 
1.934834 2.365000 244.485836 57.820900 2.362390 
1.932416 2.355000 244.485836 57.576414 2.349224 
1.931191 2.345000 244.485836 57.331928 2.342714 
1.928706 2.335000 244.485836 57.087443 2.329833 
1.927446 2.325000 244.485836 56.842957 2.323460 
1.924894 2.315000 244.485836 56.598471 2.310848 
1.923600 2.305000 244.485836 56.353985 2.304606 
1.920979 2.295000 244.485836 56.109499 2.292246 
1.918313 2.285000 244.485836 55.865013 2.280047 
1.916963 2.275000 244.485836 55.620528 2.274006 
1.914229 2.265000 244.485836 55.376042 2.262037 
1.911449 2.255000 244.485836 55.131556 2.250214 
1.910041 2.245000 244.485836 54.887070 2.244355 
1.907193 2.235000 244.485836 54.642584 2.232741 
1.904298 2.225000 244.485836 54.398098 2.221260 
1.901358 2.215000 244.485836 54.153613 2.209907 
1.899870 2.205000 244.485836 53.909127 2.204277 
1.896861 2.195000 244.485836 53.664641 2.193108 
1.893805 2.185000 244.485836 53.420155 2.182056 
1.890703 2.175000 244.485836 53.175669 2.171117 
1.887555 2.165000 244.485836 52.931183 2.160287 
1.885963 2.155000 244.485836 52.686698 2.154911 
1.882745 2.145000 244.485836 52.442212 2.144237 
1.879480 2.135000 244.485836 52.197726 2.133663 
1.876169 2.125000 244.485836 51.953240 2.123185 
1.872810 2.115000 244.485836 51.708754 2.112799 
1.869405 2.105000 244.485836 51.464268 2.102503 
1.865953 2.095000 244.485836 51.219783 2.092294 
1.862453 2.085000 244.485836 50.975297 2.082168 
1.858906 2.075000 244.485836 50.730811 2.072122 
1.855312 2.065000 244.485836 50.486325 2.062155 
1.851670 2.055000 244.485836 50.241839 2.052262 
1.847980 2.045000 244.485836 49.997353 2.042442 
1.844243 2.035000 244.485836 49.752868 2.032691 
1.840458 2.025000 244.485836 49.508382 2.023008 
1.836625 2.015000 244.485836 49.263896 2.013390 
1.832743 2.005000 244.485836 49.019410 2.003835 
1.828813 1.995000 244.485836 48.774924 1.994340 
1.824835 1.985000 244.485836 48.530438 1.984904 
1.818777 1.975000 244.485836 48.285953 1.970854 
1.814677 1.965000 244.485836 48.041467 1.961553 
1.810528 1.955000 244.485836 47.796981 1.952304 
1.806330 1.945000 244.485836 47.552495 1.943105 
1.802083 1.935000 244.485836 47.308009 1.933952 
1.797786 1.925000 244.485836 47.063523 1.924845 
1.791248 1.915000 244.485836 46.819038 1.911265 
1.786827 1.905000 244.485836 46.574552 1.902264 
1.782356 1.895000 244.485836 46.330066 1.893302 
1.777836 1.885000 244.485836 46.085580 1.884378 
1.770960 1.875000 244.485836 45.841094 1.871058 
1.766313 1.865000 244.485836 45.596608 1.862221 
1.761616 1.855000 244.485836 45.352123 1.853416 
1.756867 1.845000 244.485836 45.107637 1.844642 
1.749649 1.835000 244.485836 44.863151 1.831535 
1.744772 1.825000 244.485836 44.618665 1.822831 
1.739844 1.815000 244.485836 44.374179 1.814152 
1.732355 1.805000 244.485836 44.129693 1.801180 
1.727298 1.795000 244.485836 43.885208 1.792559 
1.722188 1.785000 244.485836 43.640722 1.783960 
1.714425 1.775000 244.485836 43.396236 1.771096 
1.709184 1.765000 244.485836 43.151750 1.762543 
1.703889 1.755000 244.485836 42.907264 1.754006 
1.695849 1.745000 244.485836 42.662778 1.741228 
1.690421 1.735000 244.485836 42.418292 1.732726 
1.684940 1.725000 244.485836 42.173807 1.724236 
1.676617 1.715000 244.485836 41.929321 1.711521 
1.671001 1.705000 244.485836 41.684835 1.703055 
1.665330 1.695000 244.485836 41.440349 1.694597 
1.656722 1.685000 244.485836 41.195863 1.681922 
1.650914 1.675000 244.485836 40.951377 1.673479 
1.642098 1.665000 244.485836 40.706892 1.660819 
1.636151 1.655000 244.485836 40.462406 1.652383 
1.630148 1.645000 244.485836 40.217920 1.643946 
1.621038 1.635000 244.485836 39.973434 1.631291 
1.614894 1.625000 244.485836 39.728948 1.622851 
1.608693 1.615000 244.485836 39.484462 1.614408 
1.599284 1.605000 244.485836 39.239977 1.601735 
1.592940 1.595000 244.485836 38.995491 1.593279 
1.586537 1.585000 244.485836 38.751005 1.584816 
1.576824 1.575000 244.485836 38.506519 1.572104 
1.570276 1.565000 244.485836 38.262033 1.563617 
1.560342 1.555000 244.485836 38.017547 1.550865 
1.553645 1.545000 244.485836 37.773062 1.542348 
1.546888 1.535000 244.485836 37.528576 1.533816 
1.536641 1.525000 244.485836 37.284090 1.520989 
1.529733 1.515000 244.485836 37.039604 1.512416 
1.522764 1.505000 244.485836 36.795118 1.503825 
1.512196 1.495000 244.485836 36.550632 1.490901 
1.505073 1.485000 244.485836 36.306147 1.482259 
1.497888 1.475000 244.485836 36.061661 1.473593 
1.490640 1.465000 244.485836 35.817175 1.464904 
1.479650 1.455000 244.485836 35.572689 1.451822 
1.472244 1.445000 244.485836 35.328203 1.443067 
1.464774 1.435000 244.485836 35.083717 1.434284 
1.453447 1.425000 244.485836 34.839232 1.421053 
1.445815 1.415000 244.485836 34.594746 1.412192 
1.438117 1.405000 244.485836 34.350260 1.403298 
1.430354 1.395000 244.485836 34.105774 1.394370 
1.418583 1.385000 244.485836 33.861288 1.380909 
1.410653 1.375000 244.485836 33.616802 1.371888 
1.402655 1.365000 244.485836 33.372317 1.362827 
1.394588 1.355000 244.485836 33.127831 1.353725 
1.386453 1.345000 244.485836 32.883345 1.344580 
1.374121 1.335000 244.485836 32.638859 1.330779 
1.365813 1.325000 244.485836 32.394373 1.321520 
1.357434 1.315000 244.485836 32.149887 1.312212 
1.348984 1.305000 244.485836 31.905402 1.302855 
1.340463 1.295000 244.485836 31.660916 1.293445 
1.331870 1.285000 244.485836 31.416430 1.283982 
1.323204 1.275000 244.485836 31.171944 1.274463 
1.314465 1.265000 244.485836 30.927458 1.264887 
1.301218 1.255000 244.485836 30.682972 1.250411 
1.292293 1.245000 244.485836 30.438487 1.240683 
1.283293 1.235000 244.485836 30.194001 1.230891 
1.274217 1.225000 244.485836 29.949515 1.221032 
1.265065 1.215000 244.485836 29.705029 1.211105 
1.255835 1.205000 244.485836 29.460543 1.201106 
1.246526 1.195000 244.485836 29.216057 1.191035 
1.237140 1.185000 244.485836 28.971572 1.180888 
1.227673 1.175000 244.485836 28.727086 1.170664 
1.218127 1.165000 244.485836 28.482600 1.160358 
1.208499 1.155000 244.485836 28.238114 1.149970 
1.203655 1.145000 244.485836 27.993628 1.144744 
1.193904 1.135000 244.485836 27.749142 1.134227 
1.184071 1.125000 244.485836 27.504657 1.123619 
1.174154 1.115000 244.485836 27.260171 1.112918 
1.164152 1.105000 244.485836 27.015685 1.102122 
1.154064 1.095000 244.485836 26.771199 1.091227 
1.143890 1.085000 244.485836 26.526713 1.080230 
1.138771 1.075000 244.485836 26.282227 1.074692 
1.128465 1.065000 244.485836 26.037742 1.063535 
1.118071 1.055000 244.485836 25.793256 1.052267 
1.107587 1.045000 244.485836 25.548770 1.040885 
1.097013 1.035000 244.485836 25.304284 1.029385 
1.091691 1.025000 244.485836 25.059798 1.023589 
1.080978 1.015000 244.485836 24.815312 1.011903 
1.070172 1.005000 244.485836 24.570826 1.000089 
1.064733 0.995000 244.485836 24.326341 0.994133 
1.053785 0.985000 244.485836 24.081855 0.982118 
1.042740 0.975000 244.485836 23.837369 0.969963 
1.037181 0.965000 244.485836 23.592883 0.963831 
1.025989 0.955000 244.485836 23.348397 0.951457 
1.014698 0.945000 244.485836 23.103911 0.938930 
1.009015 0.935000 244.485836 22.859426 0.932607 
0.997573 0.925000 244.485836 22.614940 0.919841 
0.991814 0.915000 244.485836 22.370454 0.913395 
0.980217 0.905000 244.485836 22.125968 0.900377 
0.974379 0.895000 244.485836 21.881482 0.893801 
0.962625 0.885000 244.485836 21.636996 0.880516 
0.956707 0.875000 244.485836 21.392511 0.873804 
0.944792 0.865000 244.485836 21.148025 0.860236 
0.938794 0.855000 244.485836 20.903539 0.853379 
0.926714 0.845000 244.485836 20.659053 0.839512 
0.920632 0.835000 244.485836 20.414567 0.832501 
0.908384 0.825000 244.485836 20.170081 0.818319 
0.902217 0.815000 244.485836 19.925596 0.811145 
0.896022 0.805000 244.485836 19.681110 0.803914 
0.883543 0.795000 244.485836 19.436624 0.789280 
0.877260 0.785000 244.485836 19.192138 0.781873 
0.870947 0.775000 244.485836 18.947652 0.774405 
0.858231 0.765000 244.485836 18.703166 0.759279 
0.851828 0.755000 244.485836 18.458681 0.751620 
0.845394 0.745000 244.485836 18.214195 0.743893 
0.832432 0.735000 244.485836 17.969709 0.728234 
0.825904 0.725000 244.485836 17.725223 0.720299 
0.819345 0.715000 244.485836 17.480737 0.712291 
0.812753 0.705000 244.485836 17.236251 0.704209 
0.799473 0.695000 244.485836 16.991766 0.687814 
0.792783 0.685000 244.485836 16.747280 0.679498 
0.786061 0.675000 244.485836 16.502794 0.671101 
0.779305 0.665000 244.485836 16.258308 0.662621 
0.772515 0.655000 244.485836 16.013822 0.654055 
0.758832 0.645000 244.485836 15.769336 0.636659 
0.751939 0.635000 244.485836 15.524851 0.627824 
0.745010 0.625000 244.485836 15.280365 0.618896 
0.738046 0.615000 244.485836 15.035879 0.609871 
0.731046 0.605000 244.485836 14.791393 0.600747 
0.724010 0.595000 244.485836 14.546907 0.591522 
0.716937 0.585000 244.485836 14.302421 0.582193 
0.709828 0.575000 244.485836 14.057936 0.572757 
0.702681 0.565000 244.485836 13.813450 0.563212 
0.695496 0.555000 244.485836 13.568964 0.553554 
0.688273 0.545000 244.485836 13.324478 0.543781 
0.681011 0.535000 244.485836 13.079992 0.533888 
0.673711 0.525000 244.485836 12.835506 0.523874 
0.666371 0.515000 244.485836 12.591021 0.513734 
0.658991 0.505000 244.485836 12.346535 0.503465 
0.651571 0.495000 244.485836 12.102049 0.493063 
0.644109 0.485000 244.485836 11.857563 0.482525 
0.636607 0.475000 244.485836 11.613077 0.471845 
0.629063 0.465000 244.485836 11.368591 0.461020 
0.621476 0.455000 244.485836 11.124106 0.450046 
0.613847 0.445000 244.485836 10.879620 0.438917 
0.606174 0.435000 244.485836 10.635134 0.427629 
0.598458 0.425000 244.485836 10.390648 0.416177 
0.590696 0.415000 244.485836 10.146162 0.404556 
0.590696 0.405000 244.485836 9.901676 0.404556 
0.582890 0.395000 244.485836 9.657191 0.392759 
0.575039 0.385000 244.485836 9.412705 0.380781 
0.567140 0.375000 244.485836 9.168219 0.368615 
0.559196 0.365000 244.485836 8.923733 0.356256 
0.551203 0.355000 244.485836 8.679247 0.343696 
0.551203 0.345000 244.485836 8.434761 0.343696 
0.543162 0.335000 244.485836 8.190275 0.330929 
0.535073 0.325000 244.485836 7.945790 0.317946 
0.526934 0.315000 244.485836 7.701304 0.304739 
0.526934 0.305000 244.485836 7.456818 0.304739 
0.518745 0.295000 244.485836 7.212332 0.291301 
0.510504 0.285000 244.485836 6.967846 0.277622 
0.502212 0.275000 244.485836 6.723360 0.263692 
0.502212 0.265000 244.485836 6.478875 0.263692 
0.493867 0.255000 244.485836 6.234389 0.249503 
0.485469 0.245000 244.485836 5.989903 0.235042 
0.477016 0.235000 244.485836 5.745417 0.220299 
0.477016 0.225000 244.485836 5.500931 0.220299 
0.468508 0.215000 244.485836 5.256445 0.205263 
0.459944 0.205000 244.485836 5.011960 0.189919 
0.459944 0.195000 244.485836 4.767474 0.189919 
0.451324 0.185000 244.485836 4.522988 0.174256 
0.451324 0.175000 244.485836 4.278502 0.174256 
0.442645 0.165000 244.485836 4.034016 0.158257 
0.433907 0.155000 244.485836 3.789530 0.141908 
0.433907 0.145000 244.485836 3.545045 0.141908 
0.425109 0.135000 244.485836 3.300559 0.125193 
0.416250 0.125000 244.485836 3.056073 0.108092 
0.416250 0.115000 244.485836 2.811587 0.108092 
0.407329 0.105000 244.485836 2.567101 0.090589 
0.407329 0.095000 244.485836 2.322615 0.090589 
0.398344 0.085000 244.485836 2.078130 0.072661 
0.398344 0.075000 244.485836 1.833644 0.072661 
0.389295 0.065000 244.485836 1.589158 0.054287 
0.389295 0.055000 244.485836 1.344672 0.054287 
0.380180 0.045000 244.485836 1.100186 0.035443 
0.370998 0.035000 244.485836 0.855700 0.016104 
0.370998 0.025000 244.485836 0.611215 0.016104 
0.361747 0.015000 244.485836 0.366729 -0.003758 
