1.999998 9.985000 226.960545 226.620104 5.764885 
1.999998 9.975000 226.960545 226.393144 5.764885 
1.999998 9.965000 226.960545 226.166183 5.764885 
1.999998 9.955000 226.960545 225.939223 5.764885 
1.999998 9.945000 226.960545 225.712262 5.764885 
1.999998 9.935000 226.960545 225.485301 5.764885 
1.999998 9.925000 226.960545 225.258341 5.764885 
1.999998 9.915000 226.960545 225.031380 5.764885 
1.999998 9.905000 226.960545 224.804420 5.764885 
1.999998 9.895000 226.960545 224.577459 5.764885 
1.999998 9.885000 226.960545 224.350499 5.764885 
1.999998 9.875000 226.960545 224.123538 5.764885 
1.999998 9.865000 226.960545 223.896578 5.764885 
1.999998 9.855000 226.960545 223.669617 5.764885 
1.999998 9.845000 226.960545 223.442657 5.764885 
1.999998 9.835000 226.960545 223.215696 5.764885 
1.999998 9.825000 226.960545 222.988735 5.764885 
1.999998 9.815000 226.960545 222.761775 5.764885 
1.999998 9.805000 226.960545 222.534814 5.764885 
1.999998 9.795000 226.960545 222.307854 5.764885 
1.999998 9.785000 226.960545 222.080893 5.764885 
1.999998 9.775000 226.960545 221.853933 5.764885 
1.999998 9.765000 226.960545 221.626972 5.764885 
1.999998 9.755000 226.960545 221.400012 5.764885 
1.999998 9.745000 226.960545 221.173051 5.764885 
1.999998 9.735000 226.960545 220.946091 5.764885 
1.999998 9.725000 226.960545 220.719130 5.764885 
1.999998 9.715000 226.960545 220.492169 5.764885 
1.999998 9.705000 226.960545 220.265209 5.764885 
1.999998 9.695000 226.960545 220.038248 5.764885 
1.999998 9.685000 226.960545 219.811288 5.764885 
1.999998 9.675000 226.960545 219.584327 5.764885 
1.999998 9.665000 226.960545 219.357367 5.764885 
1.999998 9.655000 226.960545 219.130406 5.764885 
1.999998 9.645000 226.960545 218.903446 5.764885 
1.999998 9.635000 226.960545 218.676485 5.764885 
1.999998 9.625000 226.960545 218.449525 5.764885 
1.999998 9.615000 226.960545 218.222564 5.764885 
1.999998 9.605000 226.960545 217.995603 5.764885 
1.999998 9.595000 226.960545 217.768643 5.764885 
1.999998 9.585000 226.960545 217.541682 5.764885 
1.999998 9.575000 226.960545 217.314722 5.764885 
1.999998 9.565000 226.960545 217.087761 5.764885 
1.999998 9.555000 226.960545 216.860801 5.764885 
1.999998 9.545000 226.960545 216.633840 5.764885 
1.999998 9.535000 226.960545 216.406880 5.764885 
1.999998 9.525000 226.960545 216.179919 5.764885 
1.999998 9.515000 226.960545 215.952959 5.764885 
1.999998 9.505000 226.960545 215.725998 5.764885 
1.999998 9.495000 226.960545 215.499037 5.764885 
1.999998 9.485000 226.960545 215.272077 5.764885 
1.999998 9.475000 226.960545 215.045116 5.764885 
1.999998 9.465000 226.960545 214.818156 5.764885 
1.999998 9.455000 226.960545 214.591195 5.764885 
1.999998 9.445000 226.960545 214.364235 5.764885 
1.999998 9.435000 226.960545 214.137274 5.764885 
1.999998 9.425000 226.960545 213.910314 5.764885 
1.999998 9.415000 226.960545 213.683353 5.764885 
1.999998 9.405000 226.960545 213.456393 5.764885 
1.999998 9.395000 226.960545 213.229432 5.764885 
1.999998 9.385000 226.960545 213.002471 5.764885 
1.999998 9.375000 226.960545 212.775511 5.764885 
1.999998 9.365000 226.960545 212.548550 5.764885 
1.999998 9.355000 226.960545 212.321590 5.764885 
1.999998 9.345000 226.960545 212.094629 5.764885 
1.999998 9.335000 226.960545 211.867669 5.764885 
1.999998 9.325000 226.960545 211.640708 5.764885 
1.999998 9.315000 226.960545 211.413748 5.764885 
1.999998 9.305000 226.960545 211.186787 5.764885 
1.999998 9.295000 226.960545 210.959827 5.764885 
1.999998 9.285000 226.960545 210.732866 5.764885 
1.999998 9.275000 226.960545 210.505905 5.764885 
1.999998 9.265000 226.960545 210.278945 5.764885 
1.999998 9.255000 226.960545 210.051984 5.764885 
1.999998 9.245000 226.960545 209.825024 5.764885 
1.999998 9.235000 226.960545 209.598063 5.764885 
1.999998 9.225000 226.960545 209.371103 5.764885 
1.999998 9.215000 226.960545 209.144142 5.764885 
1.999998 9.205000 226.960545 208.917182 5.764885 
1.999998 9.195000 226.960545 208.690221 5.764885 
1.999998 9.185000 226.960545 208.463261 5.764885 
1.999998 9.175000 226.960545 208.236300 5.764885 
1.999998 9.165000 226.960545 208.009339 5.764885 
1.999998 9.155000 226.960545 207.782379 5.764885 
1.999998 9.145000 226.960545 207.555418 5.764885 
1.999998 9.135000 226.960545 207.328458 5.764885 
1.999998 9.125000 226.960545 207.101497 5.764885 
1.999998 9.115000 226.960545 206.874537 5.764885 
1.999998 9.105000 226.960545 206.647576 5.764885 
1.999998 9.095000 226.960545 206.420616 5.764885 
1.999998 9.085000 226.960545 206.193655 5.764885 
1.999998 9.075000 226.960545 205.966695 5.764885 
1.999998 9.065000 226.960545 205.739734 5.764885 
1.999998 9.055000 226.960545 205.512773 5.764885 
1.999998 9.045000 226.960545 205.285813 5.764885 
1.999998 9.035000 226.960545 205.058852 5.764885 
1.999998 9.025000 226.960545 204.831892 5.764885 
1.999998 9.015000 226.960545 204.604931 5.764885 
1.999998 9.005000 226.960545 204.377971 5.764885 
1.999998 8.995000 226.960545 204.151010 5.764885 
1.999998 8.985000 226.960545 203.924050 5.764885 
1.999998 8.975000 226.960545 203.697089 5.764885 
1.999998 8.965000 226.960545 203.470129 5.764885 
1.999998 8.955000 226.960545 203.243168 5.764885 
1.999998 8.945000 226.960545 203.016208 5.764885 
1.999998 8.935000 226.960545 202.789247 5.764885 
1.999998 8.925000 226.960545 202.562286 5.764885 
1.999998 8.915000 226.960545 202.335326 5.764885 
1.999998 8.905000 226.960545 202.108365 5.764885 
1.999998 8.895000 226.960545 201.881405 5.764885 
1.999998 8.885000 226.960545 201.654444 5.764885 
1.999998 8.875000 226.960545 201.427484 5.764885 
1.999998 8.865000 226.960545 201.200523 5.764885 
1.999998 8.855000 226.960545 200.973563 5.764885 
1.999998 8.845000 226.960545 200.746602 5.764885 
1.999998 8.835000 226.960545 200.519642 5.764885 
1.999998 8.825000 226.960545 200.292681 5.764885 
1.999998 8.815000 226.960545 200.065720 5.764885 
1.999998 8.805000 226.960545 199.838760 5.764885 
1.999998 8.795000 226.960545 199.611799 5.764885 
1.999998 8.785000 226.960545 199.384839 5.764885 
1.999998 8.775000 226.960545 199.157878 5.764885 
1.999998 8.765000 226.960545 198.930918 5.764885 
1.999998 8.755000 226.960545 198.703957 5.764885 
1.999998 8.745000 226.960545 198.476997 5.764885 
1.999998 8.735000 226.960545 198.250036 5.764885 
1.999998 8.725000 226.960545 198.023076 5.764885 
1.999998 8.715000 226.960545 197.796115 5.764885 
1.999998 8.705000 226.960545 197.569154 5.764885 
1.999998 8.695000 226.960545 197.342194 5.764885 
1.999998 8.685000 226.960545 197.115233 5.764885 
1.999998 8.675000 226.960545 196.888273 5.764885 
1.999998 8.665000 226.960545 196.661312 5.764885 
1.999998 8.655000 226.960545 196.434352 5.764885 
1.999998 8.645000 226.960545 196.207391 5.764885 
1.999998 8.635000 226.960545 195.980431 5.764885 
1.999998 8.625000 226.960545 195.753470 5.764885 
1.999998 8.615000 226.960545 195.526510 5.764885 
1.999998 8.605000 226.960545 195.299549 5.764885 
1.999998 8.595000 226.960545 195.072588 5.764885 
1.999998 8.585000 226.960545 194.845628 5.764885 
1.999998 8.575000 226.960545 194.618667 5.764885 
1.999998 8.565000 226.960545 194.391707 5.764885 
1.999998 8.555000 226.960545 194.164746 5.764885 
1.999998 8.545000 226.960545 193.937786 5.764885 
1.999998 8.535000 226.960545 193.710825 5.764885 
1.999998 8.525000 226.960545 193.483865 5.764885 
1.999998 8.515000 226.960545 193.256904 5.764885 
1.999998 8.505000 226.960545 193.029944 5.764885 
1.999998 8.495000 226.960545 192.802983 5.764885 
1.999998 8.485000 226.960545 192.576022 5.764885 
1.999998 8.475000 226.960545 192.349062 5.764885 
1.999998 8.465000 226.960545 192.122101 5.764885 
1.999998 8.455000 226.960545 191.895141 5.764885 
1.999998 8.445000 226.960545 191.668180 5.764885 
1.999998 8.435000 226.960545 191.441220 5.764885 
1.999998 8.425000 226.960545 191.214259 5.764885 
1.999998 8.415000 226.960545 190.987299 5.764885 
1.999998 8.405000 226.960545 190.760338 5.764885 
1.999998 8.395000 226.960545 190.533378 5.764885 
1.999998 8.385000 226.960545 190.306417 5.764885 
1.999998 8.375000 226.960545 190.079456 5.764885 
1.999998 8.365000 226.960545 189.852496 5.764885 
1.999998 8.355000 226.960545 189.625535 5.764885 
1.999998 8.345000 226.960545 189.398575 5.764885 
1.999998 8.335000 226.960545 189.171614 5.764885 
1.999998 8.325000 226.960545 188.944654 5.764885 
1.999998 8.315000 226.960545 188.717693 5.764885 
1.999998 8.305000 226.960545 188.490733 5.764885 
1.999998 8.295000 226.960545 188.263772 5.764885 
1.999998 8.285000 226.960545 188.036812 5.764885 
1.999998 8.275000 226.960545 187.809851 5.764885 
1.999998 8.265000 226.960545 187.582890 5.764885 
1.999998 8.255000 226.960545 187.355930 5.764885 
1.999998 8.245000 226.960545 187.128969 5.764885 
1.999998 8.235000 226.960545 186.902009 5.764885 
1.999998 8.225000 226.960545 186.675048 5.764885 
1.999998 8.215000 226.960545 186.448088 5.764885 
1.999998 8.205000 226.960545 186.221127 5.764885 
1.999998 8.195000 226.960545 185.994167 5.764885 
1.999998 8.185000 226.960545 185.767206 5.764885 
1.999998 8.175000 226.960545 185.540246 5.764885 
1.999998 8.165000 226.960545 185.313285 5.764885 
1.999998 8.155000 226.960545 185.086324 5.764885 
1.999998 8.145000 226.960545 184.859364 5.764885 
1.999998 8.135000 226.960545 184.632403 5.764885 
1.999998 8.125000 226.960545 184.405443 5.764885 
1.999998 8.115000 226.960545 184.178482 5.764885 
1.999998 8.105000 226.960545 183.951522 5.764885 
1.999998 8.095000 226.960545 183.724561 5.764885 
1.999998 8.085000 226.960545 183.497601 5.764885 
1.999998 8.075000 226.960545 183.270640 5.764885 
1.999998 8.065000 226.960545 183.043680 5.764885 
1.999998 8.055000 226.960545 182.816719 5.764885 
1.999998 8.045000 226.960545 182.589758 5.764885 
1.999998 8.035000 226.960545 182.362798 5.764885 
1.999998 8.025000 226.960545 182.135837 5.764885 
1.999998 8.015000 226.960545 181.908877 5.764885 
1.999998 8.005000 226.960545 181.681916 5.764885 
1.999998 7.995000 226.960545 181.454956 5.764885 
1.999998 7.985000 226.960545 181.227995 5.764885 
1.999998 7.975000 226.960545 181.001035 5.764885 
1.999998 7.965000 226.960545 180.774074 5.764885 
1.999998 7.955000 226.960545 180.547114 5.764885 
1.999998 7.945000 226.960545 180.320153 5.764885 
1.999998 7.935000 226.960545 180.093192 5.764885 
1.999998 7.925000 226.960545 179.866232 5.764885 
1.999998 7.915000 226.960545 179.639271 5.764885 
1.999998 7.905000 226.960545 179.412311 5.764885 
1.999998 7.895000 226.960545 179.185350 5.764885 
1.999998 7.885000 226.960545 178.958390 5.764885 
1.999998 7.875000 226.960545 178.731429 5.764885 
1.999998 7.865000 226.960545 178.504469 5.764885 
1.999998 7.855000 226.960545 178.277508 5.764885 
1.999998 7.845000 226.960545 178.050548 5.764885 
1.999998 7.835000 226.960545 177.823587 5.764885 
1.999998 7.825000 226.960545 177.596626 5.764885 
1.999998 7.815000 226.960545 177.369666 5.764885 
1.999998 7.805000 226.960545 177.142705 5.764885 
1.999998 7.795000 226.960545 176.915745 5.764885 
1.999998 7.785000 226.960545 176.688784 5.764885 
1.999998 7.775000 226.960545 176.461824 5.764885 
1.999998 7.765000 226.960545 176.234863 5.764885 
1.999998 7.755000 226.960545 176.007903 5.764885 
1.999998 7.745000 226.960545 175.780942 5.764885 
1.999998 7.735000 226.960545 175.553982 5.764885 
1.999998 7.725000 226.960545 175.327021 5.764885 
1.999998 7.715000 226.960545 175.100060 5.764885 
1.999998 7.705000 226.960545 174.873100 5.764885 
1.999998 7.695000 226.960545 174.646139 5.764885 
1.999998 7.685000 226.960545 174.419179 5.764885 
1.999998 7.675000 226.960545 174.192218 5.764885 
1.999998 7.665000 226.960545 173.965258 5.764885 
1.999998 7.655000 226.960545 173.738297 5.764885 
1.999998 7.645000 226.960545 173.511337 5.764885 
1.999998 7.635000 226.960545 173.284376 5.764885 
1.999998 7.625000 226.960545 173.057416 5.764885 
1.999998 7.615000 226.960545 172.830455 5.764885 
1.999998 7.605000 226.960545 172.603494 5.764885 
1.999998 7.595000 226.960545 172.376534 5.764885 
1.999998 7.585000 226.960545 172.149573 5.764885 
1.999998 7.575000 226.960545 171.922613 5.764885 
1.999998 7.565000 226.960545 171.695652 5.764885 
1.999998 7.555000 226.960545 171.468692 5.764885 
1.999998 7.545000 226.960545 171.241731 5.764885 
1.999998 7.535000 226.960545 171.014771 5.764885 
1.999998 7.525000 226.960545 170.787810 5.764885 
1.999998 7.515000 226.960545 170.560850 5.764885 
1.999998 7.505000 226.960545 170.333889 5.764885 
1.999998 7.495000 226.960545 170.106928 5.764885 
1.999998 7.485000 226.960545 169.879968 5.764885 
1.999998 7.475000 226.960545 169.653007 5.764885 
1.999998 7.465000 226.960545 169.426047 5.764885 
1.999998 7.455000 226.960545 169.199086 5.764885 
1.999998 7.445000 226.960545 168.972126 5.764885 
1.999998 7.435000 226.960545 168.745165 5.764885 
1.999998 7.425000 226.960545 168.518205 5.764885 
1.999998 7.415000 226.960545 168.291244 5.764885 
1.999998 7.405000 226.960545 168.064284 5.764885 
1.999998 7.395000 226.960545 167.837323 5.764885 
1.999998 7.385000 226.960545 167.610362 5.764885 
1.999998 7.375000 226.960545 167.383402 5.764885 
1.999998 7.365000 226.960545 167.156441 5.764885 
1.999998 7.355000 226.960545 166.929481 5.764885 
1.999998 7.345000 226.960545 166.702520 5.764885 
1.999998 7.335000 226.960545 166.475560 5.764885 
1.999998 7.325000 226.960545 166.248599 5.764885 
1.999998 7.315000 226.960545 166.021639 5.764885 
1.999998 7.305000 226.960545 165.794678 5.764885 
1.999998 7.295000 226.960545 165.567718 5.764885 
1.999998 7.285000 226.960545 165.340757 5.764885 
1.999998 7.275000 226.960545 165.113796 5.764885 
1.999998 7.265000 226.960545 164.886836 5.764885 
1.999998 7.255000 226.960545 164.659875 5.764885 
1.999998 7.245000 226.960545 164.432915 5.764885 
1.999998 7.235000 226.960545 164.205954 5.764885 
1.999998 7.225000 226.960545 163.978994 5.764885 
1.999998 7.215000 226.960545 163.752033 5.764885 
1.999998 7.205000 226.960545 163.525073 5.764885 
1.999998 7.195000 226.960545 163.298112 5.764885 
1.999998 7.185000 226.960545 163.071152 5.764885 
1.999998 7.175000 226.960545 162.844191 5.764885 
1.999998 7.165000 226.960545 162.617230 5.764885 
1.999998 7.155000 226.960545 162.390270 5.764885 
1.999998 7.145000 226.960545 162.163309 5.764885 
1.999998 7.135000 226.960545 161.936349 5.764885 
1.999998 7.125000 226.960545 161.709388 5.764885 
1.999998 7.115000 226.960545 161.482428 5.764885 
1.999998 7.105000 226.960545 161.255467 5.764885 
1.999998 7.095000 226.960545 161.028507 5.764885 
1.999998 7.085000 226.960545 160.801546 5.764885 
1.999998 7.075000 226.960545 160.574586 5.764885 
1.999998 7.065000 226.960545 160.347625 5.764885 
1.999998 7.055000 226.960545 160.120664 5.764885 
1.999998 7.045000 226.960545 159.893704 5.764885 
1.999998 7.035000 226.960545 159.666743 5.764885 
1.999998 7.025000 226.960545 159.439783 5.764885 
1.999998 7.015000 226.960545 159.212822 5.764885 
1.999998 7.005000 226.960545 158.985862 5.764885 
1.999998 6.995000 226.960545 158.758901 5.764885 
1.999998 6.985000 226.960545 158.531941 5.764885 
1.999998 6.975000 226.960545 158.304980 5.764885 
1.999998 6.965000 226.960545 158.078020 5.764885 
1.999998 6.955000 226.960545 157.851059 5.764885 
1.999998 6.945000 226.960545 157.624099 5.764885 
1.999998 6.935000 226.960545 157.397138 5.764885 
1.999998 6.925000 226.960545 157.170177 5.764885 
1.999998 6.915000 226.960545 156.943217 5.764885 
1.999998 6.905000 226.960545 156.716256 5.764885 
1.999998 6.895000 226.960545 156.489296 5.764885 
1.999998 6.885000 226.960545 156.262335 5.764885 
1.999998 6.875000 226.960545 156.035375 5.764885 
1.999998 6.865000 226.960545 155.808414 5.764885 
1.999998 6.855000 226.960545 155.581454 5.764885 
1.999998 6.845000 226.960545 155.354493 5.764885 
1.999998 6.835000 226.960545 155.127533 5.764885 
1.999998 6.825000 226.960545 154.900572 5.764885 
1.999998 6.815000 226.960545 154.673611 5.764885 
1.999998 6.805000 226.960545 154.446651 5.764885 
1.999998 6.795000 226.960545 154.219690 5.764885 
1.999998 6.785000 226.960545 153.992730 5.764885 
1.999998 6.775000 226.960545 153.765769 5.764885 
1.999998 6.765000 226.960545 153.538809 5.764885 
1.999998 6.755000 226.960545 153.311848 5.764885 
1.999998 6.745000 226.960545 153.084888 5.764885 
1.999998 6.735000 226.960545 152.857927 5.764885 
1.999998 6.725000 226.960545 152.630967 5.764885 
1.999998 6.715000 226.960545 152.404006 5.764885 
1.999998 6.705000 226.960545 152.177045 5.764885 
1.999998 6.695000 226.960545 151.950085 5.764885 
1.999998 6.685000 226.960545 151.723124 5.764885 
1.999998 6.675000 226.960545 151.496164 5.764885 
1.999998 6.665000 226.960545 151.269203 5.764885 
1.999998 6.655000 226.960545 151.042243 5.764885 
1.999998 6.645000 226.960545 150.815282 5.764885 
1.999998 6.635000 226.960545 150.588322 5.764885 
1.999998 6.625000 226.960545 150.361361 5.764885 
1.999998 6.615000 226.960545 150.134401 5.764885 
1.999998 6.605000 226.960545 149.907440 5.764885 
1.999998 6.595000 226.960545 149.680479 5.764885 
1.999998 6.585000 226.960545 149.453519 5.764885 
1.999998 6.575000 226.960545 149.226558 5.764885 
1.999998 6.565000 226.960545 148.999598 5.764885 
1.999998 6.555000 226.960545 148.772637 5.764885 
1.999998 6.545000 226.960545 148.545677 5.764885 
1.999998 6.535000 226.960545 148.318716 5.764885 
1.999998 6.525000 226.960545 148.091756 5.764885 
1.999998 6.515000 226.960545 147.864795 5.764885 
1.999998 6.505000 226.960545 147.637835 5.764885 
1.999998 6.495000 226.960545 147.410874 5.764885 
1.999998 6.485000 226.960545 147.183913 5.764885 
1.999998 6.475000 226.960545 146.956953 5.764885 
1.999998 6.465000 226.960545 146.729992 5.764885 
1.999998 6.455000 226.960545 146.503032 5.764885 
1.999998 6.445000 226.960545 146.276071 5.764885 
1.999998 6.435000 226.960545 146.049111 5.764885 
1.999998 6.425000 226.960545 145.822150 5.764885 
1.999998 6.415000 226.960545 145.595190 5.764885 
1.999998 6.405000 226.960545 145.368229 5.764885 
1.999998 6.395000 226.960545 145.141269 5.764885 
1.999998 6.385000 226.960545 144.914308 5.764885 
1.999998 6.375000 226.960545 144.687347 5.764885 
1.999998 6.365000 226.960545 144.460387 5.764885 
1.999998 6.355000 226.960545 144.233426 5.764885 
1.999998 6.345000 226.960545 144.006466 5.764885 
1.999998 6.335000 226.960545 143.779505 5.764885 
1.999998 6.325000 226.960545 143.552545 5.764885 
1.999998 6.315000 226.960545 143.325584 5.764885 
1.999998 6.305000 226.960545 143.098624 5.764885 
1.999998 6.295000 226.960545 142.871663 5.764885 
1.999998 6.285000 226.960545 142.644703 5.764885 
1.999998 6.275000 226.960545 142.417742 5.764885 
1.999998 6.265000 226.960545 142.190781 5.764885 
1.999998 6.255000 226.960545 141.963821 5.764885 
1.999998 6.245000 226.960545 141.736860 5.764885 
1.999998 6.235000 226.960545 141.509900 5.764885 
1.999998 6.225000 226.960545 141.282939 5.764885 
1.999998 6.215000 226.960545 141.055979 5.764885 
1.999998 6.205000 226.960545 140.829018 5.764885 
1.999998 6.195000 226.960545 140.602058 5.764885 
1.999998 6.185000 226.960545 140.375097 5.764885 
1.999998 6.175000 226.960545 140.148137 5.764885 
1.999998 6.165000 226.960545 139.921176 5.764885 
1.999998 6.155000 226.960545 139.694215 5.764885 
1.999998 6.145000 226.960545 139.467255 5.764885 
1.999998 6.135000 226.960545 139.240294 5.764885 
1.999998 6.125000 226.960545 139.013334 5.764885 
1.999998 6.115000 226.960545 138.786373 5.764885 
1.999998 6.105000 226.960545 138.559413 5.764885 
1.999998 6.095000 226.960545 138.332452 5.764885 
1.999998 6.085000 226.960545 138.105492 5.764885 
1.999998 6.075000 226.960545 137.878531 5.764885 
1.999998 6.065000 226.960545 137.651571 5.764885 
1.999998 6.055000 226.960545 137.424610 5.764885 
1.999998 6.045000 226.960545 137.197649 5.764885 
1.999998 6.035000 226.960545 136.970689 5.764885 
1.999998 6.025000 226.960545 136.743728 5.764885 
1.999998 6.015000 226.960545 136.516768 5.764885 
1.999998 6.005000 226.960545 136.289807 5.764885 
1.999998 5.995000 226.960545 136.062847 5.764885 
1.999998 5.985000 226.960545 135.835886 5.764885 
1.999998 5.975000 226.960545 135.608926 5.764885 
1.999998 5.965000 226.960545 135.381965 5.764885 
1.999998 5.955000 226.960545 135.155005 5.764885 
1.999998 5.945000 226.960545 134.928044 5.764885 
1.999998 5.935000 226.960545 134.701083 5.764885 
1.999998 5.925000 226.960545 134.474123 5.764885 
1.999998 5.915000 226.960545 134.247162 5.764885 
1.999998 5.905000 226.960545 134.020202 5.764885 
1.999998 5.895000 226.960545 133.793241 5.764885 
1.999998 5.885000 226.960545 133.566281 5.764885 
1.999998 5.875000 226.960545 133.339320 5.764885 
1.999998 5.865000 226.960545 133.112360 5.764885 
1.999998 5.855000 226.960545 132.885399 5.764885 
1.999998 5.845000 226.960545 132.658439 5.764885 
1.999998 5.835000 226.960545 132.431478 5.764885 
1.999998 5.825000 226.960545 132.204517 5.764885 
1.999998 5.815000 226.960545 131.977557 5.764885 
1.999998 5.805000 226.960545 131.750596 5.764885 
1.999998 5.795000 226.960545 131.523636 5.764885 
1.999998 5.785000 226.960545 131.296675 5.764885 
1.999998 5.775000 226.960545 131.069715 5.764885 
1.999986 5.755000 226.960545 130.615794 5.141340 
1.999986 5.745000 226.960545 130.388833 5.141340 
1.999986 5.735000 226.960545 130.161873 5.141340 
1.999986 5.725000 226.960545 129.934912 5.141340 
1.999986 5.715000 226.960545 129.707951 5.141340 
1.999986 5.705000 226.960545 129.480991 5.141340 
1.999986 5.695000 226.960545 129.254030 5.141340 
1.999986 5.685000 226.960545 129.027070 5.141340 
1.999986 5.675000 226.960545 128.800109 5.141340 
1.999986 5.665000 226.960545 128.573149 5.141340 
1.999986 5.655000 226.960545 128.346188 5.141340 
1.999986 5.645000 226.960545 128.119228 5.141340 
1.999986 5.635000 226.960545 127.892267 5.141340 
1.999986 5.625000 226.960545 127.665307 5.141340 
1.999986 5.615000 226.960545 127.438346 5.141340 
1.999986 5.605000 226.960545 127.211385 5.141340 
1.999986 5.595000 226.960545 126.984425 5.141340 
1.999986 5.585000 226.960545 126.757464 5.141340 
1.999986 5.575000 226.960545 126.530504 5.141340 
1.999986 5.565000 226.960545 126.303543 5.141340 
1.999986 5.555000 226.960545 126.076583 5.141340 
1.999986 5.545000 226.960545 125.849622 5.141340 
1.999986 5.535000 226.960545 125.622662 5.141340 
1.999986 5.525000 226.960545 125.395701 5.141340 
1.999986 5.515000 226.960545 125.168741 5.141340 
1.999986 5.505000 226.960545 124.941780 5.141340 
1.999986 5.495000 226.960545 124.714819 5.141340 
1.999986 5.485000 226.960545 124.487859 5.141340 
1.999986 5.475000 226.960545 124.260898 5.141340 
1.999986 5.465000 226.960545 124.033938 5.141340 
1.999986 5.455000 226.960545 123.806977 5.141340 
1.999986 5.445000 226.960545 123.580017 5.141340 
1.999986 5.435000 226.960545 123.353056 5.141340 
1.999986 5.425000 226.960545 123.126096 5.141340 
1.999986 5.415000 226.960545 122.899135 5.141340 
1.999986 5.405000 226.960545 122.672175 5.141340 
1.999986 5.395000 226.960545 122.445214 5.141340 
1.999986 5.385000 226.960545 122.218253 5.141340 
1.999986 5.375000 226.960545 121.991293 5.141340 
1.999986 5.365000 226.960545 121.764332 5.141340 
1.999986 5.355000 226.960545 121.537372 5.141340 
1.999986 5.345000 226.960545 121.310411 5.141340 
1.999986 5.335000 226.960545 121.083451 5.141340 
1.999986 5.325000 226.960545 120.856490 5.141340 
1.999986 5.315000 226.960545 120.629530 5.141340 
1.999986 5.305000 226.960545 120.402569 5.141340 
1.999986 5.295000 226.960545 120.175609 5.141340 
1.999986 5.285000 226.960545 119.948648 5.141340 
1.999986 5.275000 226.960545 119.721687 5.141340 
1.999986 5.265000 226.960545 119.494727 5.141340 
1.999986 5.255000 226.960545 119.267766 5.141340 
1.999986 5.245000 226.960545 119.040806 5.141340 
1.999986 5.235000 226.960545 118.813845 5.141340 
1.999986 5.225000 226.960545 118.586885 5.141340 
1.999986 5.215000 226.960545 118.359924 5.141340 
1.999986 5.205000 226.960545 118.132964 5.141340 
1.999986 5.195000 226.960545 117.906003 5.141340 
1.999986 5.185000 226.960545 117.679043 5.141340 
1.999986 5.175000 226.960545 117.452082 5.141340 
1.999986 5.165000 226.960545 117.225121 5.141340 
1.999986 5.155000 226.960545 116.998161 5.141340 
1.999986 5.145000 226.960545 116.771200 5.141340 
1.999963 5.135000 226.960545 116.544240 4.824862 
1.999963 5.125000 226.960545 116.317279 4.824862 
1.999963 5.115000 226.960545 116.090319 4.824862 
1.999963 5.105000 226.960545 115.863358 4.824862 
1.999963 5.095000 226.960545 115.636398 4.824862 
1.999963 5.085000 226.960545 115.409437 4.824862 
1.999963 5.075000 226.960545 115.182477 4.824862 
1.999963 5.065000 226.960545 114.955516 4.824862 
1.999963 5.055000 226.960545 114.728555 4.824862 
1.999963 5.045000 226.960545 114.501595 4.824862 
1.999963 5.035000 226.960545 114.274634 4.824862 
1.999963 5.025000 226.960545 114.047674 4.824862 
1.999963 5.015000 226.960545 113.820713 4.824862 
1.999963 5.005000 226.960545 113.593753 4.824862 
1.999963 4.995000 226.960545 113.366792 4.824862 
1.999963 4.985000 226.960545 113.139832 4.824862 
1.999963 4.975000 226.960545 112.912871 4.824862 
1.999963 4.965000 226.960545 112.685911 4.824862 
1.999963 4.955000 226.960545 112.458950 4.824862 
1.999963 4.945000 226.960545 112.231990 4.824862 
1.999963 4.935000 226.960545 112.005029 4.824862 
1.999963 4.925000 226.960545 111.778068 4.824862 
1.999963 4.915000 226.960545 111.551108 4.824862 
1.999963 4.905000 226.960545 111.324147 4.824862 
1.999963 4.895000 226.960545 111.097187 4.824862 
1.999963 4.885000 226.960545 110.870226 4.824862 
1.999963 4.875000 226.960545 110.643266 4.824862 
1.999963 4.865000 226.960545 110.416305 4.824862 
1.999963 4.855000 226.960545 110.189345 4.824862 
1.999963 4.845000 226.960545 109.962384 4.824862 
1.999963 4.835000 226.960545 109.735424 4.824862 
1.999929 4.815000 226.960545 109.281502 4.611125 
1.999929 4.805000 226.960545 109.054542 4.611125 
1.999929 4.795000 226.960545 108.827581 4.611125 
1.999929 4.785000 226.960545 108.600621 4.611125 
1.999929 4.775000 226.960545 108.373660 4.611125 
1.999929 4.765000 226.960545 108.146700 4.611125 
1.999929 4.755000 226.960545 107.919739 4.611125 
1.999929 4.745000 226.960545 107.692779 4.611125 
1.999929 4.735000 226.960545 107.465818 4.611125 
1.999929 4.725000 226.960545 107.238858 4.611125 
1.999929 4.715000 226.960545 107.011897 4.611125 
1.999929 4.705000 226.960545 106.784936 4.611125 
1.999929 4.695000 226.960545 106.557976 4.611125 
1.999929 4.685000 226.960545 106.331015 4.611125 
1.999929 4.675000 226.960545 106.104055 4.611125 
1.999929 4.665000 226.960545 105.877094 4.611125 
1.999929 4.655000 226.960545 105.650134 4.611125 
1.999929 4.645000 226.960545 105.423173 4.611125 
1.999929 4.635000 226.960545 105.196213 4.611125 
1.999929 4.625000 226.960545 104.969252 4.611125 
1.999929 4.615000 226.960545 104.742292 4.611125 
1.999884 4.605000 226.960545 104.515331 4.449521 
1.999884 4.595000 226.960545 104.288370 4.449521 
1.999884 4.585000 226.960545 104.061410 4.449521 
1.999884 4.575000 226.960545 103.834449 4.449521 
1.999884 4.565000 226.960545 103.607489 4.449521 
1.999884 4.555000 226.960545 103.380528 4.449521 
1.999884 4.545000 226.960545 103.153568 4.449521 
1.999884 4.535000 226.960545 102.926607 4.449521 
1.999884 4.525000 226.960545 102.699647 4.449521 
1.999884 4.515000 226.960545 102.472686 4.449521 
1.999884 4.505000 226.960545 102.245726 4.449521 
1.999884 4.495000 226.960545 102.018765 4.449521 
1.999884 4.485000 226.960545 101.791804 4.449521 
1.999884 4.475000 226.960545 101.564844 4.449521 
1.999884 4.465000 226.960545 101.337883 4.449521 
1.999884 4.455000 226.960545 101.110923 4.449521 
1.999829 4.445000 226.960545 100.883962 4.319536 
1.999829 4.435000 226.960545 100.657002 4.319536 
1.999829 4.425000 226.960545 100.430041 4.319536 
1.999829 4.415000 226.960545 100.203081 4.319536 
1.999829 4.405000 226.960545 99.976120 4.319536 
1.999829 4.395000 226.960545 99.749160 4.319536 
1.999829 4.385000 226.960545 99.522199 4.319536 
1.999829 4.375000 226.960545 99.295238 4.319536 
1.999829 4.365000 226.960545 99.068278 4.319536 
1.999829 4.355000 226.960545 98.841317 4.319536 
1.999829 4.345000 226.960545 98.614357 4.319536 
1.999829 4.335000 226.960545 98.387396 4.319536 
1.999829 4.325000 226.960545 98.160436 4.319536 
1.999763 4.315000 226.960545 97.933475 4.210794 
1.999763 4.305000 226.960545 97.706515 4.210794 
1.999763 4.295000 226.960545 97.479554 4.210794 
1.999763 4.285000 226.960545 97.252594 4.210794 
1.999763 4.275000 226.960545 97.025633 4.210794 
1.999763 4.265000 226.960545 96.798672 4.210794 
1.999763 4.255000 226.960545 96.571712 4.210794 
1.999763 4.245000 226.960545 96.344751 4.210794 
1.999763 4.235000 226.960545 96.117791 4.210794 
1.999763 4.225000 226.960545 95.890830 4.210794 
1.999763 4.215000 226.960545 95.663870 4.210794 
1.999686 4.205000 226.960545 95.436909 4.117314 
1.999686 4.195000 226.960545 95.209949 4.117314 
1.999686 4.185000 226.960545 94.982988 4.117314 
1.999686 4.175000 226.960545 94.756028 4.117314 
1.999686 4.165000 226.960545 94.529067 4.117314 
1.999686 4.155000 226.960545 94.302106 4.117314 
1.999686 4.145000 226.960545 94.075146 4.117314 
1.999686 4.135000 226.960545 93.848185 4.117314 
1.999686 4.125000 226.960545 93.621225 4.117314 
1.999598 4.115000 226.960545 93.394264 4.035332 
1.999598 4.105000 226.960545 93.167304 4.035332 
1.999598 4.095000 226.960545 92.940343 4.035332 
1.999598 4.085000 226.960545 92.713383 4.035332 
1.999598 4.075000 226.960545 92.486422 4.035332 
1.999598 4.065000 226.960545 92.259462 4.035332 
1.999598 4.055000 226.960545 92.032501 4.035332 
1.999598 4.045000 226.960545 91.805540 4.035332 
1.999499 4.035000 226.960545 91.578580 3.962324 
1.999499 4.025000 226.960545 91.351619 3.962324 
1.999499 4.015000 226.960545 91.124659 3.962324 
1.999499 4.005000 226.960545 90.897698 3.962324 
1.999499 3.995000 226.960545 90.670738 3.962324 
1.999499 3.985000 226.960545 90.443777 3.962324 
1.999499 3.975000 226.960545 90.216817 3.962324 
1.999499 3.965000 226.960545 89.989856 3.962324 
1.999390 3.955000 226.960545 89.762896 3.896514 
1.999390 3.945000 226.960545 89.535935 3.896514 
1.999390 3.935000 226.960545 89.308974 3.896514 
1.999390 3.925000 226.960545 89.082014 3.896514 
1.999390 3.915000 226.960545 88.855053 3.896514 
1.999390 3.905000 226.960545 88.628093 3.896514 
1.999270 3.895000 226.960545 88.401132 3.836608 
1.999270 3.885000 226.960545 88.174172 3.836608 
1.999270 3.875000 226.960545 87.947211 3.836608 
1.999270 3.865000 226.960545 87.720251 3.836608 
1.999270 3.855000 226.960545 87.493290 3.836608 
1.999270 3.845000 226.960545 87.266330 3.836608 
1.999139 3.835000 226.960545 87.039369 3.781631 
1.999139 3.825000 226.960545 86.812408 3.781631 
1.999139 3.815000 226.960545 86.585448 3.781631 
1.999139 3.805000 226.960545 86.358487 3.781631 
1.999139 3.795000 226.960545 86.131527 3.781631 
1.999139 3.785000 226.960545 85.904566 3.781631 
1.998997 3.775000 226.960545 85.677606 3.730830 
1.998997 3.765000 226.960545 85.450645 3.730830 
1.998997 3.755000 226.960545 85.223685 3.730830 
1.998997 3.745000 226.960545 84.996724 3.730830 
1.998997 3.735000 226.960545 84.769764 3.730830 
1.998845 3.725000 226.960545 84.542803 3.683615 
1.998845 3.715000 226.960545 84.315842 3.683615 
1.998845 3.705000 226.960545 84.088882 3.683615 
1.998845 3.695000 226.960545 83.861921 3.683615 
1.998845 3.685000 226.960545 83.634961 3.683615 
1.998682 3.675000 226.960545 83.408000 3.639510 
1.998682 3.665000 226.960545 83.181040 3.639510 
1.998682 3.655000 226.960545 82.954079 3.639510 
1.998682 3.645000 226.960545 82.727119 3.639510 
1.998508 3.635000 226.960545 82.500158 3.598129 
1.998508 3.625000 226.960545 82.273198 3.598129 
1.998508 3.615000 226.960545 82.046237 3.598129 
1.998508 3.605000 226.960545 81.819276 3.598129 
1.998323 3.595000 226.960545 81.592316 3.559153 
1.998323 3.585000 226.960545 81.365355 3.559153 
1.998323 3.575000 226.960545 81.138395 3.559153 
1.998323 3.565000 226.960545 80.911434 3.559153 
1.998127 3.555000 226.960545 80.684474 3.522317 
1.998127 3.545000 226.960545 80.457513 3.522317 
1.998127 3.535000 226.960545 80.230553 3.522317 
1.998127 3.525000 226.960545 80.003592 3.522317 
1.997921 3.515000 226.960545 79.776632 3.487397 
1.997921 3.505000 226.960545 79.549671 3.487397 
1.997921 3.495000 226.960545 79.322710 3.487397 
1.997704 3.485000 226.960545 79.095750 3.454201 
1.997704 3.475000 226.960545 78.868789 3.454201 
1.997704 3.465000 226.960545 78.641829 3.454201 
1.997704 3.455000 226.960545 78.414868 3.454201 
1.997476 3.445000 226.960545 78.187908 3.422566 
1.997476 3.435000 226.960545 77.960947 3.422566 
1.997476 3.425000 226.960545 77.733987 3.422566 
1.997237 3.415000 226.960545 77.507026 3.392351 
1.997237 3.405000 226.960545 77.280066 3.392351 
1.997237 3.395000 226.960545 77.053105 3.392351 
1.996988 3.385000 226.960545 76.826144 3.363432 
1.996988 3.375000 226.960545 76.599184 3.363432 
1.996988 3.365000 226.960545 76.372223 3.363432 
1.996728 3.355000 226.960545 76.145263 3.335701 
1.996728 3.345000 226.960545 75.918302 3.335701 
1.996456 3.335000 226.960545 75.691342 3.309064 
1.996456 3.325000 226.960545 75.464381 3.309064 
1.996456 3.315000 226.960545 75.237421 3.309064 
1.996174 3.305000 226.960545 75.010460 3.283437 
1.996174 3.295000 226.960545 74.783500 3.283437 
1.996174 3.285000 226.960545 74.556539 3.283437 
1.995882 3.275000 226.960545 74.329578 3.258744 
1.995882 3.265000 226.960545 74.102618 3.258744 
1.995578 3.255000 226.960545 73.875657 3.234920 
1.995578 3.245000 226.960545 73.648697 3.234920 
1.995578 3.235000 226.960545 73.421736 3.234920 
1.995264 3.225000 226.960545 73.194776 3.211903 
1.995264 3.215000 226.960545 72.967815 3.211903 
1.994939 3.205000 226.960545 72.740855 3.189641 
1.994939 3.195000 226.960545 72.513894 3.189641 
1.994603 3.185000 226.960545 72.286934 3.168084 
1.994603 3.175000 226.960545 72.059973 3.168084 
1.994256 3.165000 226.960545 71.833012 3.147188 
1.994256 3.155000 226.960545 71.606052 3.147188 
1.993899 3.145000 226.960545 71.379091 3.126913 
1.993899 3.135000 226.960545 71.152131 3.126913 
1.993530 3.125000 226.960545 70.925170 3.107222 
1.993530 3.115000 226.960545 70.698210 3.107222 
1.993151 3.105000 226.960545 70.471249 3.088082 
1.993151 3.095000 226.960545 70.244289 3.088082 
1.992761 3.085000 226.960545 70.017328 3.069462 
1.992761 3.075000 226.960545 69.790368 3.069462 
1.992360 3.065000 226.960545 69.563407 3.051334 
1.992360 3.055000 226.960545 69.336446 3.051334 
1.991948 3.045000 226.960545 69.109486 3.033671 
1.991948 3.035000 226.960545 68.882525 3.033671 
1.991526 3.025000 226.960545 68.655565 3.016450 
1.991093 3.015000 226.960545 68.428604 2.999648 
1.991093 3.005000 226.960545 68.201644 2.999648 
1.990648 2.995000 226.960545 67.974683 2.983245 
1.990648 2.985000 226.960545 67.747723 2.983245 
1.990193 2.975000 226.960545 67.520762 2.967222 
1.989728 2.965000 226.960545 67.293802 2.951561 
1.989728 2.955000 226.960545 67.066841 2.951561 
1.989251 2.945000 226.960545 66.839881 2.936244 
1.988763 2.935000 226.960545 66.612920 2.921257 
1.988763 2.925000 226.960545 66.385959 2.921257 
1.988265 2.915000 226.960545 66.158999 2.906586 
1.987756 2.905000 226.960545 65.932038 2.892215 
1.987756 2.895000 226.960545 65.705078 2.892215 
1.987235 2.885000 226.960545 65.478117 2.878134 
1.986704 2.875000 226.960545 65.251157 2.864330 
1.986704 2.865000 226.960545 65.024196 2.864330 
1.986163 2.855000 226.960545 64.797236 2.850791 
1.985610 2.845000 226.960545 64.570275 2.837507 
1.985046 2.835000 226.960545 64.343315 2.824468 
1.985046 2.825000 226.960545 64.116354 2.824468 
1.984472 2.815000 226.960545 63.889393 2.811664 
1.983886 2.805000 226.960545 63.662433 2.799088 
1.983290 2.795000 226.960545 63.435472 2.786729 
1.982683 2.785000 226.960545 63.208512 2.774581 
1.982683 2.775000 226.960545 62.981551 2.774581 
1.982065 2.765000 226.960545 62.754591 2.762636 
1.981436 2.755000 226.960545 62.527630 2.750887 
1.980796 2.745000 226.960545 62.300670 2.739326 
1.980145 2.735000 226.960545 62.073709 2.727948 
1.979484 2.725000 226.960545 61.846749 2.716746 
1.978811 2.715000 226.960545 61.619788 2.705714 
1.978127 2.705000 226.960545 61.392827 2.694848 
1.978127 2.695000 226.960545 61.165867 2.694848 
1.977433 2.685000 226.960545 60.938906 2.684141 
1.976727 2.675000 226.960545 60.711946 2.673588 
1.976011 2.665000 226.960545 60.484985 2.663185 
1.975284 2.655000 226.960545 60.258025 2.652927 
1.974545 2.645000 226.960545 60.031064 2.642810 
1.973796 2.635000 226.960545 59.804104 2.632829 
1.973036 2.625000 226.960545 59.577143 2.622980 
1.972265 2.615000 226.960545 59.350183 2.613260 
1.971483 2.605000 226.960545 59.123222 2.603665 
1.970690 2.595000 226.960545 58.896261 2.594191 
1.969886 2.585000 226.960545 58.669301 2.584835 
1.968244 2.575000 226.960545 58.442340 2.566463 
1.967407 2.565000 226.960545 58.215380 2.557441 
1.966559 2.555000 226.960545 57.988419 2.548525 
1.965700 2.545000 226.960545 57.761459 2.539711 
1.964830 2.535000 226.960545 57.534498 2.530997 
1.963949 2.525000 226.960545 57.307538 2.522381 
1.963056 2.515000 226.960545 57.080577 2.513859 
1.961239 2.505000 226.960545 56.853617 2.497091 
1.960314 2.495000 226.960545 56.626656 2.488839 
1.959377 2.485000 226.960545 56.399695 2.480674 
1.958430 2.475000 226.960545 56.172735 2.472591 
1.957471 2.465000 226.960545 55.945774 2.464591 
1.955521 2.455000 226.960545 55.718814 2.448827 
1.954529 2.445000 226.960545 55.491853 2.441059 
1.953526 2.435000 226.960545 55.264893 2.433366 
1.951487 2.425000 226.960545 55.037932 2.418195 
1.950450 2.415000 226.960545 54.810972 2.410714 
1.949403 2.405000 226.960545 54.584011 2.403300 
1.947274 2.395000 226.960545 54.357051 2.388670 
1.946193 2.385000 226.960545 54.130090 2.381450 
1.945101 2.375000 226.960545 53.903129 2.374292 
1.942884 2.365000 226.960545 53.676169 2.360156 
1.941758 2.355000 226.960545 53.449208 2.353175 
1.939473 2.345000 226.960545 53.222248 2.339383 
1.938314 2.335000 226.960545 52.995287 2.332569 
1.935961 2.325000 226.960545 52.768327 2.319099 
1.934768 2.315000 226.960545 52.541366 2.312441 
1.932349 2.305000 226.960545 52.314406 2.299274 
1.931122 2.295000 226.960545 52.087445 2.292762 
1.928634 2.285000 226.960545 51.860485 2.279880 
1.927373 2.275000 226.960545 51.633524 2.273507 
1.924818 2.265000 226.960545 51.406563 2.260894 
1.923523 2.255000 226.960545 51.179603 2.254651 
1.920900 2.245000 226.960545 50.952642 2.242290 
1.918231 2.235000 226.960545 50.725682 2.230090 
1.916880 2.225000 226.960545 50.498721 2.224048 
1.914142 2.215000 226.960545 50.271761 2.212078 
1.911360 2.205000 226.960545 50.044800 2.200253 
1.909951 2.195000 226.960545 49.817840 2.194394 
1.907099 2.185000 226.960545 49.590879 2.182778 
1.904202 2.175000 226.960545 49.363919 2.171296 
1.901258 2.165000 226.960545 49.136958 2.159941 
1.899769 2.155000 226.960545 48.909997 2.154311 
1.896757 2.145000 226.960545 48.683037 2.143140 
1.893698 2.135000 226.960545 48.456076 2.132087 
1.890593 2.125000 226.960545 48.229116 2.121146 
1.887441 2.115000 226.960545 48.002155 2.110314 
1.885848 2.105000 226.960545 47.775195 2.104938 
1.882627 2.095000 226.960545 47.548234 2.094262 
1.879358 2.085000 226.960545 47.321274 2.083686 
1.876044 2.075000 226.960545 47.094313 2.073206 
1.872682 2.065000 226.960545 46.867353 2.062819 
1.869273 2.055000 226.960545 46.640392 2.052521 
1.865817 2.045000 226.960545 46.413431 2.042310 
1.862314 2.035000 226.960545 46.186471 2.032182 
1.858763 2.025000 226.960545 45.959510 2.022135 
1.855165 2.015000 226.960545 45.732550 2.012165 
1.851520 2.005000 226.960545 45.505589 2.002271 
1.847826 1.995000 226.960545 45.278629 1.992449 
1.844085 1.985000 226.960545 45.051668 1.982696 
1.840296 1.975000 226.960545 44.824708 1.973011 
1.836459 1.965000 226.960545 44.597747 1.963391 
1.832573 1.955000 226.960545 44.370787 1.953834 
1.828639 1.945000 226.960545 44.143826 1.944337 
1.824657 1.935000 226.960545 43.916865 1.934898 
1.818592 1.925000 226.960545 43.689905 1.920844 
1.814488 1.915000 226.960545 43.462944 1.911542 
1.810335 1.905000 226.960545 43.235984 1.902291 
1.806133 1.895000 226.960545 43.009023 1.893089 
1.801881 1.885000 226.960545 42.782063 1.883934 
1.797580 1.875000 226.960545 42.555102 1.874824 
1.791035 1.865000 226.960545 42.328142 1.861241 
1.786610 1.855000 226.960545 42.101181 1.852237 
1.782134 1.845000 226.960545 41.874221 1.843272 
1.777608 1.835000 226.960545 41.647260 1.834346 
1.770726 1.825000 226.960545 41.420299 1.821022 
1.766074 1.815000 226.960545 41.193339 1.812182 
1.761371 1.805000 226.960545 40.966378 1.803375 
1.756618 1.795000 226.960545 40.739418 1.794598 
1.749392 1.785000 226.960545 40.512457 1.781486 
1.744510 1.775000 226.960545 40.285497 1.772779 
1.739577 1.765000 226.960545 40.058536 1.764098 
1.732080 1.755000 226.960545 39.831576 1.751120 
1.727017 1.745000 226.960545 39.604615 1.742497 
1.721902 1.735000 226.960545 39.377655 1.733894 
1.714130 1.725000 226.960545 39.150694 1.721026 
1.708884 1.715000 226.960545 38.923733 1.712469 
1.703584 1.705000 226.960545 38.696773 1.703929 
1.695534 1.695000 226.960545 38.469812 1.691146 
1.690101 1.685000 226.960545 38.242852 1.682640 
1.684614 1.675000 226.960545 38.015891 1.674147 
1.676282 1.665000 226.960545 37.788931 1.661426 
1.670660 1.655000 226.960545 37.561970 1.652957 
1.664983 1.645000 226.960545 37.335010 1.644495 
1.656365 1.635000 226.960545 37.108049 1.631814 
1.650551 1.625000 226.960545 36.881089 1.623367 
1.644681 1.615000 226.960545 36.654128 1.614922 
1.635772 1.605000 226.960545 36.427167 1.602260 
1.629763 1.595000 226.960545 36.200207 1.593820 
1.620643 1.585000 226.960545 35.973246 1.581158 
1.614492 1.575000 226.960545 35.746286 1.572714 
1.608284 1.565000 226.960545 35.519325 1.564267 
1.598865 1.555000 226.960545 35.292365 1.551587 
1.592514 1.545000 226.960545 35.065404 1.543126 
1.586104 1.535000 226.960545 34.838444 1.534658 
1.576380 1.525000 226.960545 34.611483 1.521939 
1.569824 1.515000 226.960545 34.384523 1.513447 
1.563209 1.505000 226.960545 34.157562 1.504944 
1.553175 1.495000 226.960545 33.930601 1.492165 
1.546411 1.485000 226.960545 33.703641 1.483628 
1.536151 1.475000 226.960545 33.476680 1.470792 
1.529236 1.465000 226.960545 33.249720 1.462214 
1.522259 1.455000 226.960545 33.022759 1.453617 
1.511679 1.445000 226.960545 32.795799 1.440685 
1.504548 1.435000 226.960545 32.568838 1.432036 
1.497355 1.425000 226.960545 32.341878 1.423365 
1.490099 1.415000 226.960545 32.114917 1.414670 
1.479096 1.405000 226.960545 31.887957 1.401578 
1.471681 1.395000 226.960545 31.660996 1.392817 
1.464203 1.385000 226.960545 31.434035 1.384027 
1.452863 1.375000 226.960545 31.207075 1.370786 
1.445222 1.365000 226.960545 30.980114 1.361918 
1.437515 1.355000 226.960545 30.753154 1.353017 
1.429743 1.345000 226.960545 30.526193 1.344082 
1.417959 1.335000 226.960545 30.299233 1.330610 
1.410019 1.325000 226.960545 30.072272 1.321581 
1.402011 1.315000 226.960545 29.845312 1.312512 
1.393935 1.305000 226.960545 29.618351 1.303402 
1.385791 1.295000 226.960545 29.391391 1.294249 
1.373444 1.285000 226.960545 29.164430 1.280436 
1.365126 1.275000 226.960545 28.937469 1.271168 
1.356737 1.265000 226.960545 28.710509 1.261852 
1.348277 1.255000 226.960545 28.483548 1.252485 
1.339746 1.245000 226.960545 28.256588 1.243067 
1.331142 1.235000 226.960545 28.029627 1.233594 
1.322466 1.225000 226.960545 27.802667 1.224066 
1.313716 1.215000 226.960545 27.575706 1.214480 
1.304893 1.205000 226.960545 27.348746 1.204835 
1.291517 1.195000 226.960545 27.121785 1.190251 
1.282506 1.185000 226.960545 26.894825 1.180448 
1.273419 1.175000 226.960545 26.667864 1.170578 
1.264255 1.165000 226.960545 26.440903 1.160640 
1.255014 1.155000 226.960545 26.213943 1.150630 
1.245694 1.145000 226.960545 25.986982 1.140547 
1.236295 1.135000 226.960545 25.760022 1.130389 
1.226817 1.125000 226.960545 25.533061 1.120152 
1.217259 1.115000 226.960545 25.306101 1.109834 
1.212449 1.105000 226.960545 25.079140 1.104644 
1.202768 1.095000 226.960545 24.852180 1.094200 
1.193006 1.085000 226.960545 24.625219 1.083669 
1.183159 1.075000 226.960545 24.398259 1.073048 
1.173229 1.065000 226.960545 24.171298 1.062334 
1.163215 1.055000 226.960545 23.944337 1.051523 
1.153114 1.045000 226.960545 23.717377 1.040613 
1.142927 1.035000 226.960545 23.490416 1.029600 
1.137801 1.025000 226.960545 23.263456 1.024055 
1.127482 1.015000 226.960545 23.036495 1.012882 
1.117074 1.005000 226.960545 22.809535 1.001598 
1.106576 0.995000 226.960545 22.582574 0.990199 
1.101293 0.985000 226.960545 22.355614 0.984455 
1.090658 0.975000 226.960545 22.128653 0.972876 
1.079931 0.965000 226.960545 21.901693 0.961173 
1.069110 0.955000 226.960545 21.674732 0.949340 
1.063664 0.945000 226.960545 21.447772 0.943374 
1.052701 0.935000 226.960545 21.220811 0.931339 
1.041641 0.925000 226.960545 20.993850 0.919164 
1.036075 0.915000 226.960545 20.766890 0.913022 
1.024868 0.905000 226.960545 20.539929 0.900627 
1.019227 0.895000 226.960545 20.312969 0.894372 
1.007870 0.885000 226.960545 20.086008 0.881744 
0.996412 0.875000 226.960545 19.859048 0.868955 
0.990644 0.865000 226.960545 19.632087 0.862498 
0.979031 0.855000 226.960545 19.405127 0.849455 
0.973185 0.845000 226.960545 19.178166 0.842868 
0.961414 0.835000 226.960545 18.951206 0.829556 
0.955488 0.825000 226.960545 18.724245 0.822831 
0.943556 0.815000 226.960545 18.497284 0.809237 
0.937549 0.805000 226.960545 18.270324 0.802366 
0.925451 0.795000 226.960545 18.043363 0.788471 
0.919361 0.785000 226.960545 17.816403 0.781446 
0.913242 0.775000 226.960545 17.589442 0.774367 
0.900919 0.765000 226.960545 17.362482 0.760044 
0.894714 0.755000 226.960545 17.135521 0.752798 
0.882217 0.745000 226.960545 16.908561 0.738131 
0.875925 0.735000 226.960545 16.681600 0.730708 
0.869602 0.725000 226.960545 16.454640 0.723223 
0.856867 0.715000 226.960545 16.227679 0.708063 
0.850454 0.705000 226.960545 16.000718 0.700385 
0.844010 0.695000 226.960545 15.773758 0.692640 
0.837535 0.685000 226.960545 15.546797 0.684827 
0.824491 0.675000 226.960545 15.319837 0.668989 
0.817921 0.665000 226.960545 15.092876 0.660961 
0.811319 0.655000 226.960545 14.865916 0.652858 
0.804685 0.645000 226.960545 14.638955 0.644679 
0.791318 0.635000 226.960545 14.411995 0.628084 
0.784585 0.625000 226.960545 14.185034 0.619664 
0.777818 0.615000 226.960545 13.958074 0.611161 
0.771017 0.605000 226.960545 13.731113 0.602572 
0.764182 0.595000 226.960545 13.504152 0.593895 
0.750408 0.585000 226.960545 13.277192 0.576268 
0.743468 0.575000 226.960545 13.050231 0.567314 
0.736493 0.565000 226.960545 12.823271 0.558263 
0.729481 0.555000 226.960545 12.596310 0.549112 
0.722433 0.545000 226.960545 12.369350 0.539860 
0.715349 0.535000 226.960545 12.142389 0.530502 
0.708227 0.525000 226.960545 11.915429 0.521038 
0.701068 0.515000 226.960545 11.688468 0.511463 
0.693871 0.505000 226.960545 11.461508 0.501774 
0.686636 0.495000 226.960545 11.234547 0.491969 
0.679362 0.485000 226.960545 11.007586 0.482045 
0.672049 0.475000 226.960545 10.780626 0.471997 
0.664696 0.465000 226.960545 10.553665 0.461824 
0.657304 0.455000 226.960545 10.326705 0.451520 
0.649870 0.445000 226.960545 10.099744 0.441082 
0.642396 0.435000 226.960545 9.872784 0.430506 
0.634880 0.425000 226.960545 9.645823 0.419788 
0.627323 0.415000 226.960545 9.418863 0.408924 
0.619723 0.405000 226.960545 9.191902 0.397909 
0.612080 0.395000 226.960545 8.964942 0.386738 
0.604393 0.385000 226.960545 8.737981 0.375407 
0.596662 0.375000 226.960545 8.511020 0.363911 
0.596662 0.365000 226.960545 8.284060 0.363911 
0.588887 0.355000 226.960545 8.057099 0.352243 
0.581066 0.345000 226.960545 7.830139 0.340399 
0.573200 0.335000 226.960545 7.603178 0.328372 
0.565287 0.325000 226.960545 7.376218 0.316155 
0.557327 0.315000 226.960545 7.149257 0.303744 
0.557327 0.305000 226.960545 6.922297 0.303744 
0.549319 0.295000 226.960545 6.695336 0.291130 
0.541263 0.285000 226.960545 6.468376 0.278306 
0.533158 0.275000 226.960545 6.241415 0.265264 
0.525003 0.265000 226.960545 6.014454 0.251997 
0.525003 0.255000 226.960545 5.787494 0.251997 
0.516798 0.245000 226.960545 5.560533 0.238496 
0.508541 0.235000 226.960545 5.333573 0.224751 
0.508541 0.225000 226.960545 5.106612 0.224751 
0.500232 0.215000 226.960545 4.879652 0.210754 
0.491870 0.205000 226.960545 4.652691 0.196494 
0.483455 0.195000 226.960545 4.425731 0.181960 
0.483455 0.185000 226.960545 4.198770 0.181960 
0.474985 0.175000 226.960545 3.971810 0.167141 
0.466460 0.165000 226.960545 3.744849 0.152024 
0.466460 0.155000 226.960545 3.517888 0.152024 
0.457878 0.145000 226.960545 3.290928 0.136598 
0.449239 0.135000 226.960545 3.063967 0.120847 
0.449239 0.125000 226.960545 2.837007 0.120847 
0.440542 0.115000 226.960545 2.610046 0.104757 
0.440542 0.105000 226.960545 2.383086 0.104757 
0.431785 0.095000 226.960545 2.156125 0.088313 
0.422968 0.085000 226.960545 1.929165 0.071498 
0.422968 0.075000 226.960545 1.702204 0.071498 
0.414090 0.065000 226.960545 1.475244 0.054293 
0.414090 0.055000 226.960545 1.248283 0.054293 
0.405149 0.045000 226.960545 1.021322 0.036679 
0.396144 0.035000 226.960545 0.794362 0.018636 
0.396144 0.025000 226.960545 0.567401 0.018636 
0.387075 0.015000 226.960545 0.340441 0.000141 
