1.999998 9.985000 10.143076 10.127861 5.302799 
1.999998 9.975000 10.143076 10.117718 5.302799 
1.999998 9.965000 10.143076 10.107575 5.302799 
1.999998 9.955000 10.143076 10.097432 5.302799 
1.999998 9.945000 10.143076 10.087289 5.302799 
1.999998 9.935000 10.143076 10.077146 5.302799 
1.999998 9.925000 10.143076 10.067003 5.302799 
1.999998 9.915000 10.143076 10.056860 5.302799 
1.999998 9.905000 10.143076 10.046717 5.302799 
1.999998 9.895000 10.143076 10.036573 5.302799 
1.999998 9.885000 10.143076 10.026430 5.302799 
1.999998 9.875000 10.143076 10.016287 5.302799 
1.999998 9.865000 10.143076 10.006144 5.302799 
1.999998 9.855000 10.143076 9.996001 5.302799 
1.999998 9.845000 10.143076 9.985858 5.302799 
1.999998 9.835000 10.143076 9.975715 5.302799 
1.999998 9.825000 10.143076 9.965572 5.302799 
1.999998 9.815000 10.143076 9.955429 5.302799 
1.999998 9.805000 10.143076 9.945286 5.302799 
1.999998 9.795000 10.143076 9.935143 5.302799 
1.999998 9.785000 10.143076 9.925000 5.302799 
1.999998 9.775000 10.143076 9.914857 5.302799 
1.999998 9.765000 10.143076 9.904713 5.302799 
1.999998 9.755000 10.143076 9.894570 5.302799 
1.999998 9.745000 10.143076 9.884427 5.302799 
1.999998 9.735000 10.143076 9.874284 5.302799 
1.999998 9.725000 10.143076 9.864141 5.302799 
1.999998 9.715000 10.143076 9.853998 5.302799 
1.999998 9.705000 10.143076 9.843855 5.302799 
1.999998 9.695000 10.143076 9.833712 5.302799 
1.999998 9.685000 10.143076 9.823569 5.302799 
1.999998 9.675000 10.143076 9.813426 5.302799 
1.999998 9.665000 10.143076 9.803283 5.302799 
1.999998 9.655000 10.143076 9.793140 5.302799 
1.999998 9.645000 10.143076 9.782997 5.302799 
1.999998 9.635000 10.143076 9.772853 5.302799 
1.999998 9.625000 10.143076 9.762710 5.302799 
1.999998 9.615000 10.143076 9.752567 5.302799 
1.999998 9.605000 10.143076 9.742424 5.302799 
1.999998 9.595000 10.143076 9.732281 5.302799 
1.999998 9.585000 10.143076 9.722138 5.302799 
1.999998 9.575000 10.143076 9.711995 5.302799 
1.999998 9.565000 10.143076 9.701852 5.302799 
1.999998 9.555000 10.143076 9.691709 5.302799 
1.999998 9.545000 10.143076 9.681566 5.302799 
1.999998 9.535000 10.143076 9.671423 5.302799 
1.999998 9.525000 10.143076 9.661280 5.302799 
1.999998 9.515000 10.143076 9.651137 5.302799 
1.999998 9.505000 10.143076 9.640994 5.302799 
1.999998 9.495000 10.143076 9.630850 5.302799 
1.999998 9.485000 10.143076 9.620707 5.302799 
1.999998 9.475000 10.143076 9.610564 5.302799 
1.999998 9.465000 10.143076 9.600421 5.302799 
1.999998 9.455000 10.143076 9.590278 5.302799 
1.999998 9.445000 10.143076 9.580135 5.302799 
1.999998 9.435000 10.143076 9.569992 5.302799 
1.999998 9.425000 10.143076 9.559849 5.302799 
1.999998 9.415000 10.143076 9.549706 5.302799 
1.999998 9.405000 10.143076 9.539563 5.302799 
1.999998 9.395000 10.143076 9.529420 5.302799 
1.999998 9.385000 10.143076 9.519277 5.302799 
1.999998 9.375000 10.143076 9.509134 5.302799 
1.999998 9.365000 10.143076 9.498990 5.302799 
1.999998 9.355000 10.143076 9.488847 5.302799 
1.999998 9.345000 10.143076 9.478704 5.302799 
1.999998 9.335000 10.143076 9.468561 5.302799 
1.999998 9.325000 10.143076 9.458418 5.302799 
1.999998 9.315000 10.143076 9.448275 5.302799 
1.999998 9.305000 10.143076 9.438132 5.302799 
1.999998 9.295000 10.143076 9.427989 5.302799 
1.999998 9.285000 10.143076 9.417846 5.302799 
1.999998 9.275000 10.143076 9.407703 5.302799 
1.999998 9.265000 10.143076 9.397560 5.302799 
1.999998 9.255000 10.143076 9.387417 5.302799 
1.999998 9.245000 10.143076 9.377274 5.302799 
1.999998 9.235000 10.143076 9.367130 5.302799 
1.999998 9.225000 10.143076 9.356987 5.302799 
1.999998 9.215000 10.143076 9.346844 5.302799 
1.999998 9.205000 10.143076 9.336701 5.302799 
1.999998 9.195000 10.143076 9.326558 5.302799 
1.999998 9.185000 10.143076 9.316415 5.302799 
1.999998 9.175000 10.143076 9.306272 5.302799 
1.999998 9.165000 10.143076 9.296129 5.302799 
1.999998 9.155000 10.143076 9.285986 5.302799 
1.999998 9.145000 10.143076 9.275843 5.302799 
1.999998 9.135000 10.143076 9.265700 5.302799 
1.999998 9.125000 10.143076 9.255557 5.302799 
1.999998 9.115000 10.143076 9.245414 5.302799 
1.999998 9.105000 10.143076 9.235270 5.302799 
1.999998 9.095000 10.143076 9.225127 5.302799 
1.999998 9.085000 10.143076 9.214984 5.302799 
1.999998 9.075000 10.143076 9.204841 5.302799 
1.999998 9.065000 10.143076 9.194698 5.302799 
1.999998 9.055000 10.143076 9.184555 5.302799 
1.999998 9.045000 10.143076 9.174412 5.302799 
1.999998 9.035000 10.143076 9.164269 5.302799 
1.999998 9.025000 10.143076 9.154126 5.302799 
1.999998 9.015000 10.143076 9.143983 5.302799 
1.999998 9.005000 10.143076 9.133840 5.302799 
1.999998 8.995000 10.143076 9.123697 5.302799 
1.999998 8.985000 10.143076 9.113554 5.302799 
1.999998 8.975000 10.143076 9.103410 5.302799 
1.999998 8.965000 10.143076 9.093267 5.302799 
1.999998 8.955000 10.143076 9.083124 5.302799 
1.999998 8.945000 10.143076 9.072981 5.302799 
1.999998 8.935000 10.143076 9.062838 5.302799 
1.999998 8.925000 10.143076 9.052695 5.302799 
1.999998 8.915000 10.143076 9.042552 5.302799 
1.999998 8.905000 10.143076 9.032409 5.302799 
1.999998 8.895000 10.143076 9.022266 5.302799 
1.999998 8.885000 10.143076 9.012123 5.302799 
1.999998 8.875000 10.143076 9.001980 5.302799 
1.999998 8.865000 10.143076 8.991837 5.302799 
1.999998 8.855000 10.143076 8.981694 5.302799 
1.999998 8.845000 10.143076 8.971551 5.302799 
1.999998 8.835000 10.143076 8.961407 5.302799 
1.999998 8.825000 10.143076 8.951264 5.302799 
1.999998 8.815000 10.143076 8.941121 5.302799 
1.999998 8.805000 10.143076 8.930978 5.302799 
1.999998 8.795000 10.143076 8.920835 5.302799 
1.999998 8.785000 10.143076 8.910692 5.302799 
1.999998 8.775000 10.143076 8.900549 5.302799 
1.999998 8.765000 10.143076 8.890406 5.302799 
1.999998 8.755000 10.143076 8.880263 5.302799 
1.999998 8.745000 10.143076 8.870120 5.302799 
1.999998 8.735000 10.143076 8.859977 5.302799 
1.999998 8.725000 10.143076 8.849834 5.302799 
1.999998 8.715000 10.143076 8.839691 5.302799 
1.999998 8.705000 10.143076 8.829547 5.302799 
1.999998 8.695000 10.143076 8.819404 5.302799 
1.999998 8.685000 10.143076 8.809261 5.302799 
1.999998 8.675000 10.143076 8.799118 5.302799 
1.999998 8.665000 10.143076 8.788975 5.302799 
1.999998 8.655000 10.143076 8.778832 5.302799 
1.999998 8.645000 10.143076 8.768689 5.302799 
1.999998 8.635000 10.143076 8.758546 5.302799 
1.999998 8.625000 10.143076 8.748403 5.302799 
1.999998 8.615000 10.143076 8.738260 5.302799 
1.999998 8.605000 10.143076 8.728117 5.302799 
1.999998 8.595000 10.143076 8.717974 5.302799 
1.999998 8.585000 10.143076 8.707831 5.302799 
1.999998 8.575000 10.143076 8.697687 5.302799 
1.999998 8.565000 10.143076 8.687544 5.302799 
1.999998 8.555000 10.143076 8.677401 5.302799 
1.999998 8.545000 10.143076 8.667258 5.302799 
1.999998 8.535000 10.143076 8.657115 5.302799 
1.999998 8.525000 10.143076 8.646972 5.302799 
1.999998 8.515000 10.143076 8.636829 5.302799 
1.999998 8.505000 10.143076 8.626686 5.302799 
1.999998 8.495000 10.143076 8.616543 5.302799 
1.999998 8.485000 10.143076 8.606400 5.302799 
1.999998 8.475000 10.143076 8.596257 5.302799 
1.999998 8.465000 10.143076 8.586114 5.302799 
1.999998 8.455000 10.143076 8.575971 5.302799 
1.999998 8.445000 10.143076 8.565827 5.302799 
1.999998 8.435000 10.143076 8.555684 5.302799 
1.999998 8.425000 10.143076 8.545541 5.302799 
1.999998 8.415000 10.143076 8.535398 5.302799 
1.999998 8.405000 10.143076 8.525255 5.302799 
1.999998 8.395000 10.143076 8.515112 5.302799 
1.999998 8.385000 10.143076 8.504969 5.302799 
1.999998 8.375000 10.143076 8.494826 5.302799 
1.999998 8.365000 10.143076 8.484683 5.302799 
1.999998 8.355000 10.143076 8.474540 5.302799 
1.999998 8.345000 10.143076 8.464397 5.302799 
1.999998 8.335000 10.143076 8.454254 5.302799 
1.999998 8.325000 10.143076 8.444111 5.302799 
1.999998 8.315000 10.143076 8.433967 5.302799 
1.999998 8.305000 10.143076 8.423824 5.302799 
1.999998 8.295000 10.143076 8.413681 5.302799 
1.999998 8.285000 10.143076 8.403538 5.302799 
1.999998 8.275000 10.143076 8.393395 5.302799 
1.999998 8.265000 10.143076 8.383252 5.302799 
1.999998 8.255000 10.143076 8.373109 5.302799 
1.999998 8.245000 10.143076 8.362966 5.302799 
1.999998 8.235000 10.143076 8.352823 5.302799 
1.999998 8.225000 10.143076 8.342680 5.302799 
1.999998 8.215000 10.143076 8.332537 5.302799 
1.999998 8.205000 10.143076 8.322394 5.302799 
1.999998 8.195000 10.143076 8.312251 5.302799 
1.999998 8.185000 10.143076 8.302108 5.302799 
1.999998 8.175000 10.143076 8.291964 5.302799 
1.999998 8.165000 10.143076 8.281821 5.302799 
1.999998 8.155000 10.143076 8.271678 5.302799 
1.999998 8.145000 10.143076 8.261535 5.302799 
1.999998 8.135000 10.143076 8.251392 5.302799 
1.999998 8.125000 10.143076 8.241249 5.302799 
1.999998 8.115000 10.143076 8.231106 5.302799 
1.999998 8.105000 10.143076 8.220963 5.302799 
1.999998 8.095000 10.143076 8.210820 5.302799 
1.999998 8.085000 10.143076 8.200677 5.302799 
1.999998 8.075000 10.143076 8.190534 5.302799 
1.999998 8.065000 10.143076 8.180391 5.302799 
1.999998 8.055000 10.143076 8.170248 5.302799 
1.999998 8.045000 10.143076 8.160104 5.302799 
1.999998 8.035000 10.143076 8.149961 5.302799 
1.999998 8.025000 10.143076 8.139818 5.302799 
1.999998 8.015000 10.143076 8.129675 5.302799 
1.999998 8.005000 10.143076 8.119532 5.302799 
1.999998 7.995000 10.143076 8.109389 5.302799 
1.999998 7.985000 10.143076 8.099246 5.302799 
1.999998 7.975000 10.143076 8.089103 5.302799 
1.999998 7.965000 10.143076 8.078960 5.302799 
1.999998 7.955000 10.143076 8.068817 5.302799 
1.999998 7.945000 10.143076 8.058674 5.302799 
1.999998 7.935000 10.143076 8.048531 5.302799 
1.999998 7.925000 10.143076 8.038388 5.302799 
1.999998 7.915000 10.143076 8.028244 5.302799 
1.999998 7.905000 10.143076 8.018101 5.302799 
1.999998 7.895000 10.143076 8.007958 5.302799 
1.999998 7.885000 10.143076 7.997815 5.302799 
1.999998 7.875000 10.143076 7.987672 5.302799 
1.999998 7.865000 10.143076 7.977529 5.302799 
1.999998 7.855000 10.143076 7.967386 5.302799 
1.999998 7.845000 10.143076 7.957243 5.302799 
1.999998 7.835000 10.143076 7.947100 5.302799 
1.999998 7.825000 10.143076 7.936957 5.302799 
1.999998 7.815000 10.143076 7.926814 5.302799 
1.999998 7.805000 10.143076 7.916671 5.302799 
1.999998 7.795000 10.143076 7.906528 5.302799 
1.999998 7.785000 10.143076 7.896384 5.302799 
1.999998 7.775000 10.143076 7.886241 5.302799 
1.999998 7.765000 10.143076 7.876098 5.302799 
1.999998 7.755000 10.143076 7.865955 5.302799 
1.999998 7.745000 10.143076 7.855812 5.302799 
1.999998 7.735000 10.143076 7.845669 5.302799 
1.999998 7.725000 10.143076 7.835526 5.302799 
1.999998 7.715000 10.143076 7.825383 5.302799 
1.999998 7.705000 10.143076 7.815240 5.302799 
1.999998 7.695000 10.143076 7.805097 5.302799 
1.999998 7.685000 10.143076 7.794954 5.302799 
1.999998 7.675000 10.143076 7.784811 5.302799 
1.999998 7.665000 10.143076 7.774668 5.302799 
1.999998 7.655000 10.143076 7.764524 5.302799 
1.999998 7.645000 10.143076 7.754381 5.302799 
1.999998 7.635000 10.143076 7.744238 5.302799 
1.999998 7.625000 10.143076 7.734095 5.302799 
1.999998 7.615000 10.143076 7.723952 5.302799 
1.999998 7.605000 10.143076 7.713809 5.302799 
1.999998 7.595000 10.143076 7.703666 5.302799 
1.999998 7.585000 10.143076 7.693523 5.302799 
1.999998 7.575000 10.143076 7.683380 5.302799 
1.999998 7.565000 10.143076 7.673237 5.302799 
1.999998 7.555000 10.143076 7.663094 5.302799 
1.999998 7.545000 10.143076 7.652951 5.302799 
1.999998 7.535000 10.143076 7.642808 5.302799 
1.999998 7.525000 10.143076 7.632665 5.302799 
1.999998 7.515000 10.143076 7.622521 5.302799 
1.999998 7.505000 10.143076 7.612378 5.302799 
1.999998 7.495000 10.143076 7.602235 5.302799 
1.999998 7.485000 10.143076 7.592092 5.302799 
1.999998 7.475000 10.143076 7.581949 5.302799 
1.999998 7.465000 10.143076 7.571806 5.302799 
1.999998 7.455000 10.143076 7.561663 5.302799 
1.999998 7.445000 10.143076 7.551520 5.302799 
1.999998 7.435000 10.143076 7.541377 5.302799 
1.999998 7.425000 10.143076 7.531234 5.302799 
1.999998 7.415000 10.143076 7.521091 5.302799 
1.999998 7.405000 10.143076 7.510948 5.302799 
1.999998 7.395000 10.143076 7.500805 5.302799 
1.999998 7.385000 10.143076 7.490661 5.302799 
1.999998 7.375000 10.143076 7.480518 5.302799 
1.999998 7.365000 10.143076 7.470375 5.302799 
1.999998 7.355000 10.143076 7.460232 5.302799 
1.999998 7.345000 10.143076 7.450089 5.302799 
1.999998 7.335000 10.143076 7.439946 5.302799 
1.999998 7.325000 10.143076 7.429803 5.302799 
1.999998 7.315000 10.143076 7.419660 5.302799 
1.999998 7.305000 10.143076 7.409517 5.302799 
1.999998 7.295000 10.143076 7.399374 5.302799 
1.999998 7.285000 10.143076 7.389231 5.302799 
1.999998 7.275000 10.143076 7.379088 5.302799 
1.999998 7.265000 10.143076 7.368945 5.302799 
1.999998 7.255000 10.143076 7.358801 5.302799 
1.999998 7.245000 10.143076 7.348658 5.302799 
1.999998 7.235000 10.143076 7.338515 5.302799 
1.999998 7.225000 10.143076 7.328372 5.302799 
1.999998 7.215000 10.143076 7.318229 5.302799 
1.999998 7.205000 10.143076 7.308086 5.302799 
1.999998 7.195000 10.143076 7.297943 5.302799 
1.999998 7.185000 10.143076 7.287800 5.302799 
1.999998 7.175000 10.143076 7.277657 5.302799 
1.999998 7.165000 10.143076 7.267514 5.302799 
1.999998 7.155000 10.143076 7.257371 5.302799 
1.999998 7.145000 10.143076 7.247228 5.302799 
1.999998 7.135000 10.143076 7.237085 5.302799 
1.999998 7.125000 10.143076 7.226941 5.302799 
1.999998 7.115000 10.143076 7.216798 5.302799 
1.999998 7.105000 10.143076 7.206655 5.302799 
1.999998 7.095000 10.143076 7.196512 5.302799 
1.999998 7.085000 10.143076 7.186369 5.302799 
1.999998 7.075000 10.143076 7.176226 5.302799 
1.999998 7.065000 10.143076 7.166083 5.302799 
1.999998 7.055000 10.143076 7.155940 5.302799 
1.999998 7.045000 10.143076 7.145797 5.302799 
1.999998 7.035000 10.143076 7.135654 5.302799 
1.999998 7.025000 10.143076 7.125511 5.302799 
1.999998 7.015000 10.143076 7.115368 5.302799 
1.999998 7.005000 10.143076 7.105225 5.302799 
1.999998 6.995000 10.143076 7.095081 5.302799 
1.999998 6.985000 10.143076 7.084938 5.302799 
1.999998 6.975000 10.143076 7.074795 5.302799 
1.999998 6.965000 10.143076 7.064652 5.302799 
1.999998 6.955000 10.143076 7.054509 5.302799 
1.999998 6.945000 10.143076 7.044366 5.302799 
1.999998 6.935000 10.143076 7.034223 5.302799 
1.999998 6.925000 10.143076 7.024080 5.302799 
1.999998 6.915000 10.143076 7.013937 5.302799 
1.999998 6.905000 10.143076 7.003794 5.302799 
1.999998 6.895000 10.143076 6.993651 5.302799 
1.999998 6.885000 10.143076 6.983508 5.302799 
1.999998 6.875000 10.143076 6.973365 5.302799 
1.999998 6.865000 10.143076 6.963222 5.302799 
1.999998 6.855000 10.143076 6.953078 5.302799 
1.999998 6.845000 10.143076 6.942935 5.302799 
1.999998 6.835000 10.143076 6.932792 5.302799 
1.999998 6.825000 10.143076 6.922649 5.302799 
1.999998 6.815000 10.143076 6.912506 5.302799 
1.999998 6.805000 10.143076 6.902363 5.302799 
1.999998 6.795000 10.143076 6.892220 5.302799 
1.999998 6.785000 10.143076 6.882077 5.302799 
1.999998 6.775000 10.143076 6.871934 5.302799 
1.999998 6.765000 10.143076 6.861791 5.302799 
1.999998 6.755000 10.143076 6.851648 5.302799 
1.999998 6.745000 10.143076 6.841505 5.302799 
1.999998 6.735000 10.143076 6.831362 5.302799 
1.999998 6.725000 10.143076 6.821218 5.302799 
1.999998 6.715000 10.143076 6.811075 5.302799 
1.999998 6.705000 10.143076 6.800932 5.302799 
1.999998 6.695000 10.143076 6.790789 5.302799 
1.999998 6.685000 10.143076 6.780646 5.302799 
1.999998 6.675000 10.143076 6.770503 5.302799 
1.999998 6.665000 10.143076 6.760360 5.302799 
1.999998 6.655000 10.143076 6.750217 5.302799 
1.999998 6.645000 10.143076 6.740074 5.302799 
1.999998 6.635000 10.143076 6.729931 5.302799 
1.999998 6.625000 10.143076 6.719788 5.302799 
1.999998 6.615000 10.143076 6.709645 5.302799 
1.999998 6.605000 10.143076 6.699502 5.302799 
1.999998 6.595000 10.143076 6.689358 5.302799 
1.999998 6.585000 10.143076 6.679215 5.302799 
1.999998 6.575000 10.143076 6.669072 5.302799 
1.999998 6.565000 10.143076 6.658929 5.302799 
1.999998 6.555000 10.143076 6.648786 5.302799 
1.999998 6.545000 10.143076 6.638643 5.302799 
1.999998 6.535000 10.143076 6.628500 5.302799 
1.999998 6.525000 10.143076 6.618357 5.302799 
1.999998 6.515000 10.143076 6.608214 5.302799 
1.999998 6.505000 10.143076 6.598071 5.302799 
1.999998 6.495000 10.143076 6.587928 5.302799 
1.999998 6.485000 10.143076 6.577785 5.302799 
1.999998 6.475000 10.143076 6.567642 5.302799 
1.999998 6.465000 10.143076 6.557498 5.302799 
1.999998 6.455000 10.143076 6.547355 5.302799 
1.999998 6.445000 10.143076 6.537212 5.302799 
1.999998 6.435000 10.143076 6.527069 5.302799 
1.999998 6.425000 10.143076 6.516926 5.302799 
1.999998 6.415000 10.143076 6.506783 5.302799 
1.999998 6.405000 10.143076 6.496640 5.302799 
1.999998 6.395000 10.143076 6.486497 5.302799 
1.999998 6.385000 10.143076 6.476354 5.302799 
1.999998 6.375000 10.143076 6.466211 5.302799 
1.999998 6.365000 10.143076 6.456068 5.302799 
1.999998 6.355000 10.143076 6.445925 5.302799 
1.999998 6.345000 10.143076 6.435782 5.302799 
1.999998 6.335000 10.143076 6.425638 5.302799 
1.999998 6.325000 10.143076 6.415495 5.302799 
1.999998 6.315000 10.143076 6.405352 5.302799 
1.999998 6.305000 10.143076 6.395209 5.302799 
1.999998 6.295000 10.143076 6.385066 5.302799 
1.999998 6.285000 10.143076 6.374923 5.302799 
1.999998 6.275000 10.143076 6.364780 5.302799 
1.999998 6.265000 10.143076 6.354637 5.302799 
1.999998 6.255000 10.143076 6.344494 5.302799 
1.999998 6.245000 10.143076 6.334351 5.302799 
1.999998 6.235000 10.143076 6.324208 5.302799 
1.999998 6.225000 10.143076 6.314065 5.302799 
1.999998 6.215000 10.143076 6.303922 5.302799 
1.999998 6.205000 10.143076 6.293779 5.302799 
1.999998 6.195000 10.143076 6.283635 5.302799 
1.999998 6.185000 10.143076 6.273492 5.302799 
1.999998 6.175000 10.143076 6.263349 5.302799 
1.999998 6.165000 10.143076 6.253206 5.302799 
1.999998 6.155000 10.143076 6.243063 5.302799 
1.999998 6.145000 10.143076 6.232920 5.302799 
1.999998 6.135000 10.143076 6.222777 5.302799 
1.999998 6.125000 10.143076 6.212634 5.302799 
1.999998 6.115000 10.143076 6.202491 5.302799 
1.999998 6.105000 10.143076 6.192348 5.302799 
1.999998 6.095000 10.143076 6.182205 5.302799 
1.999998 6.085000 10.143076 6.172062 5.302799 
1.999998 6.075000 10.143076 6.161919 5.302799 
1.999998 6.065000 10.143076 6.151775 5.302799 
1.999998 6.055000 10.143076 6.141632 5.302799 
1.999998 6.045000 10.143076 6.131489 5.302799 
1.999998 6.035000 10.143076 6.121346 5.302799 
1.999998 6.025000 10.143076 6.111203 5.302799 
1.999998 6.015000 10.143076 6.101060 5.302799 
1.999998 6.005000 10.143076 6.090917 5.302799 
1.999998 5.995000 10.143076 6.080774 5.302799 
1.999998 5.985000 10.143076 6.070631 5.302799 
1.999998 5.975000 10.143076 6.060488 5.302799 
1.999998 5.965000 10.143076 6.050345 5.302799 
1.999998 5.955000 10.143076 6.040202 5.302799 
1.999998 5.945000 10.143076 6.030059 5.302799 
1.999998 5.935000 10.143076 6.019915 5.302799 
1.999998 5.925000 10.143076 6.009772 5.302799 
1.999998 5.915000 10.143076 5.999629 5.302799 
1.999998 5.905000 10.143076 5.989486 5.302799 
1.999998 5.895000 10.143076 5.979343 5.302799 
1.999998 5.885000 10.143076 5.969200 5.302799 
1.999998 5.875000 10.143076 5.959057 5.302799 
1.999998 5.865000 10.143076 5.948914 5.302799 
1.999998 5.855000 10.143076 5.938771 5.302799 
1.999998 5.845000 10.143076 5.928628 5.302799 
1.999998 5.835000 10.143076 5.918485 5.302799 
1.999998 5.825000 10.143076 5.908342 5.302799 
1.999998 5.815000 10.143076 5.898199 5.302799 
1.999998 5.805000 10.143076 5.888055 5.302799 
1.999998 5.795000 10.143076 5.877912 5.302799 
1.999998 5.785000 10.143076 5.867769 5.302799 
1.999998 5.775000 10.143076 5.857626 5.302799 
1.999998 5.765000 10.143076 5.847483 5.302799 
1.999998 5.755000 10.143076 5.837340 5.302799 
1.999998 5.745000 10.143076 5.827197 5.302799 
1.999998 5.735000 10.143076 5.817054 5.302799 
1.999998 5.725000 10.143076 5.806911 5.302799 
1.999998 5.715000 10.143076 5.796768 5.302799 
1.999998 5.705000 10.143076 5.786625 5.302799 
1.999998 5.695000 10.143076 5.776482 5.302799 
1.999998 5.685000 10.143076 5.766339 5.302799 
1.999998 5.675000 10.143076 5.756195 5.302799 
1.999998 5.665000 10.143076 5.746052 5.302799 
1.999998 5.655000 10.143076 5.735909 5.302799 
1.999998 5.645000 10.143076 5.725766 5.302799 
1.999998 5.635000 10.143076 5.715623 5.302799 
1.999998 5.625000 10.143076 5.705480 5.302799 
1.999998 5.615000 10.143076 5.695337 5.302799 
1.999998 5.605000 10.143076 5.685194 5.302799 
1.999998 5.595000 10.143076 5.675051 5.302799 
1.999998 5.585000 10.143076 5.664908 5.302799 
1.999998 5.575000 10.143076 5.654765 5.302799 
1.999998 5.565000 10.143076 5.644622 5.302799 
1.999998 5.555000 10.143076 5.634479 5.302799 
1.999998 5.545000 10.143076 5.624336 5.302799 
1.999998 5.535000 10.143076 5.614192 5.302799 
1.999998 5.525000 10.143076 5.604049 5.302799 
1.999998 5.515000 10.143076 5.593906 5.302799 
1.999998 5.505000 10.143076 5.583763 5.302799 
1.999998 5.495000 10.143076 5.573620 5.302799 
1.999998 5.485000 10.143076 5.563477 5.302799 
1.999998 5.475000 10.143076 5.553334 5.302799 
1.999998 5.465000 10.143076 5.543191 5.302799 
1.999998 5.455000 10.143076 5.533048 5.302799 
1.999998 5.445000 10.143076 5.522905 5.302799 
1.999998 5.435000 10.143076 5.512762 5.302799 
1.999998 5.425000 10.143076 5.502619 5.302799 
1.999998 5.415000 10.143076 5.492476 5.302799 
1.999998 5.405000 10.143076 5.482332 5.302799 
1.999998 5.395000 10.143076 5.472189 5.302799 
1.999998 5.385000 10.143076 5.462046 5.302799 
1.999998 5.375000 10.143076 5.451903 5.302799 
1.999998 5.365000 10.143076 5.441760 5.302799 
1.999998 5.355000 10.143076 5.431617 5.302799 
1.999998 5.345000 10.143076 5.421474 5.302799 
1.999998 5.335000 10.143076 5.411331 5.302799 
1.999998 5.325000 10.143076 5.401188 5.302799 
1.999998 5.315000 10.143076 5.391045 5.302799 
1.999998 5.305000 10.143076 5.380902 5.302799 
1.999989 5.295000 10.143076 5.370759 4.706118 
1.999989 5.285000 10.143076 5.360616 4.706118 
1.999989 5.275000 10.143076 5.350472 4.706118 
1.999989 5.265000 10.143076 5.340329 4.706118 
1.999989 5.255000 10.143076 5.330186 4.706118 
1.999989 5.245000 10.143076 5.320043 4.706118 
1.999989 5.235000 10.143076 5.309900 4.706118 
1.999989 5.225000 10.143076 5.299757 4.706118 
1.999989 5.215000 10.143076 5.289614 4.706118 
1.999989 5.205000 10.143076 5.279471 4.706118 
1.999989 5.195000 10.143076 5.269328 4.706118 
1.999989 5.185000 10.143076 5.259185 4.706118 
1.999989 5.175000 10.143076 5.249042 4.706118 
1.999989 5.165000 10.143076 5.238899 4.706118 
1.999989 5.155000 10.143076 5.228756 4.706118 
1.999989 5.145000 10.143076 5.218612 4.706118 
1.999989 5.135000 10.143076 5.208469 4.706118 
1.999989 5.125000 10.143076 5.198326 4.706118 
1.999989 5.115000 10.143076 5.188183 4.706118 
1.999989 5.105000 10.143076 5.178040 4.706118 
1.999989 5.095000 10.143076 5.167897 4.706118 
1.999989 5.085000 10.143076 5.157754 4.706118 
1.999989 5.075000 10.143076 5.147611 4.706118 
1.999989 5.065000 10.143076 5.137468 4.706118 
1.999989 5.055000 10.143076 5.127325 4.706118 
1.999989 5.045000 10.143076 5.117182 4.706118 
1.999989 5.035000 10.143076 5.107039 4.706118 
1.999989 5.025000 10.143076 5.096896 4.706118 
1.999989 5.015000 10.143076 5.086752 4.706118 
1.999989 5.005000 10.143076 5.076609 4.706118 
1.999989 4.995000 10.143076 5.066466 4.706118 
1.999989 4.985000 10.143076 5.056323 4.706118 
1.999989 4.975000 10.143076 5.046180 4.706118 
1.999989 4.965000 10.143076 5.036037 4.706118 
1.999989 4.955000 10.143076 5.025894 4.706118 
1.999989 4.945000 10.143076 5.015751 4.706118 
1.999989 4.935000 10.143076 5.005608 4.706118 
1.999989 4.925000 10.143076 4.995465 4.706118 
1.999989 4.915000 10.143076 4.985322 4.706118 
1.999989 4.905000 10.143076 4.975179 4.706118 
1.999989 4.895000 10.143076 4.965036 4.706118 
1.999989 4.885000 10.143076 4.954893 4.706118 
1.999989 4.875000 10.143076 4.944749 4.706118 
1.999989 4.865000 10.143076 4.934606 4.706118 
1.999989 4.855000 10.143076 4.924463 4.706118 
1.999989 4.845000 10.143076 4.914320 4.706118 
1.999989 4.835000 10.143076 4.904177 4.706118 
1.999989 4.825000 10.143076 4.894034 4.706118 
1.999989 4.815000 10.143076 4.883891 4.706118 
1.999989 4.805000 10.143076 4.873748 4.706118 
1.999989 4.795000 10.143076 4.863605 4.706118 
1.999989 4.785000 10.143076 4.853462 4.706118 
1.999989 4.775000 10.143076 4.843319 4.706118 
1.999989 4.765000 10.143076 4.833176 4.706118 
1.999989 4.755000 10.143076 4.823033 4.706118 
1.999989 4.745000 10.143076 4.812889 4.706118 
1.999989 4.735000 10.143076 4.802746 4.706118 
1.999989 4.725000 10.143076 4.792603 4.706118 
1.999989 4.715000 10.143076 4.782460 4.706118 
1.999970 4.705000 10.143076 4.772317 4.396368 
1.999970 4.695000 10.143076 4.762174 4.396368 
1.999970 4.685000 10.143076 4.752031 4.396368 
1.999970 4.675000 10.143076 4.741888 4.396368 
1.999970 4.665000 10.143076 4.731745 4.396368 
1.999970 4.655000 10.143076 4.721602 4.396368 
1.999970 4.645000 10.143076 4.711459 4.396368 
1.999970 4.635000 10.143076 4.701316 4.396368 
1.999970 4.625000 10.143076 4.691173 4.396368 
1.999970 4.615000 10.143076 4.681029 4.396368 
1.999970 4.605000 10.143076 4.670886 4.396368 
1.999970 4.595000 10.143076 4.660743 4.396368 
1.999970 4.585000 10.143076 4.650600 4.396368 
1.999970 4.575000 10.143076 4.640457 4.396368 
1.999970 4.565000 10.143076 4.630314 4.396368 
1.999970 4.555000 10.143076 4.620171 4.396368 
1.999970 4.545000 10.143076 4.610028 4.396368 
1.999970 4.535000 10.143076 4.599885 4.396368 
1.999970 4.525000 10.143076 4.589742 4.396368 
1.999970 4.515000 10.143076 4.579599 4.396368 
1.999970 4.505000 10.143076 4.569456 4.396368 
1.999970 4.495000 10.143076 4.559313 4.396368 
1.999970 4.485000 10.143076 4.549169 4.396368 
1.999970 4.475000 10.143076 4.539026 4.396368 
1.999970 4.465000 10.143076 4.528883 4.396368 
1.999970 4.455000 10.143076 4.518740 4.396368 
1.999970 4.445000 10.143076 4.508597 4.396368 
1.999970 4.435000 10.143076 4.498454 4.396368 
1.999970 4.425000 10.143076 4.488311 4.396368 
1.999970 4.415000 10.143076 4.478168 4.396368 
1.999970 4.405000 10.143076 4.468025 4.396368 
1.999944 4.395000 10.143076 4.457882 4.185694 
1.999944 4.385000 10.143076 4.447739 4.185694 
1.999944 4.375000 10.143076 4.437596 4.185694 
1.999944 4.365000 10.143076 4.427453 4.185694 
1.999944 4.355000 10.143076 4.417309 4.185694 
1.999944 4.345000 10.143076 4.407166 4.185694 
1.999944 4.335000 10.143076 4.397023 4.185694 
1.999944 4.325000 10.143076 4.386880 4.185694 
1.999944 4.315000 10.143076 4.376737 4.185694 
1.999944 4.305000 10.143076 4.366594 4.185694 
1.999944 4.295000 10.143076 4.356451 4.185694 
1.999944 4.285000 10.143076 4.346308 4.185694 
1.999944 4.275000 10.143076 4.336165 4.185694 
1.999944 4.265000 10.143076 4.326022 4.185694 
1.999944 4.255000 10.143076 4.315879 4.185694 
1.999944 4.245000 10.143076 4.305736 4.185694 
1.999944 4.235000 10.143076 4.295593 4.185694 
1.999944 4.225000 10.143076 4.285450 4.185694 
1.999944 4.215000 10.143076 4.275306 4.185694 
1.999944 4.205000 10.143076 4.265163 4.185694 
1.999944 4.195000 10.143076 4.255020 4.185694 
1.999909 4.185000 10.143076 4.244877 4.025843 
1.999909 4.175000 10.143076 4.234734 4.025843 
1.999909 4.165000 10.143076 4.224591 4.025843 
1.999909 4.155000 10.143076 4.214448 4.025843 
1.999909 4.145000 10.143076 4.204305 4.025843 
1.999909 4.135000 10.143076 4.194162 4.025843 
1.999909 4.125000 10.143076 4.184019 4.025843 
1.999909 4.115000 10.143076 4.173876 4.025843 
1.999909 4.105000 10.143076 4.163733 4.025843 
1.999909 4.095000 10.143076 4.153590 4.025843 
1.999909 4.085000 10.143076 4.143446 4.025843 
1.999909 4.075000 10.143076 4.133303 4.025843 
1.999909 4.065000 10.143076 4.123160 4.025843 
1.999909 4.055000 10.143076 4.113017 4.025843 
1.999909 4.045000 10.143076 4.102874 4.025843 
1.999909 4.035000 10.143076 4.092731 4.025843 
1.999866 4.025000 10.143076 4.082588 3.896994 
1.999866 4.015000 10.143076 4.072445 3.896994 
1.999866 4.005000 10.143076 4.062302 3.896994 
1.999866 3.995000 10.143076 4.052159 3.896994 
1.999866 3.985000 10.143076 4.042016 3.896994 
1.999866 3.975000 10.143076 4.031873 3.896994 
1.999866 3.965000 10.143076 4.021730 3.896994 
1.999866 3.955000 10.143076 4.011586 3.896994 
1.999866 3.945000 10.143076 4.001443 3.896994 
1.999866 3.935000 10.143076 3.991300 3.896994 
1.999866 3.925000 10.143076 3.981157 3.896994 
1.999866 3.915000 10.143076 3.971014 3.896994 
1.999866 3.905000 10.143076 3.960871 3.896994 
1.999815 3.895000 10.143076 3.950728 3.789052 
1.999815 3.885000 10.143076 3.940585 3.789052 
1.999815 3.875000 10.143076 3.930442 3.789052 
1.999815 3.865000 10.143076 3.920299 3.789052 
1.999815 3.855000 10.143076 3.910156 3.789052 
1.999815 3.845000 10.143076 3.900013 3.789052 
1.999815 3.835000 10.143076 3.889870 3.789052 
1.999815 3.825000 10.143076 3.879726 3.789052 
1.999815 3.815000 10.143076 3.869583 3.789052 
1.999815 3.805000 10.143076 3.859440 3.789052 
1.999815 3.795000 10.143076 3.849297 3.789052 
1.999756 3.785000 10.143076 3.839154 3.696166 
1.999756 3.775000 10.143076 3.829011 3.696166 
1.999756 3.765000 10.143076 3.818868 3.696166 
1.999756 3.755000 10.143076 3.808725 3.696166 
1.999756 3.745000 10.143076 3.798582 3.696166 
1.999756 3.735000 10.143076 3.788439 3.696166 
1.999756 3.725000 10.143076 3.778296 3.696166 
1.999756 3.715000 10.143076 3.768153 3.696166 
1.999756 3.705000 10.143076 3.758010 3.696166 
1.999688 3.695000 10.143076 3.747866 3.614644 
1.999688 3.685000 10.143076 3.737723 3.614644 
1.999688 3.675000 10.143076 3.727580 3.614644 
1.999688 3.665000 10.143076 3.717437 3.614644 
1.999688 3.655000 10.143076 3.707294 3.614644 
1.999688 3.645000 10.143076 3.697151 3.614644 
1.999688 3.635000 10.143076 3.687008 3.614644 
1.999688 3.625000 10.143076 3.676865 3.614644 
1.999688 3.615000 10.143076 3.666722 3.614644 
1.999612 3.605000 10.143076 3.656579 3.542003 
1.999612 3.595000 10.143076 3.646436 3.542003 
1.999612 3.585000 10.143076 3.636293 3.542003 
1.999612 3.575000 10.143076 3.626150 3.542003 
1.999612 3.565000 10.143076 3.616007 3.542003 
1.999612 3.555000 10.143076 3.605863 3.542003 
1.999612 3.545000 10.143076 3.595720 3.542003 
1.999528 3.535000 10.143076 3.585577 3.476495 
1.999528 3.525000 10.143076 3.575434 3.476495 
1.999528 3.515000 10.143076 3.565291 3.476495 
1.999528 3.505000 10.143076 3.555148 3.476495 
1.999528 3.495000 10.143076 3.545005 3.476495 
1.999528 3.485000 10.143076 3.534862 3.476495 
1.999435 3.475000 10.143076 3.524719 3.416842 
1.999435 3.465000 10.143076 3.514576 3.416842 
1.999435 3.455000 10.143076 3.504433 3.416842 
1.999435 3.445000 10.143076 3.494290 3.416842 
1.999435 3.435000 10.143076 3.484147 3.416842 
1.999435 3.425000 10.143076 3.474003 3.416842 
1.999334 3.415000 10.143076 3.463860 3.362081 
1.999334 3.405000 10.143076 3.453717 3.362081 
1.999334 3.395000 10.143076 3.443574 3.362081 
1.999334 3.385000 10.143076 3.433431 3.362081 
1.999334 3.375000 10.143076 3.423288 3.362081 
1.999334 3.365000 10.143076 3.413145 3.362081 
1.999225 3.355000 10.143076 3.403002 3.311469 
1.999225 3.345000 10.143076 3.392859 3.311469 
1.999225 3.335000 10.143076 3.382716 3.311469 
1.999225 3.325000 10.143076 3.372573 3.311469 
1.999225 3.315000 10.143076 3.362430 3.311469 
1.999108 3.305000 10.143076 3.352287 3.264419 
1.999108 3.295000 10.143076 3.342143 3.264419 
1.999108 3.285000 10.143076 3.332000 3.264419 
1.999108 3.275000 10.143076 3.321857 3.264419 
1.999108 3.265000 10.143076 3.311714 3.264419 
1.998982 3.255000 10.143076 3.301571 3.220461 
1.998982 3.245000 10.143076 3.291428 3.220461 
1.998982 3.235000 10.143076 3.281285 3.220461 
1.998982 3.225000 10.143076 3.271142 3.220461 
1.998848 3.215000 10.143076 3.260999 3.179213 
1.998848 3.205000 10.143076 3.250856 3.179213 
1.998848 3.195000 10.143076 3.240713 3.179213 
1.998848 3.185000 10.143076 3.230570 3.179213 
1.998706 3.175000 10.143076 3.220427 3.140359 
1.998706 3.165000 10.143076 3.210283 3.140359 
1.998706 3.155000 10.143076 3.200140 3.140359 
1.998706 3.145000 10.143076 3.189997 3.140359 
1.998555 3.135000 10.143076 3.179854 3.103635 
1.998555 3.125000 10.143076 3.169711 3.103635 
1.998555 3.115000 10.143076 3.159568 3.103635 
1.998555 3.105000 10.143076 3.149425 3.103635 
1.998397 3.095000 10.143076 3.139282 3.068818 
1.998397 3.085000 10.143076 3.129139 3.068818 
1.998397 3.075000 10.143076 3.118996 3.068818 
1.998229 3.065000 10.143076 3.108853 3.035719 
1.998229 3.055000 10.143076 3.098710 3.035719 
1.998229 3.045000 10.143076 3.088567 3.035719 
1.998054 3.035000 10.143076 3.078423 3.004175 
1.998054 3.025000 10.143076 3.068280 3.004175 
1.998054 3.015000 10.143076 3.058137 3.004175 
1.998054 3.005000 10.143076 3.047994 3.004175 
1.997870 2.995000 10.143076 3.037851 2.974046 
1.997870 2.985000 10.143076 3.027708 2.974046 
1.997870 2.975000 10.143076 3.017565 2.974046 
1.997679 2.965000 10.143076 3.007422 2.945210 
1.997679 2.955000 10.143076 2.997279 2.945210 
1.997478 2.945000 10.143076 2.987136 2.917559 
1.997478 2.935000 10.143076 2.976993 2.917559 
1.997478 2.925000 10.143076 2.966850 2.917559 
1.997270 2.915000 10.143076 2.956707 2.890998 
1.997270 2.905000 10.143076 2.946564 2.890998 
1.997270 2.895000 10.143076 2.936420 2.890998 
1.997053 2.885000 10.143076 2.926277 2.865445 
1.997053 2.875000 10.143076 2.916134 2.865445 
1.996828 2.865000 10.143076 2.905991 2.840824 
1.996828 2.855000 10.143076 2.895848 2.840824 
1.996828 2.845000 10.143076 2.885705 2.840824 
1.996595 2.835000 10.143076 2.875562 2.817070 
1.996595 2.825000 10.143076 2.865419 2.817070 
1.996353 2.815000 10.143076 2.855276 2.794122 
1.996353 2.805000 10.143076 2.845133 2.794122 
1.996353 2.795000 10.143076 2.834990 2.794122 
1.996103 2.785000 10.143076 2.824847 2.771927 
1.996103 2.775000 10.143076 2.814704 2.771927 
1.995845 2.765000 10.143076 2.804560 2.750437 
1.995845 2.755000 10.143076 2.794417 2.750437 
1.995578 2.745000 10.143076 2.784274 2.729608 
1.995578 2.735000 10.143076 2.774131 2.729608 
1.995304 2.725000 10.143076 2.763988 2.709398 
1.995304 2.715000 10.143076 2.753845 2.709398 
1.995020 2.705000 10.143076 2.743702 2.689773 
1.995020 2.695000 10.143076 2.733559 2.689773 
1.994729 2.685000 10.143076 2.723416 2.670698 
1.994729 2.675000 10.143076 2.713273 2.670698 
1.994429 2.665000 10.143076 2.703130 2.652143 
1.994429 2.655000 10.143076 2.692987 2.652143 
1.994121 2.645000 10.143076 2.682844 2.634079 
1.994121 2.635000 10.143076 2.672700 2.634079 
1.993805 2.625000 10.143076 2.662557 2.616481 
1.993480 2.615000 10.143076 2.652414 2.599325 
1.993480 2.605000 10.143076 2.642271 2.599325 
1.993147 2.595000 10.143076 2.632128 2.582589 
1.993147 2.585000 10.143076 2.621985 2.582589 
1.992806 2.575000 10.143076 2.611842 2.566252 
1.992457 2.565000 10.143076 2.601699 2.550294 
1.992457 2.555000 10.143076 2.591556 2.550294 
1.992099 2.545000 10.143076 2.581413 2.534699 
1.992099 2.535000 10.143076 2.571270 2.534699 
1.991733 2.525000 10.143076 2.561127 2.519450 
1.991358 2.515000 10.143076 2.550984 2.504530 
1.991358 2.505000 10.143076 2.540840 2.504530 
1.990975 2.495000 10.143076 2.530697 2.489927 
1.990584 2.485000 10.143076 2.520554 2.475625 
1.990185 2.475000 10.143076 2.510411 2.461613 
1.990185 2.465000 10.143076 2.500268 2.461613 
1.989777 2.455000 10.143076 2.490125 2.447878 
1.989361 2.445000 10.143076 2.479982 2.434410 
1.989361 2.435000 10.143076 2.469839 2.434410 
1.988936 2.425000 10.143076 2.459696 2.421197 
1.988504 2.415000 10.143076 2.449553 2.408231 
1.988063 2.405000 10.143076 2.439410 2.395500 
1.987613 2.395000 10.143076 2.429267 2.382998 
1.987613 2.385000 10.143076 2.419124 2.382998 
1.987155 2.375000 10.143076 2.408980 2.370714 
1.986689 2.365000 10.143076 2.398837 2.358642 
1.986215 2.355000 10.143076 2.388694 2.346773 
1.985732 2.345000 10.143076 2.378551 2.335101 
1.985241 2.335000 10.143076 2.368408 2.323618 
1.985241 2.325000 10.143076 2.358265 2.323618 
1.984741 2.315000 10.143076 2.348122 2.312320 
1.984234 2.305000 10.143076 2.337979 2.301198 
1.983717 2.295000 10.143076 2.327836 2.290247 
1.983193 2.285000 10.143076 2.317693 2.279463 
1.982660 2.275000 10.143076 2.307550 2.268839 
1.982119 2.265000 10.143076 2.297407 2.258371 
1.981569 2.255000 10.143076 2.287264 2.248053 
1.981011 2.245000 10.143076 2.277121 2.237882 
1.980445 2.235000 10.143076 2.266977 2.227852 
1.979870 2.225000 10.143076 2.256834 2.217960 
1.979287 2.215000 10.143076 2.246691 2.208201 
1.978695 2.205000 10.143076 2.236548 2.198571 
1.978095 2.195000 10.143076 2.226405 2.189068 
1.977487 2.185000 10.143076 2.216262 2.179687 
1.976870 2.175000 10.143076 2.206119 2.170425 
1.976245 2.165000 10.143076 2.195976 2.161279 
1.975611 2.155000 10.143076 2.185833 2.152245 
1.974970 2.145000 10.143076 2.175690 2.143320 
1.974319 2.135000 10.143076 2.165547 2.134503 
1.972993 2.125000 10.143076 2.155404 2.117176 
1.972318 2.115000 10.143076 2.145261 2.108662 
1.971634 2.105000 10.143076 2.135117 2.100243 
1.970941 2.095000 10.143076 2.124974 2.091919 
1.970241 2.085000 10.143076 2.114831 2.083686 
1.968814 2.075000 10.143076 2.104688 2.067484 
1.968087 2.065000 10.143076 2.094545 2.059511 
1.967353 2.055000 10.143076 2.084402 2.051622 
1.966610 2.045000 10.143076 2.074259 2.043813 
1.965098 2.035000 10.143076 2.064116 2.028430 
1.964330 2.025000 10.143076 2.053973 2.020853 
1.963553 2.015000 10.143076 2.043830 2.013349 
1.961974 2.005000 10.143076 2.033687 1.998556 
1.961172 1.995000 10.143076 2.023544 1.991264 
1.960361 1.985000 10.143076 2.013401 1.984038 
1.958714 1.975000 10.143076 2.003257 1.969784 
1.957877 1.965000 10.143076 1.993114 1.962753 
1.956179 1.955000 10.143076 1.982971 1.948874 
1.955318 1.945000 10.143076 1.972828 1.942023 
1.953568 1.935000 10.143076 1.962685 1.928496 
1.952681 1.925000 10.143076 1.952542 1.921816 
1.950881 1.915000 10.143076 1.942399 1.908620 
1.949968 1.905000 10.143076 1.932256 1.902100 
1.948116 1.895000 10.143076 1.922113 1.889215 
1.947178 1.885000 10.143076 1.911970 1.882847 
1.945275 1.875000 10.143076 1.901827 1.870255 
1.944311 1.865000 10.143076 1.891684 1.864029 
1.942356 1.855000 10.143076 1.881541 1.851714 
1.940367 1.845000 10.143076 1.871397 1.839575 
1.939360 1.835000 10.143076 1.861254 1.833570 
1.937320 1.825000 10.143076 1.851111 1.821683 
1.935245 1.815000 10.143076 1.840968 1.809957 
1.934195 1.805000 10.143076 1.830825 1.804152 
1.932068 1.795000 10.143076 1.820682 1.792656 
1.929907 1.785000 10.143076 1.810539 1.781307 
1.927711 1.775000 10.143076 1.800396 1.770100 
1.926600 1.765000 10.143076 1.790253 1.764548 
1.924352 1.755000 10.143076 1.780110 1.753544 
1.922070 1.745000 10.143076 1.769967 1.742670 
1.919752 1.735000 10.143076 1.759824 1.731922 
1.917400 1.725000 10.143076 1.749681 1.721295 
1.915013 1.715000 10.143076 1.739537 1.710786 
1.912590 1.705000 10.143076 1.729394 1.700390 
1.910133 1.695000 10.143076 1.719251 1.690104 
1.907641 1.685000 10.143076 1.709108 1.679925 
1.906381 1.675000 10.143076 1.698965 1.674874 
1.903836 1.665000 10.143076 1.688822 1.664848 
1.901256 1.655000 10.143076 1.678679 1.654920 
1.897319 1.645000 10.143076 1.668536 1.640205 
1.894650 1.635000 10.143076 1.658393 1.630510 
1.891946 1.625000 10.143076 1.648250 1.620902 
1.889206 1.615000 10.143076 1.638107 1.611379 
1.886431 1.605000 10.143076 1.627964 1.601938 
1.883620 1.595000 10.143076 1.617821 1.592578 
1.880773 1.585000 10.143076 1.607678 1.583295 
1.877890 1.575000 10.143076 1.597534 1.574087 
1.874972 1.565000 10.143076 1.587391 1.564952 
1.870527 1.555000 10.143076 1.577248 1.551382 
1.867518 1.545000 10.143076 1.567105 1.542419 
1.864474 1.535000 10.143076 1.556962 1.533523 
1.861393 1.525000 10.143076 1.546819 1.524689 
1.856704 1.515000 10.143076 1.536676 1.511553 
1.853532 1.505000 10.143076 1.526533 1.502870 
1.850324 1.495000 10.143076 1.516390 1.494244 
1.845443 1.485000 10.143076 1.506247 1.481407 
1.842143 1.475000 10.143076 1.496104 1.472915 
1.838807 1.465000 10.143076 1.485961 1.464474 
1.833733 1.455000 10.143076 1.475818 1.451905 
1.830305 1.445000 10.143076 1.465674 1.443585 
1.825092 1.435000 10.143076 1.455531 1.431191 
1.821571 1.425000 10.143076 1.445388 1.422982 
1.818012 1.415000 10.143076 1.435245 1.414816 
1.812604 1.405000 10.143076 1.425102 1.402642 
1.808951 1.395000 10.143076 1.414959 1.394575 
1.803402 1.385000 10.143076 1.404816 1.382545 
1.799655 1.375000 10.143076 1.394673 1.374569 
1.793964 1.365000 10.143076 1.384530 1.362670 
1.790123 1.355000 10.143076 1.374387 1.354778 
1.784289 1.345000 10.143076 1.364244 1.343000 
1.778369 1.335000 10.143076 1.354101 1.331288 
1.774375 1.325000 10.143076 1.343958 1.323515 
1.768310 1.315000 10.143076 1.333814 1.311907 
1.764219 1.305000 10.143076 1.323671 1.304201 
1.758010 1.295000 10.143076 1.313528 1.292687 
1.751712 1.285000 10.143076 1.303385 1.281225 
1.747465 1.275000 10.143076 1.293242 1.273610 
1.741021 1.265000 10.143076 1.283099 1.262227 
1.736675 1.255000 10.143076 1.272956 1.254663 
1.730082 1.245000 10.143076 1.262813 1.243350 
1.723400 1.235000 10.143076 1.252670 1.232076 
1.718895 1.225000 10.143076 1.242527 1.224579 
1.712062 1.215000 10.143076 1.232384 1.213361 
1.705139 1.205000 10.143076 1.222241 1.202174 
1.700473 1.195000 10.143076 1.212098 1.194731 
1.693397 1.185000 10.143076 1.201954 1.183588 
1.686230 1.175000 10.143076 1.191811 1.172468 
1.678970 1.165000 10.143076 1.181668 1.161367 
1.674078 1.155000 10.143076 1.171525 1.153977 
1.666663 1.145000 10.143076 1.161382 1.142904 
1.659154 1.135000 10.143076 1.151239 1.131844 
1.654096 1.125000 10.143076 1.141096 1.124476 
1.646429 1.115000 10.143076 1.130953 1.113432 
1.638668 1.105000 10.143076 1.120810 1.102393 
1.630810 1.095000 10.143076 1.110667 1.091358 
1.625518 1.085000 10.143076 1.100524 1.084001 
1.617499 1.075000 10.143076 1.090381 1.072966 
1.609383 1.065000 10.143076 1.080238 1.061926 
1.603918 1.055000 10.143076 1.070094 1.054564 
1.595639 1.045000 10.143076 1.059951 1.043513 
1.587260 1.035000 10.143076 1.049808 1.032451 
1.578782 1.025000 10.143076 1.039665 1.021377 
1.573074 1.015000 10.143076 1.029522 1.013986 
1.564428 1.005000 10.143076 1.019379 1.002884 
1.555680 0.995000 10.143076 1.009236 0.991763 
1.549792 0.985000 10.143076 0.999093 0.984337 
1.540874 0.975000 10.143076 0.988950 0.973176 
1.531852 0.965000 10.143076 0.978807 0.961989 
1.525780 0.955000 10.143076 0.968664 0.954515 
1.516584 0.945000 10.143076 0.958521 0.943278 
1.507283 0.935000 10.143076 0.948378 0.932006 
1.501024 0.925000 10.143076 0.938235 0.924471 
1.491545 0.915000 10.143076 0.928091 0.913137 
1.481959 0.905000 10.143076 0.917948 0.901762 
1.475509 0.895000 10.143076 0.907805 0.894154 
1.465741 0.885000 10.143076 0.897662 0.882703 
1.455864 0.875000 10.143076 0.887519 0.871203 
1.449218 0.865000 10.143076 0.877376 0.863508 
1.439156 0.855000 10.143076 0.867233 0.851920 
1.432385 0.845000 10.143076 0.857090 0.844163 
1.422135 0.835000 10.143076 0.846947 0.832478 
1.415238 0.825000 10.143076 0.836804 0.824654 
1.404798 0.815000 10.143076 0.826661 0.812863 
1.397773 0.805000 10.143076 0.816518 0.804966 
1.387139 0.795000 10.143076 0.806375 0.793060 
1.376388 0.785000 10.143076 0.796231 0.781081 
1.369154 0.775000 10.143076 0.786088 0.773053 
1.361868 0.765000 10.143076 0.775945 0.764989 
1.350838 0.755000 10.143076 0.765802 0.752824 
1.343418 0.745000 10.143076 0.755659 0.744667 
1.332185 0.735000 10.143076 0.745516 0.732358 
1.324628 0.725000 10.143076 0.735373 0.724101 
1.313190 0.715000 10.143076 0.725230 0.711635 
1.305494 0.705000 10.143076 0.715087 0.703270 
1.297743 0.695000 10.143076 0.704944 0.694860 
1.286010 0.685000 10.143076 0.694801 0.682156 
1.278116 0.675000 10.143076 0.684658 0.673627 
1.266168 0.665000 10.143076 0.674515 0.660738 
1.258130 0.655000 10.143076 0.664371 0.652081 
1.250033 0.645000 10.143076 0.654228 0.643370 
1.241878 0.635000 10.143076 0.644085 0.634603 
1.229532 0.625000 10.143076 0.633942 0.621347 
1.221227 0.615000 10.143076 0.623799 0.612436 
1.212861 0.605000 10.143076 0.613656 0.603465 
1.204434 0.595000 10.143076 0.603513 0.594430 
1.191677 0.585000 10.143076 0.593370 0.580758 
1.183095 0.575000 10.143076 0.583227 0.571560 
1.174450 0.565000 10.143076 0.573084 0.562293 
1.165741 0.555000 10.143076 0.562941 0.552955 
1.156968 0.545000 10.143076 0.552798 0.543544 
1.148131 0.535000 10.143076 0.542655 0.534059 
1.139229 0.525000 10.143076 0.532511 0.524497 
1.130260 0.515000 10.143076 0.522368 0.514855 
1.116683 0.505000 10.143076 0.512225 0.500240 
1.107548 0.495000 10.143076 0.502082 0.490391 
1.098345 0.485000 10.143076 0.491939 0.480454 
1.089074 0.475000 10.143076 0.481796 0.470427 
1.079733 0.465000 10.143076 0.471653 0.460308 
1.070322 0.455000 10.143076 0.461510 0.450094 
1.065591 0.445000 10.143076 0.451367 0.444950 
1.056074 0.435000 10.143076 0.441224 0.434588 
1.046485 0.425000 10.143076 0.431081 0.424123 
1.036825 0.415000 10.143076 0.420938 0.413552 
1.027091 0.405000 10.143076 0.410795 0.402872 
1.017283 0.395000 10.143076 0.400651 0.392081 
1.007401 0.385000 10.143076 0.390508 0.381174 
0.997443 0.375000 10.143076 0.380365 0.370147 
0.992436 0.365000 10.143076 0.370222 0.364588 
0.982363 0.355000 10.143076 0.360079 0.353376 
0.972213 0.345000 10.143076 0.349936 0.342035 
0.961984 0.335000 10.143076 0.339793 0.330561 
0.956840 0.325000 10.143076 0.329650 0.324773 
0.946492 0.315000 10.143076 0.319507 0.313091 
0.936063 0.305000 10.143076 0.309364 0.301265 
0.925552 0.295000 10.143076 0.299221 0.289290 
0.920266 0.285000 10.143076 0.289078 0.283245 
0.909631 0.275000 10.143076 0.278935 0.271037 
0.904281 0.265000 10.143076 0.268792 0.264873 
0.893519 0.255000 10.143076 0.258648 0.252419 
0.882671 0.245000 10.143076 0.248505 0.239796 
0.877214 0.235000 10.143076 0.238362 0.233418 
0.866235 0.225000 10.143076 0.228219 0.220526 
0.860712 0.215000 10.143076 0.218076 0.214011 
0.849599 0.205000 10.143076 0.207933 0.200837 
0.844008 0.195000 10.143076 0.197790 0.194177 
0.832759 0.185000 10.143076 0.187647 0.180705 
0.827100 0.175000 10.143076 0.177504 0.173892 
0.815711 0.165000 10.143076 0.167361 0.160105 
0.809981 0.155000 10.143076 0.157218 0.153129 
0.798449 0.145000 10.143076 0.147075 0.139008 
0.792647 0.135000 10.143076 0.136932 0.131860 
0.786821 0.125000 10.143076 0.126788 0.124653 
0.775095 0.115000 10.143076 0.116645 0.110055 
0.769194 0.105000 10.143076 0.106502 0.102662 
0.757318 0.095000 10.143076 0.096359 0.087680 
0.751342 0.085000 10.143076 0.086216 0.080089 
0.745339 0.075000 10.143076 0.076073 0.072429 
0.739311 0.065000 10.143076 0.065930 0.064699 
0.727177 0.055000 10.143076 0.055787 0.049022 
0.721069 0.045000 10.143076 0.045644 0.041071 
0.714935 0.035000 10.143076 0.035501 0.033044 
0.708774 0.025000 10.143076 0.025358 0.024939 
0.696370 0.015000 10.143076 0.015215 0.008486 
