2.000000 9.985000 47.079987 47.009367 2.038340 
2.000000 9.975000 47.079987 46.962287 2.038340 
2.000000 9.965000 47.079987 46.915207 2.038340 
2.000000 9.955000 47.079987 46.868127 2.038340 
2.000000 9.945000 47.079987 46.821047 2.038340 
2.000000 9.935000 47.079987 46.773967 2.038340 
2.000000 9.925000 47.079987 46.726887 2.038340 
2.000000 9.915000 47.079987 46.679807 2.038340 
2.000000 9.905000 47.079987 46.632727 2.038340 
2.000000 9.895000 47.079987 46.585647 2.038340 
2.000000 9.885000 47.079987 46.538567 2.038340 
2.000000 9.875000 47.079987 46.491487 2.038340 
2.000000 9.865000 47.079987 46.444407 2.038340 
2.000000 9.855000 47.079987 46.397327 2.038340 
2.000000 9.845000 47.079987 46.350247 2.038340 
2.000000 9.835000 47.079987 46.303167 2.038340 
2.000000 9.825000 47.079987 46.256087 2.038340 
2.000000 9.815000 47.079987 46.209007 2.038340 
2.000000 9.805000 47.079987 46.161927 2.038340 
2.000000 9.795000 47.079987 46.114847 2.038340 
2.000000 9.785000 47.079987 46.067767 2.038340 
2.000000 9.775000 47.079987 46.020687 2.038340 
2.000000 9.765000 47.079987 45.973607 2.038340 
2.000000 9.755000 47.079987 45.926527 2.038340 
2.000000 9.745000 47.079987 45.879448 2.038340 
2.000000 9.735000 47.079987 45.832368 2.038340 
2.000000 9.725000 47.079987 45.785288 2.038340 
2.000000 9.715000 47.079987 45.738208 2.038340 
2.000000 9.705000 47.079987 45.691128 2.038340 
2.000000 9.695000 47.079987 45.644048 2.038340 
2.000000 9.685000 47.079987 45.596968 2.038340 
2.000000 9.675000 47.079987 45.549888 2.038340 
2.000000 9.665000 47.079987 45.502808 2.038340 
2.000000 9.655000 47.079987 45.455728 2.038340 
2.000000 9.645000 47.079987 45.408648 2.038340 
2.000000 9.635000 47.079987 45.361568 2.038340 
2.000000 9.625000 47.079987 45.314488 2.038340 
2.000000 9.615000 47.079987 45.267408 2.038340 
2.000000 9.605000 47.079987 45.220328 2.038340 
2.000000 9.595000 47.079987 45.173248 2.038340 
2.000000 9.585000 47.079987 45.126168 2.038340 
2.000000 9.575000 47.079987 45.079088 2.038340 
2.000000 9.565000 47.079987 45.032008 2.038340 
2.000000 9.555000 47.079987 44.984928 2.038340 
2.000000 9.545000 47.079987 44.937848 2.038340 
2.000000 9.535000 47.079987 44.890768 2.038340 
2.000000 9.525000 47.079987 44.843688 2.038340 
2.000000 9.515000 47.079987 44.796608 2.038340 
2.000000 9.505000 47.079987 44.749528 2.038340 
2.000000 9.495000 47.079987 44.702448 2.038340 
2.000000 9.485000 47.079987 44.655368 2.038340 
2.000000 9.475000 47.079987 44.608288 2.038340 
2.000000 9.465000 47.079987 44.561208 2.038340 
2.000000 9.455000 47.079987 44.514128 2.038340 
2.000000 9.445000 47.079987 44.467048 2.038340 
2.000000 9.435000 47.079987 44.419968 2.038340 
2.000000 9.425000 47.079987 44.372888 2.038340 
2.000000 9.415000 47.079987 44.325808 2.038340 
2.000000 9.405000 47.079987 44.278728 2.038340 
2.000000 9.395000 47.079987 44.231648 2.038340 
2.000000 9.385000 47.079987 44.184568 2.038340 
2.000000 9.375000 47.079987 44.137488 2.038340 
2.000000 9.365000 47.079987 44.090408 2.038340 
2.000000 9.355000 47.079987 44.043328 2.038340 
2.000000 9.345000 47.079987 43.996248 2.038340 
2.000000 9.335000 47.079987 43.949168 2.038340 
2.000000 9.325000 47.079987 43.902088 2.038340 
2.000000 9.315000 47.079987 43.855008 2.038340 
2.000000 9.305000 47.079987 43.807928 2.038340 
2.000000 9.295000 47.079987 43.760848 2.038340 
2.000000 9.285000 47.079987 43.713768 2.038340 
2.000000 9.275000 47.079987 43.666688 2.038340 
2.000000 9.265000 47.079987 43.619608 2.038340 
2.000000 9.255000 47.079987 43.572528 2.038340 
2.000000 9.245000 47.079987 43.525448 2.038340 
2.000000 9.235000 47.079987 43.478368 2.038340 
2.000000 9.225000 47.079987 43.431288 2.038340 
2.000000 9.215000 47.079987 43.384208 2.038340 
2.000000 9.205000 47.079987 43.337128 2.038340 
2.000000 9.195000 47.079987 43.290048 2.038340 
2.000000 9.185000 47.079987 43.242968 2.038340 
2.000000 9.175000 47.079987 43.195888 2.038340 
2.000000 9.165000 47.079987 43.148808 2.038340 
2.000000 9.155000 47.079987 43.101728 2.038340 
2.000000 9.145000 47.079987 43.054648 2.038340 
2.000000 9.135000 47.079987 43.007568 2.038340 
2.000000 9.125000 47.079987 42.960488 2.038340 
2.000000 9.115000 47.079987 42.913408 2.038340 
2.000000 9.105000 47.079987 42.866328 2.038340 
2.000000 9.095000 47.079987 42.819248 2.038340 
2.000000 9.085000 47.079987 42.772168 2.038340 
2.000000 9.075000 47.079987 42.725088 2.038340 
2.000000 9.065000 47.079987 42.678008 2.038340 
2.000000 9.055000 47.079987 42.630928 2.038340 
2.000000 9.045000 47.079987 42.583848 2.038340 
2.000000 9.035000 47.079987 42.536768 2.038340 
2.000000 9.025000 47.079987 42.489688 2.038340 
2.000000 9.015000 47.079987 42.442608 2.038340 
2.000000 9.005000 47.079987 42.395528 2.038340 
2.000000 8.995000 47.079987 42.348448 2.038340 
2.000000 8.985000 47.079987 42.301368 2.038340 
2.000000 8.975000 47.079987 42.254288 2.038340 
2.000000 8.965000 47.079987 42.207209 2.038340 
2.000000 8.955000 47.079987 42.160129 2.038340 
2.000000 8.945000 47.079987 42.113049 2.038340 
2.000000 8.935000 47.079987 42.065969 2.038340 
2.000000 8.925000 47.079987 42.018889 2.038340 
2.000000 8.915000 47.079987 41.971809 2.038340 
2.000000 8.905000 47.079987 41.924729 2.038340 
2.000000 8.895000 47.079987 41.877649 2.038340 
2.000000 8.885000 47.079987 41.830569 2.038340 
2.000000 8.875000 47.079987 41.783489 2.038340 
2.000000 8.865000 47.079987 41.736409 2.038340 
2.000000 8.855000 47.079987 41.689329 2.038340 
2.000000 8.845000 47.079987 41.642249 2.038340 
2.000000 8.835000 47.079987 41.595169 2.038340 
2.000000 8.825000 47.079987 41.548089 2.038340 
2.000000 8.815000 47.079987 41.501009 2.038340 
2.000000 8.805000 47.079987 41.453929 2.038340 
2.000000 8.795000 47.079987 41.406849 2.038340 
2.000000 8.785000 47.079987 41.359769 2.038340 
2.000000 8.775000 47.079987 41.312689 2.038340 
2.000000 8.765000 47.079987 41.265609 2.038340 
2.000000 8.755000 47.079987 41.218529 2.038340 
2.000000 8.745000 47.079987 41.171449 2.038340 
2.000000 8.735000 47.079987 41.124369 2.038340 
2.000000 8.725000 47.079987 41.077289 2.038340 
2.000000 8.715000 47.079987 41.030209 2.038340 
2.000000 8.705000 47.079987 40.983129 2.038340 
2.000000 8.695000 47.079987 40.936049 2.038340 
2.000000 8.685000 47.079987 40.888969 2.038340 
2.000000 8.675000 47.079987 40.841889 2.038340 
2.000000 8.665000 47.079987 40.794809 2.038340 
2.000000 8.655000 47.079987 40.747729 2.038340 
2.000000 8.645000 47.079987 40.700649 2.038340 
2.000000 8.635000 47.079987 40.653569 2.038340 
2.000000 8.625000 47.079987 40.606489 2.038340 
2.000000 8.615000 47.079987 40.559409 2.038340 
2.000000 8.605000 47.079987 40.512329 2.038340 
2.000000 8.595000 47.079987 40.465249 2.038340 
2.000000 8.585000 47.079987 40.418169 2.038340 
2.000000 8.575000 47.079987 40.371089 2.038340 
2.000000 8.565000 47.079987 40.324009 2.038340 
2.000000 8.555000 47.079987 40.276929 2.038340 
2.000000 8.545000 47.079987 40.229849 2.038340 
2.000000 8.535000 47.079987 40.182769 2.038340 
2.000000 8.525000 47.079987 40.135689 2.038340 
2.000000 8.515000 47.079987 40.088609 2.038340 
2.000000 8.505000 47.079987 40.041529 2.038340 
2.000000 8.495000 47.079987 39.994449 2.038340 
2.000000 8.485000 47.079987 39.947369 2.038340 
2.000000 8.475000 47.079987 39.900289 2.038340 
2.000000 8.465000 47.079987 39.853209 2.038340 
2.000000 8.455000 47.079987 39.806129 2.038340 
2.000000 8.445000 47.079987 39.759049 2.038340 
2.000000 8.435000 47.079987 39.711969 2.038340 
2.000000 8.425000 47.079987 39.664889 2.038340 
2.000000 8.415000 47.079987 39.617809 2.038340 
2.000000 8.405000 47.079987 39.570729 2.038340 
2.000000 8.395000 47.079987 39.523649 2.038340 
2.000000 8.385000 47.079987 39.476569 2.038340 
2.000000 8.375000 47.079987 39.429489 2.038340 
2.000000 8.365000 47.079987 39.382409 2.038340 
2.000000 8.355000 47.079987 39.335329 2.038340 
2.000000 8.345000 47.079987 39.288249 2.038340 
2.000000 8.335000 47.079987 39.241169 2.038340 
2.000000 8.325000 47.079987 39.194089 2.038340 
2.000000 8.315000 47.079987 39.147009 2.038340 
2.000000 8.305000 47.079987 39.099929 2.038340 
2.000000 8.295000 47.079987 39.052849 2.038340 
2.000000 8.285000 47.079987 39.005769 2.038340 
2.000000 8.275000 47.079987 38.958689 2.038340 
2.000000 8.265000 47.079987 38.911609 2.038340 
2.000000 8.255000 47.079987 38.864529 2.038340 
2.000000 8.245000 47.079987 38.817449 2.038340 
2.000000 8.235000 47.079987 38.770369 2.038340 
2.000000 8.225000 47.079987 38.723289 2.038340 
2.000000 8.215000 47.079987 38.676209 2.038340 
2.000000 8.205000 47.079987 38.629129 2.038340 
2.000000 8.195000 47.079987 38.582049 2.038340 
2.000000 8.185000 47.079987 38.534970 2.038340 
2.000000 8.175000 47.079987 38.487890 2.038340 
2.000000 8.165000 47.079987 38.440810 2.038340 
2.000000 8.155000 47.079987 38.393730 2.038340 
2.000000 8.145000 47.079987 38.346650 2.038340 
2.000000 8.135000 47.079987 38.299570 2.038340 
2.000000 8.125000 47.079987 38.252490 2.038340 
2.000000 8.115000 47.079987 38.205410 2.038340 
2.000000 8.105000 47.079987 38.158330 2.038340 
2.000000 8.095000 47.079987 38.111250 2.038340 
2.000000 8.085000 47.079987 38.064170 2.038340 
2.000000 8.075000 47.079987 38.017090 2.038340 
2.000000 8.065000 47.079987 37.970010 2.038340 
2.000000 8.055000 47.079987 37.922930 2.038340 
2.000000 8.045000 47.079987 37.875850 2.038340 
2.000000 8.035000 47.079987 37.828770 2.038340 
2.000000 8.025000 47.079987 37.781690 2.038340 
2.000000 8.015000 47.079987 37.734610 2.038340 
2.000000 8.005000 47.079987 37.687530 2.038340 
2.000000 7.995000 47.079987 37.640450 2.038340 
2.000000 7.985000 47.079987 37.593370 2.038340 
2.000000 7.975000 47.079987 37.546290 2.038340 
2.000000 7.965000 47.079987 37.499210 2.038340 
2.000000 7.955000 47.079987 37.452130 2.038340 
2.000000 7.945000 47.079987 37.405050 2.038340 
2.000000 7.935000 47.079987 37.357970 2.038340 
2.000000 7.925000 47.079987 37.310890 2.038340 
2.000000 7.915000 47.079987 37.263810 2.038340 
2.000000 7.905000 47.079987 37.216730 2.038340 
2.000000 7.895000 47.079987 37.169650 2.038340 
2.000000 7.885000 47.079987 37.122570 2.038340 
2.000000 7.875000 47.079987 37.075490 2.038340 
2.000000 7.865000 47.079987 37.028410 2.038340 
2.000000 7.855000 47.079987 36.981330 2.038340 
2.000000 7.845000 47.079987 36.934250 2.038340 
2.000000 7.835000 47.079987 36.887170 2.038340 
2.000000 7.825000 47.079987 36.840090 2.038340 
2.000000 7.815000 47.079987 36.793010 2.038340 
2.000000 7.805000 47.079987 36.745930 2.038340 
2.000000 7.795000 47.079987 36.698850 2.038340 
2.000000 7.785000 47.079987 36.651770 2.038340 
2.000000 7.775000 47.079987 36.604690 2.038340 
2.000000 7.765000 47.079987 36.557610 2.038340 
2.000000 7.755000 47.079987 36.510530 2.038340 
2.000000 7.745000 47.079987 36.463450 2.038340 
2.000000 7.735000 47.079987 36.416370 2.038340 
2.000000 7.725000 47.079987 36.369290 2.038340 
2.000000 7.715000 47.079987 36.322210 2.038340 
2.000000 7.705000 47.079987 36.275130 2.038340 
2.000000 7.695000 47.079987 36.228050 2.038340 
2.000000 7.685000 47.079987 36.180970 2.038340 
2.000000 7.675000 47.079987 36.133890 2.038340 
2.000000 7.665000 47.079987 36.086810 2.038340 
2.000000 7.655000 47.079987 36.039730 2.038340 
2.000000 7.645000 47.079987 35.992650 2.038340 
2.000000 7.635000 47.079987 35.945570 2.038340 
2.000000 7.625000 47.079987 35.898490 2.038340 
2.000000 7.615000 47.079987 35.851410 2.038340 
2.000000 7.605000 47.079987 35.804330 2.038340 
2.000000 7.595000 47.079987 35.757250 2.038340 
2.000000 7.585000 47.079987 35.710170 2.038340 
2.000000 7.575000 47.079987 35.663090 2.038340 
2.000000 7.565000 47.079987 35.616010 2.038340 
2.000000 7.555000 47.079987 35.568930 2.038340 
2.000000 7.545000 47.079987 35.521850 2.038340 
2.000000 7.535000 47.079987 35.474770 2.038340 
2.000000 7.525000 47.079987 35.427690 2.038340 
2.000000 7.515000 47.079987 35.380610 2.038340 
2.000000 7.505000 47.079987 35.333530 2.038340 
2.000000 7.495000 47.079987 35.286450 2.038340 
2.000000 7.485000 47.079987 35.239370 2.038340 
2.000000 7.475000 47.079987 35.192290 2.038340 
2.000000 7.465000 47.079987 35.145210 2.038340 
2.000000 7.455000 47.079987 35.098130 2.038340 
2.000000 7.445000 47.079987 35.051050 2.038340 
2.000000 7.435000 47.079987 35.003970 2.038340 
2.000000 7.425000 47.079987 34.956890 2.038340 
2.000000 7.415000 47.079987 34.909810 2.038340 
2.000000 7.405000 47.079987 34.862731 2.038340 
2.000000 7.395000 47.079987 34.815651 2.038340 
2.000000 7.385000 47.079987 34.768571 2.038340 
2.000000 7.375000 47.079987 34.721491 2.038340 
2.000000 7.365000 47.079987 34.674411 2.038340 
2.000000 7.355000 47.079987 34.627331 2.038340 
2.000000 7.345000 47.079987 34.580251 2.038340 
2.000000 7.335000 47.079987 34.533171 2.038340 
2.000000 7.325000 47.079987 34.486091 2.038340 
2.000000 7.315000 47.079987 34.439011 2.038340 
2.000000 7.305000 47.079987 34.391931 2.038340 
2.000000 7.295000 47.079987 34.344851 2.038340 
2.000000 7.285000 47.079987 34.297771 2.038340 
2.000000 7.275000 47.079987 34.250691 2.038340 
2.000000 7.265000 47.079987 34.203611 2.038340 
2.000000 7.255000 47.079987 34.156531 2.038340 
2.000000 7.245000 47.079987 34.109451 2.038340 
2.000000 7.235000 47.079987 34.062371 2.038340 
2.000000 7.225000 47.079987 34.015291 2.038340 
2.000000 7.215000 47.079987 33.968211 2.038340 
2.000000 7.205000 47.079987 33.921131 2.038340 
2.000000 7.195000 47.079987 33.874051 2.038340 
2.000000 7.185000 47.079987 33.826971 2.038340 
2.000000 7.175000 47.079987 33.779891 2.038340 
2.000000 7.165000 47.079987 33.732811 2.038340 
2.000000 7.155000 47.079987 33.685731 2.038340 
2.000000 7.145000 47.079987 33.638651 2.038340 
2.000000 7.135000 47.079987 33.591571 2.038340 
2.000000 7.125000 47.079987 33.544491 2.038340 
2.000000 7.115000 47.079987 33.497411 2.038340 
2.000000 7.105000 47.079987 33.450331 2.038340 
2.000000 7.095000 47.079987 33.403251 2.038340 
2.000000 7.085000 47.079987 33.356171 2.038340 
2.000000 7.075000 47.079987 33.309091 2.038340 
2.000000 7.065000 47.079987 33.262011 2.038340 
2.000000 7.055000 47.079987 33.214931 2.038340 
2.000000 7.045000 47.079987 33.167851 2.038340 
2.000000 7.035000 47.079987 33.120771 2.038340 
2.000000 7.025000 47.079987 33.073691 2.038340 
2.000000 7.015000 47.079987 33.026611 2.038340 
2.000000 7.005000 47.079987 32.979531 2.038340 
2.000000 6.995000 47.079987 32.932451 2.038340 
2.000000 6.985000 47.079987 32.885371 2.038340 
2.000000 6.975000 47.079987 32.838291 2.038340 
2.000000 6.965000 47.079987 32.791211 2.038340 
2.000000 6.955000 47.079987 32.744131 2.038340 
2.000000 6.945000 47.079987 32.697051 2.038340 
2.000000 6.935000 47.079987 32.649971 2.038340 
2.000000 6.925000 47.079987 32.602891 2.038340 
2.000000 6.915000 47.079987 32.555811 2.038340 
2.000000 6.905000 47.079987 32.508731 2.038340 
2.000000 6.895000 47.079987 32.461651 2.038340 
2.000000 6.885000 47.079987 32.414571 2.038340 
2.000000 6.875000 47.079987 32.367491 2.038340 
2.000000 6.865000 47.079987 32.320411 2.038340 
2.000000 6.855000 47.079987 32.273331 2.038340 
2.000000 6.845000 47.079987 32.226251 2.038340 
2.000000 6.835000 47.079987 32.179171 2.038340 
2.000000 6.825000 47.079987 32.132091 2.038340 
2.000000 6.815000 47.079987 32.085011 2.038340 
2.000000 6.805000 47.079987 32.037931 2.038340 
2.000000 6.795000 47.079987 31.990851 2.038340 
2.000000 6.785000 47.079987 31.943771 2.038340 
2.000000 6.775000 47.079987 31.896691 2.038340 
2.000000 6.765000 47.079987 31.849611 2.038340 
2.000000 6.755000 47.079987 31.802531 2.038340 
2.000000 6.745000 47.079987 31.755451 2.038340 
2.000000 6.735000 47.079987 31.708371 2.038340 
2.000000 6.725000 47.079987 31.661291 2.038340 
2.000000 6.715000 47.079987 31.614211 2.038340 
2.000000 6.705000 47.079987 31.567131 2.038340 
2.000000 6.695000 47.079987 31.520051 2.038340 
2.000000 6.685000 47.079987 31.472971 2.038340 
2.000000 6.675000 47.079987 31.425891 2.038340 
2.000000 6.665000 47.079987 31.378811 2.038340 
2.000000 6.655000 47.079987 31.331731 2.038340 
2.000000 6.645000 47.079987 31.284651 2.038340 
2.000000 6.635000 47.079987 31.237571 2.038340 
2.000000 6.625000 47.079987 31.190492 2.038340 
2.000000 6.615000 47.079987 31.143412 2.038340 
2.000000 6.605000 47.079987 31.096332 2.038340 
2.000000 6.595000 47.079987 31.049252 2.038340 
2.000000 6.585000 47.079987 31.002172 2.038340 
2.000000 6.575000 47.079987 30.955092 2.038340 
2.000000 6.565000 47.079987 30.908012 2.038340 
2.000000 6.555000 47.079987 30.860932 2.038340 
2.000000 6.545000 47.079987 30.813852 2.038340 
2.000000 6.535000 47.079987 30.766772 2.038340 
2.000000 6.525000 47.079987 30.719692 2.038340 
2.000000 6.515000 47.079987 30.672612 2.038340 
2.000000 6.505000 47.079987 30.625532 2.038340 
2.000000 6.495000 47.079987 30.578452 2.038340 
2.000000 6.485000 47.079987 30.531372 2.038340 
2.000000 6.475000 47.079987 30.484292 2.038340 
2.000000 6.465000 47.079987 30.437212 2.038340 
2.000000 6.455000 47.079987 30.390132 2.038340 
2.000000 6.445000 47.079987 30.343052 2.038340 
2.000000 6.435000 47.079987 30.295972 2.038340 
2.000000 6.425000 47.079987 30.248892 2.038340 
2.000000 6.415000 47.079987 30.201812 2.038340 
2.000000 6.405000 47.079987 30.154732 2.038340 
2.000000 6.395000 47.079987 30.107652 2.038340 
2.000000 6.385000 47.079987 30.060572 2.038340 
2.000000 6.375000 47.079987 30.013492 2.038340 
2.000000 6.365000 47.079987 29.966412 2.038340 
2.000000 6.355000 47.079987 29.919332 2.038340 
2.000000 6.345000 47.079987 29.872252 2.038340 
2.000000 6.335000 47.079987 29.825172 2.038340 
2.000000 6.325000 47.079987 29.778092 2.038340 
2.000000 6.315000 47.079987 29.731012 2.038340 
2.000000 6.305000 47.079987 29.683932 2.038340 
2.000000 6.295000 47.079987 29.636852 2.038340 
2.000000 6.285000 47.079987 29.589772 2.038340 
2.000000 6.275000 47.079987 29.542692 2.038340 
2.000000 6.265000 47.079987 29.495612 2.038340 
2.000000 6.255000 47.079987 29.448532 2.038340 
2.000000 6.245000 47.079987 29.401452 2.038340 
2.000000 6.235000 47.079987 29.354372 2.038340 
2.000000 6.225000 47.079987 29.307292 2.038340 
2.000000 6.215000 47.079987 29.260212 2.038340 
2.000000 6.205000 47.079987 29.213132 2.038340 
2.000000 6.195000 47.079987 29.166052 2.038340 
2.000000 6.185000 47.079987 29.118972 2.038340 
2.000000 6.175000 47.079987 29.071892 2.038340 
2.000000 6.165000 47.079987 29.024812 2.038340 
2.000000 6.155000 47.079987 28.977732 2.038340 
2.000000 6.145000 47.079987 28.930652 2.038340 
2.000000 6.135000 47.079987 28.883572 2.038340 
2.000000 6.125000 47.079987 28.836492 2.038340 
2.000000 6.115000 47.079987 28.789412 2.038340 
2.000000 6.105000 47.079987 28.742332 2.038340 
2.000000 6.095000 47.079987 28.695252 2.038340 
2.000000 6.085000 47.079987 28.648172 2.038340 
2.000000 6.075000 47.079987 28.601092 2.038340 
2.000000 6.065000 47.079987 28.554012 2.038340 
2.000000 6.055000 47.079987 28.506932 2.038340 
2.000000 6.045000 47.079987 28.459852 2.038340 
2.000000 6.035000 47.079987 28.412772 2.038340 
2.000000 6.025000 47.079987 28.365692 2.038340 
2.000000 6.015000 47.079987 28.318612 2.038340 
2.000000 6.005000 47.079987 28.271532 2.038340 
2.000000 5.995000 47.079987 28.224452 2.038340 
2.000000 5.985000 47.079987 28.177372 2.038340 
2.000000 5.975000 47.079987 28.130292 2.038340 
2.000000 5.965000 47.079987 28.083212 2.038340 
2.000000 5.955000 47.079987 28.036132 2.038340 
2.000000 5.945000 47.079987 27.989052 2.038340 
2.000000 5.935000 47.079987 27.941972 2.038340 
2.000000 5.925000 47.079987 27.894892 2.038340 
2.000000 5.915000 47.079987 27.847812 2.038340 
2.000000 5.905000 47.079987 27.800732 2.038340 
2.000000 5.895000 47.079987 27.753652 2.038340 
2.000000 5.885000 47.079987 27.706572 2.038340 
2.000000 5.875000 47.079987 27.659492 2.038340 
2.000000 5.865000 47.079987 27.612412 2.038340 
2.000000 5.855000 47.079987 27.565332 2.038340 
2.000000 5.845000 47.079987 27.518253 2.038340 
2.000000 5.835000 47.079987 27.471173 2.038340 
2.000000 5.825000 47.079987 27.424093 2.038340 
2.000000 5.815000 47.079987 27.377013 2.038340 
2.000000 5.805000 47.079987 27.329933 2.038340 
2.000000 5.795000 47.079987 27.282853 2.038340 
2.000000 5.785000 47.079987 27.235773 2.038340 
2.000000 5.775000 47.079987 27.188693 2.038340 
2.000000 5.765000 47.079987 27.141613 2.038340 
2.000000 5.755000 47.079987 27.094533 2.038340 
2.000000 5.745000 47.079987 27.047453 2.038340 
2.000000 5.735000 47.079987 27.000373 2.038340 
2.000000 5.725000 47.079987 26.953293 2.038340 
2.000000 5.715000 47.079987 26.906213 2.038340 
2.000000 5.705000 47.079987 26.859133 2.038340 
2.000000 5.695000 47.079987 26.812053 2.038340 
2.000000 5.685000 47.079987 26.764973 2.038340 
2.000000 5.675000 47.079987 26.717893 2.038340 
2.000000 5.665000 47.079987 26.670813 2.038340 
2.000000 5.655000 47.079987 26.623733 2.038340 
2.000000 5.645000 47.079987 26.576653 2.038340 
2.000000 5.635000 47.079987 26.529573 2.038340 
2.000000 5.625000 47.079987 26.482493 2.038340 
2.000000 5.615000 47.079987 26.435413 2.038340 
2.000000 5.605000 47.079987 26.388333 2.038340 
2.000000 5.595000 47.079987 26.341253 2.038340 
2.000000 5.585000 47.079987 26.294173 2.038340 
2.000000 5.575000 47.079987 26.247093 2.038340 
2.000000 5.565000 47.079987 26.200013 2.038340 
2.000000 5.555000 47.079987 26.152933 2.038340 
2.000000 5.545000 47.079987 26.105853 2.038340 
2.000000 5.535000 47.079987 26.058773 2.038340 
2.000000 5.525000 47.079987 26.011693 2.038340 
2.000000 5.515000 47.079987 25.964613 2.038340 
2.000000 5.505000 47.079987 25.917533 2.038340 
2.000000 5.495000 47.079987 25.870453 2.038340 
2.000000 5.485000 47.079987 25.823373 2.038340 
2.000000 5.475000 47.079987 25.776293 2.038340 
2.000000 5.465000 47.079987 25.729213 2.038340 
2.000000 5.455000 47.079987 25.682133 2.038340 
2.000000 5.445000 47.079987 25.635053 2.038340 
2.000000 5.435000 47.079987 25.587973 2.038340 
2.000000 5.425000 47.079987 25.540893 2.038340 
2.000000 5.415000 47.079987 25.493813 2.038340 
2.000000 5.405000 47.079987 25.446733 2.038340 
2.000000 5.395000 47.079987 25.399653 2.038340 
2.000000 5.385000 47.079987 25.352573 2.038340 
2.000000 5.375000 47.079987 25.305493 2.038340 
2.000000 5.365000 47.079987 25.258413 2.038340 
2.000000 5.355000 47.079987 25.211333 2.038340 
2.000000 5.345000 47.079987 25.164253 2.038340 
2.000000 5.335000 47.079987 25.117173 2.038340 
2.000000 5.325000 47.079987 25.070093 2.038340 
2.000000 5.315000 47.079987 25.023013 2.038340 
2.000000 5.305000 47.079987 24.975933 2.038340 
2.000000 5.295000 47.079987 24.928853 2.038340 
2.000000 5.285000 47.079987 24.881773 2.038340 
2.000000 5.275000 47.079987 24.834693 2.038340 
2.000000 5.265000 47.079987 24.787613 2.038340 
2.000000 5.255000 47.079987 24.740533 2.038340 
2.000000 5.245000 47.079987 24.693453 2.038340 
2.000000 5.235000 47.079987 24.646373 2.038340 
2.000000 5.225000 47.079987 24.599293 2.038340 
2.000000 5.215000 47.079987 24.552213 2.038340 
2.000000 5.205000 47.079987 24.505133 2.038340 
2.000000 5.195000 47.079987 24.458053 2.038340 
2.000000 5.185000 47.079987 24.410973 2.038340 
2.000000 5.175000 47.079987 24.363893 2.038340 
2.000000 5.165000 47.079987 24.316813 2.038340 
2.000000 5.155000 47.079987 24.269733 2.038340 
2.000000 5.145000 47.079987 24.222653 2.038340 
2.000000 5.135000 47.079987 24.175573 2.038340 
2.000000 5.125000 47.079987 24.128493 2.038340 
2.000000 5.115000 47.079987 24.081413 2.038340 
2.000000 5.105000 47.079987 24.034333 2.038340 
2.000000 5.095000 47.079987 23.987253 2.038340 
2.000000 5.085000 47.079987 23.940173 2.038340 
2.000000 5.075000 47.079987 23.893093 2.038340 
2.000000 5.065000 47.079987 23.846014 2.038340 
2.000000 5.055000 47.079987 23.798934 2.038340 
2.000000 5.045000 47.079987 23.751854 2.038340 
2.000000 5.035000 47.079987 23.704774 2.038340 
2.000000 5.025000 47.079987 23.657694 2.038340 
2.000000 5.015000 47.079987 23.610614 2.038340 
2.000000 5.005000 47.079987 23.563534 2.038340 
2.000000 4.995000 47.079987 23.516454 2.038340 
2.000000 4.985000 47.079987 23.469374 2.038340 
2.000000 4.975000 47.079987 23.422294 2.038340 
2.000000 4.965000 47.079987 23.375214 2.038340 
2.000000 4.955000 47.079987 23.328134 2.038340 
2.000000 4.945000 47.079987 23.281054 2.038340 
2.000000 4.935000 47.079987 23.233974 2.038340 
2.000000 4.925000 47.079987 23.186894 2.038340 
2.000000 4.915000 47.079987 23.139814 2.038340 
2.000000 4.905000 47.079987 23.092734 2.038340 
2.000000 4.895000 47.079987 23.045654 2.038340 
2.000000 4.885000 47.079987 22.998574 2.038340 
2.000000 4.875000 47.079987 22.951494 2.038340 
2.000000 4.865000 47.079987 22.904414 2.038340 
2.000000 4.855000 47.079987 22.857334 2.038340 
2.000000 4.845000 47.079987 22.810254 2.038340 
2.000000 4.835000 47.079987 22.763174 2.038340 
2.000000 4.825000 47.079987 22.716094 2.038340 
2.000000 4.815000 47.079987 22.669014 2.038340 
2.000000 4.805000 47.079987 22.621934 2.038340 
2.000000 4.795000 47.079987 22.574854 2.038340 
2.000000 4.785000 47.079987 22.527774 2.038340 
2.000000 4.775000 47.079987 22.480694 2.038340 
2.000000 4.765000 47.079987 22.433614 2.038340 
2.000000 4.755000 47.079987 22.386534 2.038340 
2.000000 4.745000 47.079987 22.339454 2.038340 
2.000000 4.735000 47.079987 22.292374 2.038340 
2.000000 4.725000 47.079987 22.245294 2.038340 
2.000000 4.715000 47.079987 22.198214 2.038340 
2.000000 4.705000 47.079987 22.151134 2.038340 
2.000000 4.695000 47.079987 22.104054 2.038340 
2.000000 4.685000 47.079987 22.056974 2.038340 
2.000000 4.675000 47.079987 22.009894 2.038340 
2.000000 4.665000 47.079987 21.962814 2.038340 
2.000000 4.655000 47.079987 21.915734 2.038340 
2.000000 4.645000 47.079987 21.868654 2.038340 
2.000000 4.635000 47.079987 21.821574 2.038340 
2.000000 4.625000 47.079987 21.774494 2.038340 
2.000000 4.615000 47.079987 21.727414 2.038340 
2.000000 4.605000 47.079987 21.680334 2.038340 
2.000000 4.595000 47.079987 21.633254 2.038340 
2.000000 4.585000 47.079987 21.586174 2.038340 
2.000000 4.575000 47.079987 21.539094 2.038340 
2.000000 4.565000 47.079987 21.492014 2.038340 
2.000000 4.555000 47.079987 21.444934 2.038340 
2.000000 4.545000 47.079987 21.397854 2.038340 
2.000000 4.535000 47.079987 21.350774 2.038340 
2.000000 4.525000 47.079987 21.303694 2.038340 
2.000000 4.515000 47.079987 21.256614 2.038340 
2.000000 4.505000 47.079987 21.209534 2.038340 
2.000000 4.495000 47.079987 21.162454 2.038340 
2.000000 4.485000 47.079987 21.115374 2.038340 
2.000000 4.475000 47.079987 21.068294 2.038340 
2.000000 4.465000 47.079987 21.021214 2.038340 
2.000000 4.455000 47.079987 20.974134 2.038340 
2.000000 4.445000 47.079987 20.927054 2.038340 
2.000000 4.435000 47.079987 20.879974 2.038340 
2.000000 4.425000 47.079987 20.832894 2.038340 
2.000000 4.415000 47.079987 20.785814 2.038340 
2.000000 4.405000 47.079987 20.738734 2.038340 
2.000000 4.395000 47.079987 20.691654 2.038340 
2.000000 4.385000 47.079987 20.644574 2.038340 
2.000000 4.375000 47.079987 20.597494 2.038340 
2.000000 4.365000 47.079987 20.550414 2.038340 
2.000000 4.355000 47.079987 20.503334 2.038340 
2.000000 4.345000 47.079987 20.456254 2.038340 
2.000000 4.335000 47.079987 20.409174 2.038340 
2.000000 4.325000 47.079987 20.362094 2.038340 
2.000000 4.315000 47.079987 20.315014 2.038340 
2.000000 4.305000 47.079987 20.267934 2.038340 
2.000000 4.295000 47.079987 20.220854 2.038340 
2.000000 4.285000 47.079987 20.173775 2.038340 
2.000000 4.275000 47.079987 20.126695 2.038340 
2.000000 4.265000 47.079987 20.079615 2.038340 
2.000000 4.255000 47.079987 20.032535 2.038340 
2.000000 4.245000 47.079987 19.985455 2.038340 
2.000000 4.235000 47.079987 19.938375 2.038340 
2.000000 4.225000 47.079987 19.891295 2.038340 
2.000000 4.215000 47.079987 19.844215 2.038340 
2.000000 4.205000 47.079987 19.797135 2.038340 
2.000000 4.195000 47.079987 19.750055 2.038340 
2.000000 4.185000 47.079987 19.702975 2.038340 
2.000000 4.175000 47.079987 19.655895 2.038340 
2.000000 4.165000 47.079987 19.608815 2.038340 
2.000000 4.155000 47.079987 19.561735 2.038340 
2.000000 4.145000 47.079987 19.514655 2.038340 
2.000000 4.135000 47.079987 19.467575 2.038340 
2.000000 4.125000 47.079987 19.420495 2.038340 
2.000000 4.115000 47.079987 19.373415 2.038340 
2.000000 4.105000 47.079987 19.326335 2.038340 
2.000000 4.095000 47.079987 19.279255 2.038340 
2.000000 4.085000 47.079987 19.232175 2.038340 
2.000000 4.075000 47.079987 19.185095 2.038340 
2.000000 4.065000 47.079987 19.138015 2.038340 
2.000000 4.055000 47.079987 19.090935 2.038340 
2.000000 4.045000 47.079987 19.043855 2.038340 
2.000000 4.035000 47.079987 18.996775 2.038340 
2.000000 4.025000 47.079987 18.949695 2.038340 
2.000000 4.015000 47.079987 18.902615 2.038340 
2.000000 4.005000 47.079987 18.855535 2.038340 
2.000000 3.995000 47.079987 18.808455 2.038340 
2.000000 3.985000 47.079987 18.761375 2.038340 
2.000000 3.975000 47.079987 18.714295 2.038340 
2.000000 3.965000 47.079987 18.667215 2.038340 
2.000000 3.955000 47.079987 18.620135 2.038340 
2.000000 3.945000 47.079987 18.573055 2.038340 
2.000000 3.935000 47.079987 18.525975 2.038340 
2.000000 3.925000 47.079987 18.478895 2.038340 
2.000000 3.915000 47.079987 18.431815 2.038340 
2.000000 3.905000 47.079987 18.384735 2.038340 
2.000000 3.895000 47.079987 18.337655 2.038340 
2.000000 3.885000 47.079987 18.290575 2.038340 
2.000000 3.875000 47.079987 18.243495 2.038340 
2.000000 3.865000 47.079987 18.196415 2.038340 
2.000000 3.855000 47.079987 18.149335 2.038340 
2.000000 3.845000 47.079987 18.102255 2.038340 
2.000000 3.835000 47.079987 18.055175 2.038340 
2.000000 3.825000 47.079987 18.008095 2.038340 
2.000000 3.815000 47.079987 17.961015 2.038340 
2.000000 3.805000 47.079987 17.913935 2.038340 
2.000000 3.795000 47.079987 17.866855 2.038340 
2.000000 3.785000 47.079987 17.819775 2.038340 
2.000000 3.775000 47.079987 17.772695 2.038340 
2.000000 3.765000 47.079987 17.725615 2.038340 
2.000000 3.755000 47.079987 17.678535 2.038340 
2.000000 3.745000 47.079987 17.631455 2.038340 
2.000000 3.735000 47.079987 17.584375 2.038340 
2.000000 3.725000 47.079987 17.537295 2.038340 
2.000000 3.715000 47.079987 17.490215 2.038340 
2.000000 3.705000 47.079987 17.443135 2.038340 
2.000000 3.695000 47.079987 17.396055 2.038340 
2.000000 3.685000 47.079987 17.348975 2.038340 
2.000000 3.675000 47.079987 17.301895 2.038340 
2.000000 3.665000 47.079987 17.254815 2.038340 
2.000000 3.655000 47.079987 17.207735 2.038340 
2.000000 3.645000 47.079987 17.160655 2.038340 
2.000000 3.635000 47.079987 17.113575 2.038340 
2.000000 3.625000 47.079987 17.066495 2.038340 
2.000000 3.615000 47.079987 17.019415 2.038340 
2.000000 3.605000 47.079987 16.972335 2.038340 
2.000000 3.595000 47.079987 16.925255 2.038340 
2.000000 3.585000 47.079987 16.878175 2.038340 
2.000000 3.575000 47.079987 16.831095 2.038340 
2.000000 3.565000 47.079987 16.784015 2.038340 
2.000000 3.555000 47.079987 16.736935 2.038340 
2.000000 3.545000 47.079987 16.689855 2.038340 
2.000000 3.535000 47.079987 16.642775 2.038340 
2.000000 3.525000 47.079987 16.595695 2.038340 
2.000000 3.515000 47.079987 16.548615 2.038340 
2.000000 3.505000 47.079987 16.501536 2.038340 
2.000000 3.495000 47.079987 16.454456 2.038340 
2.000000 3.485000 47.079987 16.407376 2.038340 
2.000000 3.475000 47.079987 16.360296 2.038340 
2.000000 3.465000 47.079987 16.313216 2.038340 
2.000000 3.455000 47.079987 16.266136 2.038340 
2.000000 3.445000 47.079987 16.219056 2.038340 
2.000000 3.435000 47.079987 16.171976 2.038340 
2.000000 3.425000 47.079987 16.124896 2.038340 
2.000000 3.415000 47.079987 16.077816 2.038340 
2.000000 3.405000 47.079987 16.030736 2.038340 
2.000000 3.395000 47.079987 15.983656 2.038340 
2.000000 3.385000 47.079987 15.936576 2.038340 
2.000000 3.375000 47.079987 15.889496 2.038340 
2.000000 3.365000 47.079987 15.842416 2.038340 
2.000000 3.355000 47.079987 15.795336 2.038340 
2.000000 3.345000 47.079987 15.748256 2.038340 
2.000000 3.335000 47.079987 15.701176 2.038340 
2.000000 3.325000 47.079987 15.654096 2.038340 
2.000000 3.315000 47.079987 15.607016 2.038340 
2.000000 3.305000 47.079987 15.559936 2.038340 
2.000000 3.295000 47.079987 15.512856 2.038340 
2.000000 3.285000 47.079987 15.465776 2.038340 
2.000000 3.275000 47.079987 15.418696 2.038340 
2.000000 3.265000 47.079987 15.371616 2.038340 
2.000000 3.255000 47.079987 15.324536 2.038340 
2.000000 3.245000 47.079987 15.277456 2.038340 
2.000000 3.235000 47.079987 15.230376 2.038340 
2.000000 3.225000 47.079987 15.183296 2.038340 
2.000000 3.215000 47.079987 15.136216 2.038340 
2.000000 3.205000 47.079987 15.089136 2.038340 
2.000000 3.195000 47.079987 15.042056 2.038340 
2.000000 3.185000 47.079987 14.994976 2.038340 
2.000000 3.175000 47.079987 14.947896 2.038340 
2.000000 3.165000 47.079987 14.900816 2.038340 
2.000000 3.155000 47.079987 14.853736 2.038340 
2.000000 3.145000 47.079987 14.806656 2.038340 
2.000000 3.135000 47.079987 14.759576 2.038340 
2.000000 3.125000 47.079987 14.712496 2.038340 
2.000000 3.115000 47.079987 14.665416 2.038340 
2.000000 3.105000 47.079987 14.618336 2.038340 
2.000000 3.095000 47.079987 14.571256 2.038340 
2.000000 3.085000 47.079987 14.524176 2.038340 
2.000000 3.075000 47.079987 14.477096 2.038340 
2.000000 3.065000 47.079987 14.430016 2.038340 
2.000000 3.055000 47.079987 14.382936 2.038340 
2.000000 3.045000 47.079987 14.335856 2.038340 
2.000000 3.035000 47.079987 14.288776 2.038340 
2.000000 3.025000 47.079987 14.241696 2.038340 
2.000000 3.015000 47.079987 14.194616 2.038340 
2.000000 3.005000 47.079987 14.147536 2.038340 
2.000000 2.995000 47.079987 14.100456 2.038340 
2.000000 2.985000 47.079987 14.053376 2.038340 
2.000000 2.975000 47.079987 14.006296 2.038340 
2.000000 2.965000 47.079987 13.959216 2.038340 
2.000000 2.955000 47.079987 13.912136 2.038340 
2.000000 2.945000 47.079987 13.865056 2.038340 
2.000000 2.935000 47.079987 13.817976 2.038340 
2.000000 2.925000 47.079987 13.770896 2.038340 
2.000000 2.915000 47.079987 13.723816 2.038340 
2.000000 2.905000 47.079987 13.676736 2.038340 
2.000000 2.895000 47.079987 13.629656 2.038340 
2.000000 2.885000 47.079987 13.582576 2.038340 
2.000000 2.875000 47.079987 13.535496 2.038340 
2.000000 2.865000 47.079987 13.488416 2.038340 
2.000000 2.855000 47.079987 13.441336 2.038340 
2.000000 2.845000 47.079987 13.394256 2.038340 
2.000000 2.835000 47.079987 13.347176 2.038340 
2.000000 2.825000 47.079987 13.300096 2.038340 
2.000000 2.815000 47.079987 13.253016 2.038340 
2.000000 2.805000 47.079987 13.205936 2.038340 
2.000000 2.795000 47.079987 13.158856 2.038340 
2.000000 2.785000 47.079987 13.111776 2.038340 
2.000000 2.775000 47.079987 13.064696 2.038340 
2.000000 2.765000 47.079987 13.017616 2.038340 
2.000000 2.755000 47.079987 12.970536 2.038340 
2.000000 2.745000 47.079987 12.923456 2.038340 
2.000000 2.735000 47.079987 12.876376 2.038340 
2.000000 2.725000 47.079987 12.829297 2.038340 
2.000000 2.715000 47.079987 12.782217 2.038340 
2.000000 2.705000 47.079987 12.735137 2.038340 
2.000000 2.695000 47.079987 12.688057 2.038340 
2.000000 2.685000 47.079987 12.640977 2.038340 
2.000000 2.675000 47.079987 12.593897 2.038340 
2.000000 2.665000 47.079987 12.546817 2.038340 
2.000000 2.655000 47.079987 12.499737 2.038340 
2.000000 2.645000 47.079987 12.452657 2.038340 
2.000000 2.635000 47.079987 12.405577 2.038340 
2.000000 2.625000 47.079987 12.358497 2.038340 
2.000000 2.615000 47.079987 12.311417 2.038340 
2.000000 2.605000 47.079987 12.264337 2.038340 
2.000000 2.595000 47.079987 12.217257 2.038340 
2.000000 2.585000 47.079987 12.170177 2.038340 
2.000000 2.575000 47.079987 12.123097 2.038340 
2.000000 2.565000 47.079987 12.076017 2.038340 
2.000000 2.555000 47.079987 12.028937 2.038340 
2.000000 2.545000 47.079987 11.981857 2.038340 
2.000000 2.535000 47.079987 11.934777 2.038340 
2.000000 2.525000 47.079987 11.887697 2.038340 
2.000000 2.515000 47.079987 11.840617 2.038340 
2.000000 2.505000 47.079987 11.793537 2.038340 
2.000000 2.495000 47.079987 11.746457 2.038340 
2.000000 2.485000 47.079987 11.699377 2.038340 
2.000000 2.475000 47.079987 11.652297 2.038340 
2.000000 2.465000 47.079987 11.605217 2.038340 
2.000000 2.455000 47.079987 11.558137 2.038340 
2.000000 2.445000 47.079987 11.511057 2.038340 
2.000000 2.435000 47.079987 11.463977 2.038340 
2.000000 2.425000 47.079987 11.416897 2.038340 
2.000000 2.415000 47.079987 11.369817 2.038340 
2.000000 2.405000 47.079987 11.322737 2.038340 
2.000000 2.395000 47.079987 11.275657 2.038340 
2.000000 2.385000 47.079987 11.228577 2.038340 
2.000000 2.375000 47.079987 11.181497 2.038340 
2.000000 2.365000 47.079987 11.134417 2.038340 
2.000000 2.355000 47.079987 11.087337 2.038340 
2.000000 2.345000 47.079987 11.040257 2.038340 
2.000000 2.335000 47.079987 10.993177 2.038340 
2.000000 2.325000 47.079987 10.946097 2.038340 
2.000000 2.315000 47.079987 10.899017 2.038340 
2.000000 2.305000 47.079987 10.851937 2.038340 
2.000000 2.295000 47.079987 10.804857 2.038340 
2.000000 2.285000 47.079987 10.757777 2.038340 
2.000000 2.275000 47.079987 10.710697 2.038340 
2.000000 2.265000 47.079987 10.663617 2.038340 
2.000000 2.255000 47.079987 10.616537 2.038340 
2.000000 2.245000 47.079987 10.569457 2.038340 
2.000000 2.235000 47.079987 10.522377 2.038340 
2.000000 2.225000 47.079987 10.475297 2.038340 
2.000000 2.215000 47.079987 10.428217 2.038340 
2.000000 2.205000 47.079987 10.381137 2.038340 
2.000000 2.195000 47.079987 10.334057 2.038340 
2.000000 2.185000 47.079987 10.286977 2.038340 
2.000000 2.175000 47.079987 10.239897 2.038340 
2.000000 2.165000 47.079987 10.192817 2.038340 
2.000000 2.155000 47.079987 10.145737 2.038340 
2.000000 2.145000 47.079987 10.098657 2.038340 
2.000000 2.135000 47.079987 10.051577 2.038340 
2.000000 2.125000 47.079987 10.004497 2.038340 
2.000000 2.115000 47.079987 9.957417 2.038340 
2.000000 2.105000 47.079987 9.910337 2.038340 
2.000000 2.095000 47.079987 9.863257 2.038340 
2.000000 2.085000 47.079987 9.816177 2.038340 
2.000000 2.075000 47.079987 9.769097 2.038340 
2.000000 2.065000 47.079987 9.722017 2.038340 
2.000000 2.055000 47.079987 9.674937 2.038340 
2.000000 2.045000 47.079987 9.627857 2.038340 
1.993132 2.035000 47.079987 9.580777 2.033739 
1.979302 2.025000 47.079987 9.533697 2.023560 
1.965344 2.015000 47.079987 9.486617 2.013312 
1.951258 2.005000 47.079987 9.439537 2.002993 
1.937043 1.995000 47.079987 9.392457 1.992600 
1.926297 1.985000 47.079987 9.345377 1.984755 
1.911853 1.975000 47.079987 9.298297 1.974226 
1.897276 1.965000 47.079987 9.251217 1.963617 
1.882566 1.955000 47.079987 9.204137 1.952925 
1.871445 1.945000 47.079987 9.157058 1.944849 
1.856498 1.935000 47.079987 9.109978 1.934003 
1.841414 1.925000 47.079987 9.062898 1.923067 
1.830010 1.915000 47.079987 9.015818 1.914803 
1.814683 1.905000 47.079987 8.968738 1.903699 
1.799216 1.895000 47.079987 8.921658 1.892495 
1.787521 1.885000 47.079987 8.874578 1.884025 
1.771804 1.875000 47.079987 8.827498 1.872638 
1.759921 1.865000 47.079987 8.780418 1.864026 
1.743949 1.855000 47.079987 8.733338 1.852446 
1.731874 1.845000 47.079987 8.686258 1.843685 
1.719715 1.835000 47.079987 8.639178 1.834857 
1.703372 1.825000 47.079987 8.592098 1.822979 
1.691015 1.815000 47.079987 8.545018 1.813988 
1.678573 1.805000 47.079987 8.497938 1.804924 
1.661849 1.795000 47.079987 8.450858 1.792723 
1.649204 1.785000 47.079987 8.403778 1.783482 
1.636470 1.775000 47.079987 8.356698 1.774161 
1.623648 1.765000 47.079987 8.309618 1.764760 
1.606411 1.755000 47.079987 8.262538 1.752094 
1.593378 1.745000 47.079987 8.215458 1.742494 
1.580253 1.735000 47.079987 8.168378 1.732805 
1.567036 1.725000 47.079987 8.121298 1.723025 
1.553725 1.715000 47.079987 8.074218 1.713151 
1.540320 1.705000 47.079987 8.027138 1.703181 
1.526820 1.695000 47.079987 7.980058 1.693112 
1.513224 1.685000 47.079987 7.932978 1.682941 
1.499531 1.675000 47.079987 7.885898 1.672665 
1.485741 1.665000 47.079987 7.838818 1.662282 
1.471851 1.655000 47.079987 7.791738 1.651788 
1.462536 1.645000 47.079987 7.744658 1.644729 
1.448480 1.635000 47.079987 7.697578 1.634043 
1.434323 1.625000 47.079987 7.650498 1.623237 
1.420063 1.615000 47.079987 7.603418 1.612309 
1.410498 1.605000 47.079987 7.556338 1.604953 
1.396065 1.595000 47.079987 7.509258 1.593811 
1.381527 1.585000 47.079987 7.462178 1.582536 
1.371775 1.575000 47.079987 7.415098 1.574943 
1.357059 1.565000 47.079987 7.368018 1.563436 
1.342234 1.555000 47.079987 7.320938 1.551785 
1.332290 1.545000 47.079987 7.273858 1.543934 
1.317282 1.535000 47.079987 7.226778 1.532031 
1.307214 1.525000 47.079987 7.179698 1.524009 
1.292020 1.515000 47.079987 7.132618 1.511841 
1.281827 1.505000 47.079987 7.085538 1.503637 
1.266442 1.495000 47.079987 7.038458 1.491189 
1.256121 1.485000 47.079987 6.991378 1.482793 
1.245748 1.475000 47.079987 6.944298 1.474317 
1.230091 1.465000 47.079987 6.897218 1.461450 
1.219587 1.455000 47.079987 6.850138 1.452766 
1.209029 1.445000 47.079987 6.803058 1.443996 
1.193092 1.435000 47.079987 6.755978 1.430675 
1.182400 1.425000 47.079987 6.708898 1.421680 
1.171653 1.415000 47.079987 6.661818 1.412591 
1.160850 1.405000 47.079987 6.614738 1.403406 
1.149992 1.395000 47.079987 6.567658 1.394122 
1.139078 1.385000 47.079987 6.520578 1.384737 
1.122600 1.375000 47.079987 6.473498 1.370465 
1.111543 1.365000 47.079987 6.426418 1.360816 
1.100429 1.355000 47.079987 6.379338 1.351057 
1.089256 1.345000 47.079987 6.332258 1.341185 
1.078025 1.335000 47.079987 6.285178 1.331196 
1.066735 1.325000 47.079987 6.238098 1.321089 
1.055384 1.315000 47.079987 6.191018 1.310858 
1.043974 1.305000 47.079987 6.143938 1.300502 
1.032503 1.295000 47.079987 6.096858 1.290017 
1.026745 1.285000 47.079987 6.049778 1.284725 
1.015182 1.275000 47.079987 6.002698 1.274039 
1.003558 1.265000 47.079987 5.955618 1.263214 
0.991870 1.255000 47.079987 5.908538 1.252247 
0.980120 1.245000 47.079987 5.861458 1.241133 
0.968307 1.235000 47.079987 5.814378 1.229868 
0.962376 1.225000 47.079987 5.767298 1.224177 
0.950467 1.215000 47.079987 5.720218 1.212677 
0.938493 1.205000 47.079987 5.673138 1.201015 
0.926454 1.195000 47.079987 5.626058 1.189185 
0.920409 1.185000 47.079987 5.578978 1.183205 
0.908271 1.175000 47.079987 5.531898 1.171114 
0.896067 1.165000 47.079987 5.484819 1.158841 
0.889940 1.155000 47.079987 5.437739 1.152635 
0.877635 1.145000 47.079987 5.390659 1.140081 
0.871457 1.135000 47.079987 5.343579 1.133730 
0.859050 1.125000 47.079987 5.296499 1.120879 
0.852821 1.115000 47.079987 5.249419 1.114376 
0.840312 1.105000 47.079987 5.202339 1.101214 
0.834032 1.095000 47.079987 5.155259 1.094552 
0.821419 1.085000 47.079987 5.108179 1.081062 
0.815087 1.075000 47.079987 5.061099 1.074232 
0.802370 1.065000 47.079987 5.014019 1.060397 
0.795985 1.055000 47.079987 4.966939 1.053390 
0.783163 1.045000 47.079987 4.919859 1.039193 
0.776725 1.035000 47.079987 4.872779 1.031999 
0.770270 1.025000 47.079987 4.825699 1.024742 
0.757306 1.015000 47.079987 4.778619 1.010029 
0.750798 1.005000 47.079987 4.731539 1.002571 
0.737728 0.995000 47.079987 4.684459 0.987447 
0.731167 0.985000 47.079987 4.637379 0.979777 
0.724587 0.975000 47.079987 4.590299 0.972035 
0.717990 0.965000 47.079987 4.543219 0.964218 
0.704742 0.955000 47.079987 4.496139 0.948354 
0.698092 0.945000 47.079987 4.449059 0.940304 
0.691423 0.935000 47.079987 4.401979 0.932174 
0.684737 0.925000 47.079987 4.354899 0.923961 
0.671312 0.915000 47.079987 4.307819 0.907284 
0.664573 0.905000 47.079987 4.260739 0.898815 
0.657817 0.895000 47.079987 4.213659 0.890257 
0.651043 0.885000 47.079987 4.166579 0.881609 
0.644252 0.875000 47.079987 4.119499 0.872868 
0.637443 0.865000 47.079987 4.072419 0.864033 
0.623775 0.855000 47.079987 4.025339 0.846071 
0.616915 0.845000 47.079987 3.978259 0.836941 
0.610039 0.835000 47.079987 3.931179 0.827708 
0.603146 0.825000 47.079987 3.884099 0.818371 
0.596237 0.815000 47.079987 3.837019 0.808927 
0.589311 0.805000 47.079987 3.789939 0.799373 
0.582369 0.795000 47.079987 3.742859 0.789708 
0.575412 0.785000 47.079987 3.695779 0.779930 
0.568439 0.775000 47.079987 3.648699 0.770035 
0.561451 0.765000 47.079987 3.601619 0.760022 
0.554448 0.755000 47.079987 3.554539 0.749888 
0.547430 0.745000 47.079987 3.507459 0.739630 
0.540399 0.735000 47.079987 3.460379 0.729245 
0.533353 0.725000 47.079987 3.413299 0.718731 
0.526294 0.715000 47.079987 3.366219 0.708086 
0.519223 0.705000 47.079987 3.319139 0.697306 
0.512139 0.695000 47.079987 3.272059 0.686389 
0.505043 0.685000 47.079987 3.224979 0.675331 
0.497936 0.675000 47.079987 3.177899 0.664130 
0.497936 0.665000 47.079987 3.130819 0.664130 
0.490819 0.655000 47.079987 3.083739 0.652783 
0.483692 0.645000 47.079987 3.036659 0.641287 
0.476557 0.635000 47.079987 2.989579 0.629638 
0.469413 0.625000 47.079987 2.942499 0.617835 
0.462262 0.615000 47.079987 2.895419 0.605873 
0.455105 0.605000 47.079987 2.848339 0.593750 
0.455105 0.595000 47.079987 2.801259 0.593750 
0.447943 0.585000 47.079987 2.754179 0.581463 
0.440778 0.575000 47.079987 2.707099 0.569009 
0.433610 0.565000 47.079987 2.660019 0.556385 
0.426442 0.555000 47.079987 2.612939 0.543588 
0.426442 0.545000 47.079987 2.565859 0.543588 
0.419273 0.535000 47.079987 2.518779 0.530616 
0.412107 0.525000 47.079987 2.471699 0.517466 
0.404946 0.515000 47.079987 2.424619 0.504136 
0.404946 0.505000 47.079987 2.377539 0.504136 
0.397790 0.495000 47.079987 2.330459 0.490624 
0.390643 0.485000 47.079987 2.283379 0.476927 
0.383506 0.475000 47.079987 2.236299 0.463045 
0.383506 0.465000 47.079987 2.189219 0.463045 
0.376382 0.455000 47.079987 2.142139 0.448976 
0.369275 0.445000 47.079987 2.095059 0.434720 
0.369275 0.435000 47.079987 2.047979 0.434720 
0.362186 0.425000 47.079987 2.000899 0.420277 
0.355120 0.415000 47.079987 1.953819 0.405647 
0.348080 0.405000 47.079987 1.906739 0.390831 
0.348080 0.395000 47.079987 1.859659 0.390831 
0.341070 0.385000 47.079987 1.812580 0.375833 
0.334094 0.375000 47.079987 1.765500 0.360655 
0.334094 0.365000 47.079987 1.718420 0.360655 
0.327157 0.355000 47.079987 1.671340 0.345302 
0.320264 0.345000 47.079987 1.624260 0.329780 
0.320264 0.335000 47.079987 1.577180 0.329780 
0.313421 0.325000 47.079987 1.530100 0.314096 
0.313421 0.315000 47.079987 1.483020 0.314096 
0.306633 0.305000 47.079987 1.435940 0.298261 
0.299908 0.295000 47.079987 1.388860 0.282286 
0.299908 0.285000 47.079987 1.341780 0.282286 
0.293252 0.275000 47.079987 1.294700 0.266185 
0.286674 0.265000 47.079987 1.247620 0.249976 
0.286674 0.255000 47.079987 1.200540 0.249976 
0.280182 0.245000 47.079987 1.153460 0.233678 
0.280182 0.235000 47.079987 1.106380 0.233678 
0.273785 0.225000 47.079987 1.059300 0.217316 
0.267494 0.215000 47.079987 1.012220 0.200917 
0.267494 0.205000 47.079987 0.965140 0.200917 
0.261319 0.195000 47.079987 0.918060 0.184514 
0.261319 0.185000 47.079987 0.870980 0.184514 
0.255273 0.175000 47.079987 0.823900 0.168145 
0.249368 0.165000 47.079987 0.776820 0.151853 
0.249368 0.155000 47.079987 0.729740 0.151853 
0.243618 0.145000 47.079987 0.682660 0.135687 
0.238039 0.135000 47.079987 0.635580 0.119703 
0.238039 0.125000 47.079987 0.588500 0.119703 
0.232645 0.115000 47.079987 0.541420 0.103962 
0.232645 0.105000 47.079987 0.494340 0.103962 
0.227455 0.095000 47.079987 0.447260 0.088536 
0.222486 0.085000 47.079987 0.400180 0.073500 
0.222486 0.075000 47.079987 0.353100 0.073500 
0.217756 0.065000 47.079987 0.306020 0.058939 
0.213286 0.055000 47.079987 0.258940 0.044943 
0.213286 0.045000 47.079987 0.211860 0.044943 
0.209095 0.035000 47.079987 0.164780 0.031610 
0.205205 0.025000 47.079987 0.117700 0.019042 
0.201636 0.015000 47.079987 0.070620 0.007344 
