1.999998 9.985000 1.014308 1.012786 3.767741 
1.999998 9.975000 1.014308 1.011772 3.767741 
1.999998 9.965000 1.014308 1.010757 3.767741 
1.999998 9.955000 1.014308 1.009743 3.767741 
1.999998 9.945000 1.014308 1.008729 3.767741 
1.999998 9.935000 1.014308 1.007715 3.767741 
1.999998 9.925000 1.014308 1.006700 3.767741 
1.999998 9.915000 1.014308 1.005686 3.767741 
1.999998 9.905000 1.014308 1.004672 3.767741 
1.999998 9.895000 1.014308 1.003657 3.767741 
1.999998 9.885000 1.014308 1.002643 3.767741 
1.999998 9.875000 1.014308 1.001629 3.767741 
1.999998 9.865000 1.014308 1.000614 3.767741 
1.999998 9.855000 1.014308 0.999600 3.767741 
1.999998 9.845000 1.014308 0.998586 3.767741 
1.999998 9.835000 1.014308 0.997572 3.767741 
1.999998 9.825000 1.014308 0.996557 3.767741 
1.999998 9.815000 1.014308 0.995543 3.767741 
1.999998 9.805000 1.014308 0.994529 3.767741 
1.999998 9.795000 1.014308 0.993514 3.767741 
1.999998 9.785000 1.014308 0.992500 3.767741 
1.999998 9.775000 1.014308 0.991486 3.767741 
1.999998 9.765000 1.014308 0.990471 3.767741 
1.999998 9.755000 1.014308 0.989457 3.767741 
1.999998 9.745000 1.014308 0.988443 3.767741 
1.999998 9.735000 1.014308 0.987428 3.767741 
1.999998 9.725000 1.014308 0.986414 3.767741 
1.999998 9.715000 1.014308 0.985400 3.767741 
1.999998 9.705000 1.014308 0.984386 3.767741 
1.999998 9.695000 1.014308 0.983371 3.767741 
1.999998 9.685000 1.014308 0.982357 3.767741 
1.999998 9.675000 1.014308 0.981343 3.767741 
1.999998 9.665000 1.014308 0.980328 3.767741 
1.999998 9.655000 1.014308 0.979314 3.767741 
1.999998 9.645000 1.014308 0.978300 3.767741 
1.999998 9.635000 1.014308 0.977285 3.767741 
1.999998 9.625000 1.014308 0.976271 3.767741 
1.999998 9.615000 1.014308 0.975257 3.767741 
1.999998 9.605000 1.014308 0.974242 3.767741 
1.999998 9.595000 1.014308 0.973228 3.767741 
1.999998 9.585000 1.014308 0.972214 3.767741 
1.999998 9.575000 1.014308 0.971200 3.767741 
1.999998 9.565000 1.014308 0.970185 3.767741 
1.999998 9.555000 1.014308 0.969171 3.767741 
1.999998 9.545000 1.014308 0.968157 3.767741 
1.999998 9.535000 1.014308 0.967142 3.767741 
1.999998 9.525000 1.014308 0.966128 3.767741 
1.999998 9.515000 1.014308 0.965114 3.767741 
1.999998 9.505000 1.014308 0.964099 3.767741 
1.999998 9.495000 1.014308 0.963085 3.767741 
1.999998 9.485000 1.014308 0.962071 3.767741 
1.999998 9.475000 1.014308 0.961056 3.767741 
1.999998 9.465000 1.014308 0.960042 3.767741 
1.999998 9.455000 1.014308 0.959028 3.767741 
1.999998 9.445000 1.014308 0.958014 3.767741 
1.999998 9.435000 1.014308 0.956999 3.767741 
1.999998 9.425000 1.014308 0.955985 3.767741 
1.999998 9.415000 1.014308 0.954971 3.767741 
1.999998 9.405000 1.014308 0.953956 3.767741 
1.999998 9.395000 1.014308 0.952942 3.767741 
1.999998 9.385000 1.014308 0.951928 3.767741 
1.999998 9.375000 1.014308 0.950913 3.767741 
1.999998 9.365000 1.014308 0.949899 3.767741 
1.999998 9.355000 1.014308 0.948885 3.767741 
1.999998 9.345000 1.014308 0.947870 3.767741 
1.999998 9.335000 1.014308 0.946856 3.767741 
1.999998 9.325000 1.014308 0.945842 3.767741 
1.999998 9.315000 1.014308 0.944828 3.767741 
1.999998 9.305000 1.014308 0.943813 3.767741 
1.999998 9.295000 1.014308 0.942799 3.767741 
1.999998 9.285000 1.014308 0.941785 3.767741 
1.999998 9.275000 1.014308 0.940770 3.767741 
1.999998 9.265000 1.014308 0.939756 3.767741 
1.999998 9.255000 1.014308 0.938742 3.767741 
1.999998 9.245000 1.014308 0.937727 3.767741 
1.999998 9.235000 1.014308 0.936713 3.767741 
1.999998 9.225000 1.014308 0.935699 3.767741 
1.999998 9.215000 1.014308 0.934684 3.767741 
1.999998 9.205000 1.014308 0.933670 3.767741 
1.999998 9.195000 1.014308 0.932656 3.767741 
1.999998 9.185000 1.014308 0.931642 3.767741 
1.999998 9.175000 1.014308 0.930627 3.767741 
1.999998 9.165000 1.014308 0.929613 3.767741 
1.999998 9.155000 1.014308 0.928599 3.767741 
1.999998 9.145000 1.014308 0.927584 3.767741 
1.999998 9.135000 1.014308 0.926570 3.767741 
1.999998 9.125000 1.014308 0.925556 3.767741 
1.999998 9.115000 1.014308 0.924541 3.767741 
1.999998 9.105000 1.014308 0.923527 3.767741 
1.999998 9.095000 1.014308 0.922513 3.767741 
1.999998 9.085000 1.014308 0.921498 3.767741 
1.999998 9.075000 1.014308 0.920484 3.767741 
1.999998 9.065000 1.014308 0.919470 3.767741 
1.999998 9.055000 1.014308 0.918456 3.767741 
1.999998 9.045000 1.014308 0.917441 3.767741 
1.999998 9.035000 1.014308 0.916427 3.767741 
1.999998 9.025000 1.014308 0.915413 3.767741 
1.999998 9.015000 1.014308 0.914398 3.767741 
1.999998 9.005000 1.014308 0.913384 3.767741 
1.999998 8.995000 1.014308 0.912370 3.767741 
1.999998 8.985000 1.014308 0.911355 3.767741 
1.999998 8.975000 1.014308 0.910341 3.767741 
1.999998 8.965000 1.014308 0.909327 3.767741 
1.999998 8.955000 1.014308 0.908312 3.767741 
1.999998 8.945000 1.014308 0.907298 3.767741 
1.999998 8.935000 1.014308 0.906284 3.767741 
1.999998 8.925000 1.014308 0.905270 3.767741 
1.999998 8.915000 1.014308 0.904255 3.767741 
1.999998 8.905000 1.014308 0.903241 3.767741 
1.999998 8.895000 1.014308 0.902227 3.767741 
1.999998 8.885000 1.014308 0.901212 3.767741 
1.999998 8.875000 1.014308 0.900198 3.767741 
1.999998 8.865000 1.014308 0.899184 3.767741 
1.999998 8.855000 1.014308 0.898169 3.767741 
1.999998 8.845000 1.014308 0.897155 3.767741 
1.999998 8.835000 1.014308 0.896141 3.767741 
1.999998 8.825000 1.014308 0.895126 3.767741 
1.999998 8.815000 1.014308 0.894112 3.767741 
1.999998 8.805000 1.014308 0.893098 3.767741 
1.999998 8.795000 1.014308 0.892084 3.767741 
1.999998 8.785000 1.014308 0.891069 3.767741 
1.999998 8.775000 1.014308 0.890055 3.767741 
1.999998 8.765000 1.014308 0.889041 3.767741 
1.999998 8.755000 1.014308 0.888026 3.767741 
1.999998 8.745000 1.014308 0.887012 3.767741 
1.999998 8.735000 1.014308 0.885998 3.767741 
1.999998 8.725000 1.014308 0.884983 3.767741 
1.999998 8.715000 1.014308 0.883969 3.767741 
1.999998 8.705000 1.014308 0.882955 3.767741 
1.999998 8.695000 1.014308 0.881940 3.767741 
1.999998 8.685000 1.014308 0.880926 3.767741 
1.999998 8.675000 1.014308 0.879912 3.767741 
1.999998 8.665000 1.014308 0.878898 3.767741 
1.999998 8.655000 1.014308 0.877883 3.767741 
1.999998 8.645000 1.014308 0.876869 3.767741 
1.999998 8.635000 1.014308 0.875855 3.767741 
1.999998 8.625000 1.014308 0.874840 3.767741 
1.999998 8.615000 1.014308 0.873826 3.767741 
1.999998 8.605000 1.014308 0.872812 3.767741 
1.999998 8.595000 1.014308 0.871797 3.767741 
1.999998 8.585000 1.014308 0.870783 3.767741 
1.999998 8.575000 1.014308 0.869769 3.767741 
1.999998 8.565000 1.014308 0.868754 3.767741 
1.999998 8.555000 1.014308 0.867740 3.767741 
1.999998 8.545000 1.014308 0.866726 3.767741 
1.999998 8.535000 1.014308 0.865712 3.767741 
1.999998 8.525000 1.014308 0.864697 3.767741 
1.999998 8.515000 1.014308 0.863683 3.767741 
1.999998 8.505000 1.014308 0.862669 3.767741 
1.999998 8.495000 1.014308 0.861654 3.767741 
1.999998 8.485000 1.014308 0.860640 3.767741 
1.999998 8.475000 1.014308 0.859626 3.767741 
1.999998 8.465000 1.014308 0.858611 3.767741 
1.999998 8.455000 1.014308 0.857597 3.767741 
1.999998 8.445000 1.014308 0.856583 3.767741 
1.999998 8.435000 1.014308 0.855568 3.767741 
1.999998 8.425000 1.014308 0.854554 3.767741 
1.999998 8.415000 1.014308 0.853540 3.767741 
1.999998 8.405000 1.014308 0.852526 3.767741 
1.999998 8.395000 1.014308 0.851511 3.767741 
1.999998 8.385000 1.014308 0.850497 3.767741 
1.999998 8.375000 1.014308 0.849483 3.767741 
1.999998 8.365000 1.014308 0.848468 3.767741 
1.999998 8.355000 1.014308 0.847454 3.767741 
1.999998 8.345000 1.014308 0.846440 3.767741 
1.999998 8.335000 1.014308 0.845425 3.767741 
1.999998 8.325000 1.014308 0.844411 3.767741 
1.999998 8.315000 1.014308 0.843397 3.767741 
1.999998 8.305000 1.014308 0.842382 3.767741 
1.999998 8.295000 1.014308 0.841368 3.767741 
1.999998 8.285000 1.014308 0.840354 3.767741 
1.999998 8.275000 1.014308 0.839340 3.767741 
1.999998 8.265000 1.014308 0.838325 3.767741 
1.999998 8.255000 1.014308 0.837311 3.767741 
1.999998 8.245000 1.014308 0.836297 3.767741 
1.999998 8.235000 1.014308 0.835282 3.767741 
1.999998 8.225000 1.014308 0.834268 3.767741 
1.999998 8.215000 1.014308 0.833254 3.767741 
1.999998 8.205000 1.014308 0.832239 3.767741 
1.999998 8.195000 1.014308 0.831225 3.767741 
1.999998 8.185000 1.014308 0.830211 3.767741 
1.999998 8.175000 1.014308 0.829196 3.767741 
1.999998 8.165000 1.014308 0.828182 3.767741 
1.999998 8.155000 1.014308 0.827168 3.767741 
1.999998 8.145000 1.014308 0.826154 3.767741 
1.999998 8.135000 1.014308 0.825139 3.767741 
1.999998 8.125000 1.014308 0.824125 3.767741 
1.999998 8.115000 1.014308 0.823111 3.767741 
1.999998 8.105000 1.014308 0.822096 3.767741 
1.999998 8.095000 1.014308 0.821082 3.767741 
1.999998 8.085000 1.014308 0.820068 3.767741 
1.999998 8.075000 1.014308 0.819053 3.767741 
1.999998 8.065000 1.014308 0.818039 3.767741 
1.999998 8.055000 1.014308 0.817025 3.767741 
1.999998 8.045000 1.014308 0.816010 3.767741 
1.999998 8.035000 1.014308 0.814996 3.767741 
1.999998 8.025000 1.014308 0.813982 3.767741 
1.999998 8.015000 1.014308 0.812968 3.767741 
1.999998 8.005000 1.014308 0.811953 3.767741 
1.999998 7.995000 1.014308 0.810939 3.767741 
1.999998 7.985000 1.014308 0.809925 3.767741 
1.999998 7.975000 1.014308 0.808910 3.767741 
1.999998 7.965000 1.014308 0.807896 3.767741 
1.999998 7.955000 1.014308 0.806882 3.767741 
1.999998 7.945000 1.014308 0.805867 3.767741 
1.999998 7.935000 1.014308 0.804853 3.767741 
1.999998 7.925000 1.014308 0.803839 3.767741 
1.999998 7.915000 1.014308 0.802824 3.767741 
1.999998 7.905000 1.014308 0.801810 3.767741 
1.999998 7.895000 1.014308 0.800796 3.767741 
1.999998 7.885000 1.014308 0.799782 3.767741 
1.999998 7.875000 1.014308 0.798767 3.767741 
1.999998 7.865000 1.014308 0.797753 3.767741 
1.999998 7.855000 1.014308 0.796739 3.767741 
1.999998 7.845000 1.014308 0.795724 3.767741 
1.999998 7.835000 1.014308 0.794710 3.767741 
1.999998 7.825000 1.014308 0.793696 3.767741 
1.999998 7.815000 1.014308 0.792681 3.767741 
1.999998 7.805000 1.014308 0.791667 3.767741 
1.999998 7.795000 1.014308 0.790653 3.767741 
1.999998 7.785000 1.014308 0.789638 3.767741 
1.999998 7.775000 1.014308 0.788624 3.767741 
1.999998 7.765000 1.014308 0.787610 3.767741 
1.999998 7.755000 1.014308 0.786596 3.767741 
1.999998 7.745000 1.014308 0.785581 3.767741 
1.999998 7.735000 1.014308 0.784567 3.767741 
1.999998 7.725000 1.014308 0.783553 3.767741 
1.999998 7.715000 1.014308 0.782538 3.767741 
1.999998 7.705000 1.014308 0.781524 3.767741 
1.999998 7.695000 1.014308 0.780510 3.767741 
1.999998 7.685000 1.014308 0.779495 3.767741 
1.999998 7.675000 1.014308 0.778481 3.767741 
1.999998 7.665000 1.014308 0.777467 3.767741 
1.999998 7.655000 1.014308 0.776452 3.767741 
1.999998 7.645000 1.014308 0.775438 3.767741 
1.999998 7.635000 1.014308 0.774424 3.767741 
1.999998 7.625000 1.014308 0.773410 3.767741 
1.999998 7.615000 1.014308 0.772395 3.767741 
1.999998 7.605000 1.014308 0.771381 3.767741 
1.999998 7.595000 1.014308 0.770367 3.767741 
1.999998 7.585000 1.014308 0.769352 3.767741 
1.999998 7.575000 1.014308 0.768338 3.767741 
1.999998 7.565000 1.014308 0.767324 3.767741 
1.999998 7.555000 1.014308 0.766309 3.767741 
1.999998 7.545000 1.014308 0.765295 3.767741 
1.999998 7.535000 1.014308 0.764281 3.767741 
1.999998 7.525000 1.014308 0.763266 3.767741 
1.999998 7.515000 1.014308 0.762252 3.767741 
1.999998 7.505000 1.014308 0.761238 3.767741 
1.999998 7.495000 1.014308 0.760224 3.767741 
1.999998 7.485000 1.014308 0.759209 3.767741 
1.999998 7.475000 1.014308 0.758195 3.767741 
1.999998 7.465000 1.014308 0.757181 3.767741 
1.999998 7.455000 1.014308 0.756166 3.767741 
1.999998 7.445000 1.014308 0.755152 3.767741 
1.999998 7.435000 1.014308 0.754138 3.767741 
1.999998 7.425000 1.014308 0.753123 3.767741 
1.999998 7.415000 1.014308 0.752109 3.767741 
1.999998 7.405000 1.014308 0.751095 3.767741 
1.999998 7.395000 1.014308 0.750080 3.767741 
1.999998 7.385000 1.014308 0.749066 3.767741 
1.999998 7.375000 1.014308 0.748052 3.767741 
1.999998 7.365000 1.014308 0.747038 3.767741 
1.999998 7.355000 1.014308 0.746023 3.767741 
1.999998 7.345000 1.014308 0.745009 3.767741 
1.999998 7.335000 1.014308 0.743995 3.767741 
1.999998 7.325000 1.014308 0.742980 3.767741 
1.999998 7.315000 1.014308 0.741966 3.767741 
1.999998 7.305000 1.014308 0.740952 3.767741 
1.999998 7.295000 1.014308 0.739937 3.767741 
1.999998 7.285000 1.014308 0.738923 3.767741 
1.999998 7.275000 1.014308 0.737909 3.767741 
1.999998 7.265000 1.014308 0.736894 3.767741 
1.999998 7.255000 1.014308 0.735880 3.767741 
1.999998 7.245000 1.014308 0.734866 3.767741 
1.999998 7.235000 1.014308 0.733852 3.767741 
1.999998 7.225000 1.014308 0.732837 3.767741 
1.999998 7.215000 1.014308 0.731823 3.767741 
1.999998 7.205000 1.014308 0.730809 3.767741 
1.999998 7.195000 1.014308 0.729794 3.767741 
1.999998 7.185000 1.014308 0.728780 3.767741 
1.999998 7.175000 1.014308 0.727766 3.767741 
1.999998 7.165000 1.014308 0.726751 3.767741 
1.999998 7.155000 1.014308 0.725737 3.767741 
1.999998 7.145000 1.014308 0.724723 3.767741 
1.999998 7.135000 1.014308 0.723708 3.767741 
1.999998 7.125000 1.014308 0.722694 3.767741 
1.999998 7.115000 1.014308 0.721680 3.767741 
1.999998 7.105000 1.014308 0.720666 3.767741 
1.999998 7.095000 1.014308 0.719651 3.767741 
1.999998 7.085000 1.014308 0.718637 3.767741 
1.999998 7.075000 1.014308 0.717623 3.767741 
1.999998 7.065000 1.014308 0.716608 3.767741 
1.999998 7.055000 1.014308 0.715594 3.767741 
1.999998 7.045000 1.014308 0.714580 3.767741 
1.999998 7.035000 1.014308 0.713565 3.767741 
1.999998 7.025000 1.014308 0.712551 3.767741 
1.999998 7.015000 1.014308 0.711537 3.767741 
1.999998 7.005000 1.014308 0.710522 3.767741 
1.999998 6.995000 1.014308 0.709508 3.767741 
1.999998 6.985000 1.014308 0.708494 3.767741 
1.999998 6.975000 1.014308 0.707480 3.767741 
1.999998 6.965000 1.014308 0.706465 3.767741 
1.999998 6.955000 1.014308 0.705451 3.767741 
1.999998 6.945000 1.014308 0.704437 3.767741 
1.999998 6.935000 1.014308 0.703422 3.767741 
1.999998 6.925000 1.014308 0.702408 3.767741 
1.999998 6.915000 1.014308 0.701394 3.767741 
1.999998 6.905000 1.014308 0.700379 3.767741 
1.999998 6.895000 1.014308 0.699365 3.767741 
1.999998 6.885000 1.014308 0.698351 3.767741 
1.999998 6.875000 1.014308 0.697336 3.767741 
1.999998 6.865000 1.014308 0.696322 3.767741 
1.999998 6.855000 1.014308 0.695308 3.767741 
1.999998 6.845000 1.014308 0.694294 3.767741 
1.999998 6.835000 1.014308 0.693279 3.767741 
1.999998 6.825000 1.014308 0.692265 3.767741 
1.999998 6.815000 1.014308 0.691251 3.767741 
1.999998 6.805000 1.014308 0.690236 3.767741 
1.999998 6.795000 1.014308 0.689222 3.767741 
1.999998 6.785000 1.014308 0.688208 3.767741 
1.999998 6.775000 1.014308 0.687193 3.767741 
1.999998 6.765000 1.014308 0.686179 3.767741 
1.999998 6.755000 1.014308 0.685165 3.767741 
1.999998 6.745000 1.014308 0.684150 3.767741 
1.999998 6.735000 1.014308 0.683136 3.767741 
1.999998 6.725000 1.014308 0.682122 3.767741 
1.999998 6.715000 1.014308 0.681108 3.767741 
1.999998 6.705000 1.014308 0.680093 3.767741 
1.999998 6.695000 1.014308 0.679079 3.767741 
1.999998 6.685000 1.014308 0.678065 3.767741 
1.999998 6.675000 1.014308 0.677050 3.767741 
1.999998 6.665000 1.014308 0.676036 3.767741 
1.999998 6.655000 1.014308 0.675022 3.767741 
1.999998 6.645000 1.014308 0.674007 3.767741 
1.999998 6.635000 1.014308 0.672993 3.767741 
1.999998 6.625000 1.014308 0.671979 3.767741 
1.999998 6.615000 1.014308 0.670964 3.767741 
1.999998 6.605000 1.014308 0.669950 3.767741 
1.999998 6.595000 1.014308 0.668936 3.767741 
1.999998 6.585000 1.014308 0.667922 3.767741 
1.999998 6.575000 1.014308 0.666907 3.767741 
1.999998 6.565000 1.014308 0.665893 3.767741 
1.999998 6.555000 1.014308 0.664879 3.767741 
1.999998 6.545000 1.014308 0.663864 3.767741 
1.999998 6.535000 1.014308 0.662850 3.767741 
1.999998 6.525000 1.014308 0.661836 3.767741 
1.999998 6.515000 1.014308 0.660821 3.767741 
1.999998 6.505000 1.014308 0.659807 3.767741 
1.999998 6.495000 1.014308 0.658793 3.767741 
1.999998 6.485000 1.014308 0.657778 3.767741 
1.999998 6.475000 1.014308 0.656764 3.767741 
1.999998 6.465000 1.014308 0.655750 3.767741 
1.999998 6.455000 1.014308 0.654736 3.767741 
1.999998 6.445000 1.014308 0.653721 3.767741 
1.999998 6.435000 1.014308 0.652707 3.767741 
1.999998 6.425000 1.014308 0.651693 3.767741 
1.999998 6.415000 1.014308 0.650678 3.767741 
1.999998 6.405000 1.014308 0.649664 3.767741 
1.999998 6.395000 1.014308 0.648650 3.767741 
1.999998 6.385000 1.014308 0.647635 3.767741 
1.999998 6.375000 1.014308 0.646621 3.767741 
1.999998 6.365000 1.014308 0.645607 3.767741 
1.999998 6.355000 1.014308 0.644592 3.767741 
1.999998 6.345000 1.014308 0.643578 3.767741 
1.999998 6.335000 1.014308 0.642564 3.767741 
1.999998 6.325000 1.014308 0.641550 3.767741 
1.999998 6.315000 1.014308 0.640535 3.767741 
1.999998 6.305000 1.014308 0.639521 3.767741 
1.999998 6.295000 1.014308 0.638507 3.767741 
1.999998 6.285000 1.014308 0.637492 3.767741 
1.999998 6.275000 1.014308 0.636478 3.767741 
1.999998 6.265000 1.014308 0.635464 3.767741 
1.999998 6.255000 1.014308 0.634449 3.767741 
1.999998 6.245000 1.014308 0.633435 3.767741 
1.999998 6.235000 1.014308 0.632421 3.767741 
1.999998 6.225000 1.014308 0.631406 3.767741 
1.999998 6.215000 1.014308 0.630392 3.767741 
1.999998 6.205000 1.014308 0.629378 3.767741 
1.999998 6.195000 1.014308 0.628364 3.767741 
1.999998 6.185000 1.014308 0.627349 3.767741 
1.999998 6.175000 1.014308 0.626335 3.767741 
1.999998 6.165000 1.014308 0.625321 3.767741 
1.999998 6.155000 1.014308 0.624306 3.767741 
1.999998 6.145000 1.014308 0.623292 3.767741 
1.999998 6.135000 1.014308 0.622278 3.767741 
1.999998 6.125000 1.014308 0.621263 3.767741 
1.999998 6.115000 1.014308 0.620249 3.767741 
1.999998 6.105000 1.014308 0.619235 3.767741 
1.999998 6.095000 1.014308 0.618220 3.767741 
1.999998 6.085000 1.014308 0.617206 3.767741 
1.999998 6.075000 1.014308 0.616192 3.767741 
1.999998 6.065000 1.014308 0.615178 3.767741 
1.999998 6.055000 1.014308 0.614163 3.767741 
1.999998 6.045000 1.014308 0.613149 3.767741 
1.999998 6.035000 1.014308 0.612135 3.767741 
1.999998 6.025000 1.014308 0.611120 3.767741 
1.999998 6.015000 1.014308 0.610106 3.767741 
1.999998 6.005000 1.014308 0.609092 3.767741 
1.999998 5.995000 1.014308 0.608077 3.767741 
1.999998 5.985000 1.014308 0.607063 3.767741 
1.999998 5.975000 1.014308 0.606049 3.767741 
1.999998 5.965000 1.014308 0.605034 3.767741 
1.999998 5.955000 1.014308 0.604020 3.767741 
1.999998 5.945000 1.014308 0.603006 3.767741 
1.999998 5.935000 1.014308 0.601992 3.767741 
1.999998 5.925000 1.014308 0.600977 3.767741 
1.999998 5.915000 1.014308 0.599963 3.767741 
1.999998 5.905000 1.014308 0.598949 3.767741 
1.999998 5.895000 1.014308 0.597934 3.767741 
1.999998 5.885000 1.014308 0.596920 3.767741 
1.999998 5.875000 1.014308 0.595906 3.767741 
1.999998 5.865000 1.014308 0.594891 3.767741 
1.999998 5.855000 1.014308 0.593877 3.767741 
1.999998 5.845000 1.014308 0.592863 3.767741 
1.999998 5.835000 1.014308 0.591848 3.767741 
1.999998 5.825000 1.014308 0.590834 3.767741 
1.999998 5.815000 1.014308 0.589820 3.767741 
1.999998 5.805000 1.014308 0.588806 3.767741 
1.999998 5.795000 1.014308 0.587791 3.767741 
1.999998 5.785000 1.014308 0.586777 3.767741 
1.999998 5.775000 1.014308 0.585763 3.767741 
1.999998 5.765000 1.014308 0.584748 3.767741 
1.999998 5.755000 1.014308 0.583734 3.767741 
1.999998 5.745000 1.014308 0.582720 3.767741 
1.999998 5.735000 1.014308 0.581705 3.767741 
1.999998 5.725000 1.014308 0.580691 3.767741 
1.999998 5.715000 1.014308 0.579677 3.767741 
1.999998 5.705000 1.014308 0.578662 3.767741 
1.999998 5.695000 1.014308 0.577648 3.767741 
1.999998 5.685000 1.014308 0.576634 3.767741 
1.999998 5.675000 1.014308 0.575620 3.767741 
1.999998 5.665000 1.014308 0.574605 3.767741 
1.999998 5.655000 1.014308 0.573591 3.767741 
1.999998 5.645000 1.014308 0.572577 3.767741 
1.999998 5.635000 1.014308 0.571562 3.767741 
1.999998 5.625000 1.014308 0.570548 3.767741 
1.999998 5.615000 1.014308 0.569534 3.767741 
1.999998 5.605000 1.014308 0.568519 3.767741 
1.999998 5.595000 1.014308 0.567505 3.767741 
1.999998 5.585000 1.014308 0.566491 3.767741 
1.999998 5.575000 1.014308 0.565476 3.767741 
1.999998 5.565000 1.014308 0.564462 3.767741 
1.999998 5.555000 1.014308 0.563448 3.767741 
1.999998 5.545000 1.014308 0.562434 3.767741 
1.999998 5.535000 1.014308 0.561419 3.767741 
1.999998 5.525000 1.014308 0.560405 3.767741 
1.999998 5.515000 1.014308 0.559391 3.767741 
1.999998 5.505000 1.014308 0.558376 3.767741 
1.999998 5.495000 1.014308 0.557362 3.767741 
1.999998 5.485000 1.014308 0.556348 3.767741 
1.999998 5.475000 1.014308 0.555333 3.767741 
1.999998 5.465000 1.014308 0.554319 3.767741 
1.999998 5.455000 1.014308 0.553305 3.767741 
1.999998 5.445000 1.014308 0.552290 3.767741 
1.999998 5.435000 1.014308 0.551276 3.767741 
1.999998 5.425000 1.014308 0.550262 3.767741 
1.999998 5.415000 1.014308 0.549248 3.767741 
1.999998 5.405000 1.014308 0.548233 3.767741 
1.999998 5.395000 1.014308 0.547219 3.767741 
1.999998 5.385000 1.014308 0.546205 3.767741 
1.999998 5.375000 1.014308 0.545190 3.767741 
1.999998 5.365000 1.014308 0.544176 3.767741 
1.999998 5.355000 1.014308 0.543162 3.767741 
1.999998 5.345000 1.014308 0.542147 3.767741 
1.999998 5.335000 1.014308 0.541133 3.767741 
1.999998 5.325000 1.014308 0.540119 3.767741 
1.999998 5.315000 1.014308 0.539104 3.767741 
1.999998 5.305000 1.014308 0.538090 3.767741 
1.999998 5.295000 1.014308 0.537076 3.767741 
1.999998 5.285000 1.014308 0.536062 3.767741 
1.999998 5.275000 1.014308 0.535047 3.767741 
1.999998 5.265000 1.014308 0.534033 3.767741 
1.999998 5.255000 1.014308 0.533019 3.767741 
1.999998 5.245000 1.014308 0.532004 3.767741 
1.999998 5.235000 1.014308 0.530990 3.767741 
1.999998 5.225000 1.014308 0.529976 3.767741 
1.999998 5.215000 1.014308 0.528961 3.767741 
1.999998 5.205000 1.014308 0.527947 3.767741 
1.999998 5.195000 1.014308 0.526933 3.767741 
1.999998 5.185000 1.014308 0.525918 3.767741 
1.999998 5.175000 1.014308 0.524904 3.767741 
1.999998 5.165000 1.014308 0.523890 3.767741 
1.999998 5.155000 1.014308 0.522876 3.767741 
1.999998 5.145000 1.014308 0.521861 3.767741 
1.999998 5.135000 1.014308 0.520847 3.767741 
1.999998 5.125000 1.014308 0.519833 3.767741 
1.999998 5.115000 1.014308 0.518818 3.767741 
1.999998 5.105000 1.014308 0.517804 3.767741 
1.999998 5.095000 1.014308 0.516790 3.767741 
1.999998 5.085000 1.014308 0.515775 3.767741 
1.999998 5.075000 1.014308 0.514761 3.767741 
1.999998 5.065000 1.014308 0.513747 3.767741 
1.999998 5.055000 1.014308 0.512732 3.767741 
1.999998 5.045000 1.014308 0.511718 3.767741 
1.999998 5.035000 1.014308 0.510704 3.767741 
1.999998 5.025000 1.014308 0.509690 3.767741 
1.999998 5.015000 1.014308 0.508675 3.767741 
1.999998 5.005000 1.014308 0.507661 3.767741 
1.999998 4.995000 1.014308 0.506647 3.767741 
1.999998 4.985000 1.014308 0.505632 3.767741 
1.999998 4.975000 1.014308 0.504618 3.767741 
1.999998 4.965000 1.014308 0.503604 3.767741 
1.999998 4.955000 1.014308 0.502589 3.767741 
1.999998 4.945000 1.014308 0.501575 3.767741 
1.999998 4.935000 1.014308 0.500561 3.767741 
1.999998 4.925000 1.014308 0.499546 3.767741 
1.999998 4.915000 1.014308 0.498532 3.767741 
1.999998 4.905000 1.014308 0.497518 3.767741 
1.999998 4.895000 1.014308 0.496504 3.767741 
1.999998 4.885000 1.014308 0.495489 3.767741 
1.999998 4.875000 1.014308 0.494475 3.767741 
1.999998 4.865000 1.014308 0.493461 3.767741 
1.999998 4.855000 1.014308 0.492446 3.767741 
1.999998 4.845000 1.014308 0.491432 3.767741 
1.999998 4.835000 1.014308 0.490418 3.767741 
1.999998 4.825000 1.014308 0.489403 3.767741 
1.999998 4.815000 1.014308 0.488389 3.767741 
1.999998 4.805000 1.014308 0.487375 3.767741 
1.999998 4.795000 1.014308 0.486360 3.767741 
1.999998 4.785000 1.014308 0.485346 3.767741 
1.999998 4.775000 1.014308 0.484332 3.767741 
1.999998 4.765000 1.014308 0.483318 3.767741 
1.999998 4.755000 1.014308 0.482303 3.767741 
1.999998 4.745000 1.014308 0.481289 3.767741 
1.999998 4.735000 1.014308 0.480275 3.767741 
1.999998 4.725000 1.014308 0.479260 3.767741 
1.999998 4.715000 1.014308 0.478246 3.767741 
1.999998 4.705000 1.014308 0.477232 3.767741 
1.999998 4.695000 1.014308 0.476217 3.767741 
1.999998 4.685000 1.014308 0.475203 3.767741 
1.999998 4.675000 1.014308 0.474189 3.767741 
1.999998 4.665000 1.014308 0.473174 3.767741 
1.999998 4.655000 1.014308 0.472160 3.767741 
1.999998 4.645000 1.014308 0.471146 3.767741 
1.999998 4.635000 1.014308 0.470132 3.767741 
1.999998 4.625000 1.014308 0.469117 3.767741 
1.999998 4.615000 1.014308 0.468103 3.767741 
1.999998 4.605000 1.014308 0.467089 3.767741 
1.999998 4.595000 1.014308 0.466074 3.767741 
1.999998 4.585000 1.014308 0.465060 3.767741 
1.999998 4.575000 1.014308 0.464046 3.767741 
1.999998 4.565000 1.014308 0.463031 3.767741 
1.999998 4.555000 1.014308 0.462017 3.767741 
1.999998 4.545000 1.014308 0.461003 3.767741 
1.999998 4.535000 1.014308 0.459988 3.767741 
1.999998 4.525000 1.014308 0.458974 3.767741 
1.999998 4.515000 1.014308 0.457960 3.767741 
1.999998 4.505000 1.014308 0.456946 3.767741 
1.999998 4.495000 1.014308 0.455931 3.767741 
1.999998 4.485000 1.014308 0.454917 3.767741 
1.999998 4.475000 1.014308 0.453903 3.767741 
1.999998 4.465000 1.014308 0.452888 3.767741 
1.999998 4.455000 1.014308 0.451874 3.767741 
1.999998 4.445000 1.014308 0.450860 3.767741 
1.999998 4.435000 1.014308 0.449845 3.767741 
1.999998 4.425000 1.014308 0.448831 3.767741 
1.999998 4.415000 1.014308 0.447817 3.767741 
1.999998 4.405000 1.014308 0.446802 3.767741 
1.999998 4.395000 1.014308 0.445788 3.767741 
1.999998 4.385000 1.014308 0.444774 3.767741 
1.999998 4.375000 1.014308 0.443760 3.767741 
1.999998 4.365000 1.014308 0.442745 3.767741 
1.999998 4.355000 1.014308 0.441731 3.767741 
1.999998 4.345000 1.014308 0.440717 3.767741 
1.999998 4.335000 1.014308 0.439702 3.767741 
1.999998 4.325000 1.014308 0.438688 3.767741 
1.999998 4.315000 1.014308 0.437674 3.767741 
1.999998 4.305000 1.014308 0.436659 3.767741 
1.999998 4.295000 1.014308 0.435645 3.767741 
1.999998 4.285000 1.014308 0.434631 3.767741 
1.999998 4.275000 1.014308 0.433616 3.767741 
1.999998 4.265000 1.014308 0.432602 3.767741 
1.999998 4.255000 1.014308 0.431588 3.767741 
1.999998 4.245000 1.014308 0.430574 3.767741 
1.999998 4.235000 1.014308 0.429559 3.767741 
1.999998 4.225000 1.014308 0.428545 3.767741 
1.999998 4.215000 1.014308 0.427531 3.767741 
1.999998 4.205000 1.014308 0.426516 3.767741 
1.999998 4.195000 1.014308 0.425502 3.767741 
1.999998 4.185000 1.014308 0.424488 3.767741 
1.999998 4.175000 1.014308 0.423473 3.767741 
1.999998 4.165000 1.014308 0.422459 3.767741 
1.999998 4.155000 1.014308 0.421445 3.767741 
1.999998 4.145000 1.014308 0.420430 3.767741 
1.999998 4.135000 1.014308 0.419416 3.767741 
1.999998 4.125000 1.014308 0.418402 3.767741 
1.999998 4.115000 1.014308 0.417388 3.767741 
1.999998 4.105000 1.014308 0.416373 3.767741 
1.999998 4.095000 1.014308 0.415359 3.767741 
1.999998 4.085000 1.014308 0.414345 3.767741 
1.999998 4.075000 1.014308 0.413330 3.767741 
1.999998 4.065000 1.014308 0.412316 3.767741 
1.999998 4.055000 1.014308 0.411302 3.767741 
1.999998 4.045000 1.014308 0.410287 3.767741 
1.999998 4.035000 1.014308 0.409273 3.767741 
1.999998 4.025000 1.014308 0.408259 3.767741 
1.999998 4.015000 1.014308 0.407244 3.767741 
1.999998 4.005000 1.014308 0.406230 3.767741 
1.999998 3.995000 1.014308 0.405216 3.767741 
1.999998 3.985000 1.014308 0.404202 3.767741 
1.999998 3.975000 1.014308 0.403187 3.767741 
1.999998 3.965000 1.014308 0.402173 3.767741 
1.999998 3.955000 1.014308 0.401159 3.767741 
1.999998 3.945000 1.014308 0.400144 3.767741 
1.999998 3.935000 1.014308 0.399130 3.767741 
1.999998 3.925000 1.014308 0.398116 3.767741 
1.999998 3.915000 1.014308 0.397101 3.767741 
1.999998 3.905000 1.014308 0.396087 3.767741 
1.999998 3.895000 1.014308 0.395073 3.767741 
1.999998 3.885000 1.014308 0.394058 3.767741 
1.999998 3.875000 1.014308 0.393044 3.767741 
1.999998 3.865000 1.014308 0.392030 3.767741 
1.999998 3.855000 1.014308 0.391016 3.767741 
1.999998 3.845000 1.014308 0.390001 3.767741 
1.999998 3.835000 1.014308 0.388987 3.767741 
1.999998 3.825000 1.014308 0.387973 3.767741 
1.999998 3.815000 1.014308 0.386958 3.767741 
1.999998 3.805000 1.014308 0.385944 3.767741 
1.999998 3.795000 1.014308 0.384930 3.767741 
1.999998 3.785000 1.014308 0.383915 3.767741 
1.999998 3.775000 1.014308 0.382901 3.767741 
1.999989 3.765000 1.014308 0.381887 3.171060 
1.999989 3.755000 1.014308 0.380872 3.171060 
1.999989 3.745000 1.014308 0.379858 3.171060 
1.999989 3.735000 1.014308 0.378844 3.171060 
1.999989 3.725000 1.014308 0.377830 3.171060 
1.999989 3.715000 1.014308 0.376815 3.171060 
1.999989 3.705000 1.014308 0.375801 3.171060 
1.999989 3.695000 1.014308 0.374787 3.171060 
1.999989 3.685000 1.014308 0.373772 3.171060 
1.999989 3.675000 1.014308 0.372758 3.171060 
1.999989 3.665000 1.014308 0.371744 3.171060 
1.999989 3.655000 1.014308 0.370729 3.171060 
1.999989 3.645000 1.014308 0.369715 3.171060 
1.999989 3.635000 1.014308 0.368701 3.171060 
1.999989 3.625000 1.014308 0.367686 3.171060 
1.999989 3.615000 1.014308 0.366672 3.171060 
1.999989 3.605000 1.014308 0.365658 3.171060 
1.999989 3.595000 1.014308 0.364644 3.171060 
1.999989 3.585000 1.014308 0.363629 3.171060 
1.999989 3.575000 1.014308 0.362615 3.171060 
1.999989 3.565000 1.014308 0.361601 3.171060 
1.999989 3.555000 1.014308 0.360586 3.171060 
1.999989 3.545000 1.014308 0.359572 3.171060 
1.999989 3.535000 1.014308 0.358558 3.171060 
1.999989 3.525000 1.014308 0.357543 3.171060 
1.999989 3.515000 1.014308 0.356529 3.171060 
1.999989 3.505000 1.014308 0.355515 3.171060 
1.999989 3.495000 1.014308 0.354500 3.171060 
1.999989 3.485000 1.014308 0.353486 3.171060 
1.999989 3.475000 1.014308 0.352472 3.171060 
1.999989 3.465000 1.014308 0.351458 3.171060 
1.999989 3.455000 1.014308 0.350443 3.171060 
1.999989 3.445000 1.014308 0.349429 3.171060 
1.999989 3.435000 1.014308 0.348415 3.171060 
1.999989 3.425000 1.014308 0.347400 3.171060 
1.999989 3.415000 1.014308 0.346386 3.171060 
1.999989 3.405000 1.014308 0.345372 3.171060 
1.999989 3.395000 1.014308 0.344357 3.171060 
1.999989 3.385000 1.014308 0.343343 3.171060 
1.999989 3.375000 1.014308 0.342329 3.171060 
1.999989 3.365000 1.014308 0.341314 3.171060 
1.999989 3.355000 1.014308 0.340300 3.171060 
1.999989 3.345000 1.014308 0.339286 3.171060 
1.999989 3.335000 1.014308 0.338272 3.171060 
1.999989 3.325000 1.014308 0.337257 3.171060 
1.999989 3.315000 1.014308 0.336243 3.171060 
1.999989 3.305000 1.014308 0.335229 3.171060 
1.999989 3.295000 1.014308 0.334214 3.171060 
1.999989 3.285000 1.014308 0.333200 3.171060 
1.999989 3.275000 1.014308 0.332186 3.171060 
1.999989 3.265000 1.014308 0.331171 3.171060 
1.999989 3.255000 1.014308 0.330157 3.171060 
1.999989 3.245000 1.014308 0.329143 3.171060 
1.999989 3.235000 1.014308 0.328129 3.171060 
1.999989 3.225000 1.014308 0.327114 3.171060 
1.999989 3.215000 1.014308 0.326100 3.171060 
1.999989 3.205000 1.014308 0.325086 3.171060 
1.999989 3.195000 1.014308 0.324071 3.171060 
1.999989 3.185000 1.014308 0.323057 3.171060 
1.999989 3.175000 1.014308 0.322043 3.171060 
1.999970 3.165000 1.014308 0.321028 2.861310 
1.999970 3.155000 1.014308 0.320014 2.861310 
1.999970 3.145000 1.014308 0.319000 2.861310 
1.999970 3.135000 1.014308 0.317985 2.861310 
1.999970 3.125000 1.014308 0.316971 2.861310 
1.999970 3.115000 1.014308 0.315957 2.861310 
1.999970 3.105000 1.014308 0.314943 2.861310 
1.999970 3.095000 1.014308 0.313928 2.861310 
1.999970 3.085000 1.014308 0.312914 2.861310 
1.999970 3.075000 1.014308 0.311900 2.861310 
1.999970 3.065000 1.014308 0.310885 2.861310 
1.999970 3.055000 1.014308 0.309871 2.861310 
1.999970 3.045000 1.014308 0.308857 2.861310 
1.999970 3.035000 1.014308 0.307842 2.861310 
1.999970 3.025000 1.014308 0.306828 2.861310 
1.999970 3.015000 1.014308 0.305814 2.861310 
1.999970 3.005000 1.014308 0.304799 2.861310 
1.999970 2.995000 1.014308 0.303785 2.861310 
1.999970 2.985000 1.014308 0.302771 2.861310 
1.999970 2.975000 1.014308 0.301757 2.861310 
1.999970 2.965000 1.014308 0.300742 2.861310 
1.999970 2.955000 1.014308 0.299728 2.861310 
1.999970 2.945000 1.014308 0.298714 2.861310 
1.999970 2.935000 1.014308 0.297699 2.861310 
1.999970 2.925000 1.014308 0.296685 2.861310 
1.999970 2.915000 1.014308 0.295671 2.861310 
1.999970 2.905000 1.014308 0.294656 2.861310 
1.999970 2.895000 1.014308 0.293642 2.861310 
1.999970 2.885000 1.014308 0.292628 2.861310 
1.999970 2.875000 1.014308 0.291613 2.861310 
1.999970 2.865000 1.014308 0.290599 2.861310 
1.999944 2.855000 1.014308 0.289585 2.650635 
1.999944 2.845000 1.014308 0.288571 2.650635 
1.999944 2.835000 1.014308 0.287556 2.650635 
1.999944 2.825000 1.014308 0.286542 2.650635 
1.999944 2.815000 1.014308 0.285528 2.650635 
1.999944 2.805000 1.014308 0.284513 2.650635 
1.999944 2.795000 1.014308 0.283499 2.650635 
1.999944 2.785000 1.014308 0.282485 2.650635 
1.999944 2.775000 1.014308 0.281470 2.650635 
1.999944 2.765000 1.014308 0.280456 2.650635 
1.999944 2.755000 1.014308 0.279442 2.650635 
1.999944 2.745000 1.014308 0.278427 2.650635 
1.999944 2.735000 1.014308 0.277413 2.650635 
1.999944 2.725000 1.014308 0.276399 2.650635 
1.999944 2.715000 1.014308 0.275385 2.650635 
1.999944 2.705000 1.014308 0.274370 2.650635 
1.999944 2.695000 1.014308 0.273356 2.650635 
1.999944 2.685000 1.014308 0.272342 2.650635 
1.999944 2.675000 1.014308 0.271327 2.650635 
1.999944 2.665000 1.014308 0.270313 2.650635 
1.999944 2.655000 1.014308 0.269299 2.650635 
1.999909 2.645000 1.014308 0.268284 2.490784 
1.999909 2.635000 1.014308 0.267270 2.490784 
1.999909 2.625000 1.014308 0.266256 2.490784 
1.999909 2.615000 1.014308 0.265241 2.490784 
1.999909 2.605000 1.014308 0.264227 2.490784 
1.999909 2.595000 1.014308 0.263213 2.490784 
1.999909 2.585000 1.014308 0.262199 2.490784 
1.999909 2.575000 1.014308 0.261184 2.490784 
1.999909 2.565000 1.014308 0.260170 2.490784 
1.999909 2.555000 1.014308 0.259156 2.490784 
1.999909 2.545000 1.014308 0.258141 2.490784 
1.999909 2.535000 1.014308 0.257127 2.490784 
1.999909 2.525000 1.014308 0.256113 2.490784 
1.999909 2.515000 1.014308 0.255098 2.490784 
1.999909 2.505000 1.014308 0.254084 2.490784 
1.999909 2.495000 1.014308 0.253070 2.490784 
1.999866 2.485000 1.014308 0.252055 2.361936 
1.999866 2.475000 1.014308 0.251041 2.361936 
1.999866 2.465000 1.014308 0.250027 2.361936 
1.999866 2.455000 1.014308 0.249013 2.361936 
1.999866 2.445000 1.014308 0.247998 2.361936 
1.999866 2.435000 1.014308 0.246984 2.361936 
1.999866 2.425000 1.014308 0.245970 2.361936 
1.999866 2.415000 1.014308 0.244955 2.361936 
1.999866 2.405000 1.014308 0.243941 2.361936 
1.999866 2.395000 1.014308 0.242927 2.361936 
1.999866 2.385000 1.014308 0.241912 2.361936 
1.999866 2.375000 1.014308 0.240898 2.361936 
1.999866 2.365000 1.014308 0.239884 2.361936 
1.999815 2.355000 1.014308 0.238869 2.253994 
1.999815 2.345000 1.014308 0.237855 2.253994 
1.999815 2.335000 1.014308 0.236841 2.253994 
1.999815 2.325000 1.014308 0.235827 2.253994 
1.999815 2.315000 1.014308 0.234812 2.253994 
1.999815 2.305000 1.014308 0.233798 2.253994 
1.999815 2.295000 1.014308 0.232784 2.253994 
1.999815 2.285000 1.014308 0.231769 2.253994 
1.999815 2.275000 1.014308 0.230755 2.253994 
1.999815 2.265000 1.014308 0.229741 2.253994 
1.999815 2.255000 1.014308 0.228726 2.253994 
1.999756 2.245000 1.014308 0.227712 2.161108 
1.999756 2.235000 1.014308 0.226698 2.161108 
1.999756 2.225000 1.014308 0.225683 2.161108 
1.999756 2.215000 1.014308 0.224669 2.161108 
1.999756 2.205000 1.014308 0.223655 2.161108 
1.999756 2.195000 1.014308 0.222641 2.161108 
1.999756 2.185000 1.014308 0.221626 2.161108 
1.999756 2.175000 1.014308 0.220612 2.161108 
1.999756 2.165000 1.014308 0.219598 2.161108 
1.999688 2.155000 1.014308 0.218583 2.079585 
1.999688 2.145000 1.014308 0.217569 2.079585 
1.999688 2.135000 1.014308 0.216555 2.079585 
1.999688 2.125000 1.014308 0.215540 2.079585 
1.999688 2.115000 1.014308 0.214526 2.079585 
1.999688 2.105000 1.014308 0.213512 2.079585 
1.999688 2.095000 1.014308 0.212497 2.079585 
1.999688 2.085000 1.014308 0.211483 2.079585 
1.999612 2.075000 1.014308 0.210469 2.006944 
1.999612 2.065000 1.014308 0.209455 2.006944 
1.999612 2.055000 1.014308 0.208440 2.006944 
1.999612 2.045000 1.014308 0.207426 2.006944 
1.999612 2.035000 1.014308 0.206412 2.006944 
1.999612 2.025000 1.014308 0.205397 2.006944 
1.999612 2.015000 1.014308 0.204383 2.006944 
1.999528 2.005000 1.014308 0.203369 1.941437 
1.999528 1.995000 1.014308 0.202354 1.941437 
1.999528 1.985000 1.014308 0.201340 1.941437 
1.999528 1.975000 1.014308 0.200326 1.941437 
1.999528 1.965000 1.014308 0.199311 1.941437 
1.999528 1.955000 1.014308 0.198297 1.941437 
1.999528 1.945000 1.014308 0.197283 1.941437 
1.999435 1.935000 1.014308 0.196269 1.881784 
1.999435 1.925000 1.014308 0.195254 1.881784 
1.999435 1.915000 1.014308 0.194240 1.881784 
1.999435 1.905000 1.014308 0.193226 1.881784 
1.999435 1.895000 1.014308 0.192211 1.881784 
1.999435 1.885000 1.014308 0.191197 1.881784 
1.999334 1.875000 1.014308 0.190183 1.827023 
1.999334 1.865000 1.014308 0.189168 1.827023 
1.999334 1.855000 1.014308 0.188154 1.827023 
1.999334 1.845000 1.014308 0.187140 1.827023 
1.999334 1.835000 1.014308 0.186125 1.827023 
1.999225 1.825000 1.014308 0.185111 1.776410 
1.999225 1.815000 1.014308 0.184097 1.776410 
1.999225 1.805000 1.014308 0.183083 1.776410 
1.999225 1.795000 1.014308 0.182068 1.776410 
1.999225 1.785000 1.014308 0.181054 1.776410 
1.999108 1.775000 1.014308 0.180040 1.729360 
1.999108 1.765000 1.014308 0.179025 1.729360 
1.999108 1.755000 1.014308 0.178011 1.729360 
1.999108 1.745000 1.014308 0.176997 1.729360 
1.999108 1.735000 1.014308 0.175982 1.729360 
1.998982 1.725000 1.014308 0.174968 1.685403 
1.998982 1.715000 1.014308 0.173954 1.685403 
1.998982 1.705000 1.014308 0.172939 1.685403 
1.998982 1.695000 1.014308 0.171925 1.685403 
1.998848 1.685000 1.014308 0.170911 1.644155 
1.998848 1.675000 1.014308 0.169897 1.644155 
1.998848 1.665000 1.014308 0.168882 1.644155 
1.998848 1.655000 1.014308 0.167868 1.644155 
1.998848 1.645000 1.014308 0.166854 1.644155 
1.998706 1.635000 1.014308 0.165839 1.605301 
1.998706 1.625000 1.014308 0.164825 1.605301 
1.998706 1.615000 1.014308 0.163811 1.605301 
1.998555 1.605000 1.014308 0.162796 1.568577 
1.998555 1.595000 1.014308 0.161782 1.568577 
1.998555 1.585000 1.014308 0.160768 1.568577 
1.998555 1.575000 1.014308 0.159753 1.568577 
1.998397 1.565000 1.014308 0.158739 1.533760 
1.998397 1.555000 1.014308 0.157725 1.533760 
1.998397 1.545000 1.014308 0.156711 1.533760 
1.998397 1.535000 1.014308 0.155696 1.533760 
1.998229 1.525000 1.014308 0.154682 1.500661 
1.998229 1.515000 1.014308 0.153668 1.500661 
1.998229 1.505000 1.014308 0.152653 1.500661 
1.998054 1.495000 1.014308 0.151639 1.469117 
1.998054 1.485000 1.014308 0.150625 1.469117 
1.998054 1.475000 1.014308 0.149610 1.469117 
1.997870 1.465000 1.014308 0.148596 1.438988 
1.997870 1.455000 1.014308 0.147582 1.438988 
1.997870 1.445000 1.014308 0.146567 1.438988 
1.997679 1.435000 1.014308 0.145553 1.410152 
1.997679 1.425000 1.014308 0.144539 1.410152 
1.997679 1.415000 1.014308 0.143525 1.410152 
1.997478 1.405000 1.014308 0.142510 1.382500 
1.997478 1.395000 1.014308 0.141496 1.382500 
1.997478 1.385000 1.014308 0.140482 1.382500 
1.997270 1.375000 1.014308 0.139467 1.355940 
1.997270 1.365000 1.014308 0.138453 1.355940 
1.997053 1.355000 1.014308 0.137439 1.330386 
1.997053 1.345000 1.014308 0.136424 1.330386 
1.997053 1.335000 1.014308 0.135410 1.330386 
1.996828 1.325000 1.014308 0.134396 1.305766 
1.996828 1.315000 1.014308 0.133381 1.305766 
1.996595 1.305000 1.014308 0.132367 1.282011 
1.996595 1.295000 1.014308 0.131353 1.282011 
1.996595 1.285000 1.014308 0.130339 1.282011 
1.996353 1.275000 1.014308 0.129324 1.259064 
1.996353 1.265000 1.014308 0.128310 1.259064 
1.996103 1.255000 1.014308 0.127296 1.236869 
1.996103 1.245000 1.014308 0.126281 1.236869 
1.995845 1.235000 1.014308 0.125267 1.215379 
1.995845 1.225000 1.014308 0.124253 1.215379 
1.995578 1.215000 1.014308 0.123238 1.194549 
1.995578 1.205000 1.014308 0.122224 1.194549 
1.995578 1.195000 1.014308 0.121210 1.194549 
1.995303 1.185000 1.014308 0.120195 1.174340 
1.995303 1.175000 1.014308 0.119181 1.174340 
1.995020 1.165000 1.014308 0.118167 1.154714 
1.995020 1.155000 1.014308 0.117153 1.154714 
1.994729 1.145000 1.014308 0.116138 1.135639 
1.994429 1.135000 1.014308 0.115124 1.117084 
1.994429 1.125000 1.014308 0.114110 1.117084 
1.994121 1.115000 1.014308 0.113095 1.099021 
1.994121 1.105000 1.014308 0.112081 1.099021 
1.993805 1.095000 1.014308 0.111067 1.081423 
1.993805 1.085000 1.014308 0.110052 1.081423 
1.993480 1.075000 1.014308 0.109038 1.064267 
1.993480 1.065000 1.014308 0.108024 1.064267 
1.993147 1.055000 1.014308 0.107009 1.047531 
1.992806 1.045000 1.014308 0.105995 1.031193 
1.992806 1.035000 1.014308 0.104981 1.031193 
1.992457 1.025000 1.014308 0.103967 1.015236 
1.992099 1.015000 1.014308 0.102952 0.999641 
1.992099 1.005000 1.014308 0.101938 0.999641 
1.991733 0.995000 1.014308 0.100924 0.984391 
1.991733 0.985000 1.014308 0.099909 0.984391 
1.991358 0.975000 1.014308 0.098895 0.969472 
1.990975 0.965000 1.014308 0.097881 0.954868 
1.990975 0.955000 1.014308 0.096866 0.954868 
1.990584 0.945000 1.014308 0.095852 0.940567 
1.990185 0.935000 1.014308 0.094838 0.926555 
1.989777 0.925000 1.014308 0.093823 0.912820 
1.989777 0.915000 1.014308 0.092809 0.912820 
1.989361 0.905000 1.014308 0.091795 0.899352 
1.988936 0.895000 1.014308 0.090781 0.886139 
1.988504 0.885000 1.014308 0.089766 0.873172 
1.988504 0.875000 1.014308 0.088752 0.873172 
1.988063 0.865000 1.014308 0.087738 0.860442 
1.987613 0.855000 1.014308 0.086723 0.847939 
1.987155 0.845000 1.014308 0.085709 0.835656 
1.986689 0.835000 1.014308 0.084695 0.823583 
1.986689 0.825000 1.014308 0.083680 0.823583 
1.986215 0.815000 1.014308 0.082666 0.811714 
1.985732 0.805000 1.014308 0.081652 0.800042 
1.985241 0.795000 1.014308 0.080637 0.788560 
1.984741 0.785000 1.014308 0.079623 0.777261 
1.984234 0.775000 1.014308 0.078609 0.766139 
1.983717 0.765000 1.014308 0.077595 0.755189 
1.983193 0.755000 1.014308 0.076580 0.744405 
1.983193 0.745000 1.014308 0.075566 0.744405 
1.982660 0.735000 1.014308 0.074552 0.733781 
1.982119 0.725000 1.014308 0.073537 0.723312 
1.981569 0.715000 1.014308 0.072523 0.712995 
1.981011 0.705000 1.014308 0.071509 0.702823 
1.980444 0.695000 1.014308 0.070494 0.692793 
1.979870 0.685000 1.014308 0.069480 0.682901 
1.979286 0.675000 1.014308 0.068466 0.673142 
1.978695 0.665000 1.014308 0.067451 0.663513 
1.978095 0.655000 1.014308 0.066437 0.654010 
1.977487 0.645000 1.014308 0.065423 0.644629 
1.976245 0.635000 1.014308 0.064409 0.626220 
1.975611 0.625000 1.014308 0.063394 0.617186 
1.974969 0.615000 1.014308 0.062380 0.608262 
1.974319 0.605000 1.014308 0.061366 0.599444 
1.973660 0.595000 1.014308 0.060351 0.590730 
1.972993 0.585000 1.014308 0.059337 0.582118 
1.972318 0.575000 1.014308 0.058323 0.573603 
1.970941 0.565000 1.014308 0.057308 0.556860 
1.970240 0.555000 1.014308 0.056294 0.548627 
1.969531 0.545000 1.014308 0.055280 0.540483 
1.968813 0.535000 1.014308 0.054265 0.532426 
1.968087 0.525000 1.014308 0.053251 0.524453 
1.966610 0.515000 1.014308 0.052237 0.508754 
1.965858 0.505000 1.014308 0.051223 0.501024 
1.965098 0.495000 1.014308 0.050208 0.493372 
1.963553 0.485000 1.014308 0.049194 0.478291 
1.962767 0.475000 1.014308 0.048180 0.470859 
1.961974 0.465000 1.014308 0.047165 0.463498 
1.960361 0.455000 1.014308 0.046151 0.448980 
1.959541 0.445000 1.014308 0.045137 0.441821 
1.958713 0.435000 1.014308 0.044122 0.434726 
1.957032 0.425000 1.014308 0.043108 0.420725 
1.956179 0.415000 1.014308 0.042094 0.413815 
1.954447 0.405000 1.014308 0.041079 0.400173 
1.953568 0.395000 1.014308 0.040065 0.393438 
1.951785 0.385000 1.014308 0.039051 0.380133 
1.950881 0.375000 1.014308 0.038037 0.373561 
1.949046 0.365000 1.014308 0.037022 0.360574 
1.948116 0.355000 1.014308 0.036008 0.354156 
1.946230 0.345000 1.014308 0.034994 0.341468 
1.944310 0.335000 1.014308 0.033979 0.328970 
1.943337 0.325000 1.014308 0.032965 0.322791 
1.941366 0.315000 1.014308 0.031951 0.310564 
1.940367 0.305000 1.014308 0.030936 0.304517 
1.938344 0.295000 1.014308 0.029922 0.292547 
1.936286 0.285000 1.014308 0.028908 0.280742 
1.935245 0.275000 1.014308 0.027893 0.274898 
1.933135 0.265000 1.014308 0.026879 0.263327 
1.930992 0.255000 1.014308 0.025865 0.251905 
1.928813 0.245000 1.014308 0.024851 0.240628 
1.926600 0.235000 1.014308 0.023836 0.229489 
1.925480 0.225000 1.014308 0.022822 0.223971 
1.923215 0.215000 1.014308 0.021808 0.213032 
1.920915 0.205000 1.014308 0.020793 0.202222 
1.918580 0.195000 1.014308 0.019779 0.191535 
1.916210 0.185000 1.014308 0.018765 0.180967 
1.913805 0.175000 1.014308 0.017750 0.170515 
1.911366 0.165000 1.014308 0.016736 0.160175 
1.908891 0.155000 1.014308 0.015722 0.149943 
1.907640 0.145000 1.014308 0.014707 0.144866 
1.905113 0.135000 1.014308 0.013693 0.134790 
1.902550 0.125000 1.014308 0.012679 0.124813 
1.899952 0.115000 1.014308 0.011665 0.114933 
1.895988 0.105000 1.014308 0.010650 0.100288 
1.893302 0.095000 1.014308 0.009636 0.090636 
1.890580 0.085000 1.014308 0.008622 0.081071 
1.887822 0.075000 1.014308 0.007607 0.071590 
1.885029 0.065000 1.014308 0.006593 0.062190 
1.882200 0.055000 1.014308 0.005579 0.052868 
1.879335 0.045000 1.014308 0.004564 0.043623 
1.876435 0.035000 1.014308 0.003550 0.034452 
1.872017 0.025000 1.014308 0.002536 0.020829 
1.869026 0.015000 1.014308 0.001521 0.011834 
