1.999998 9.985000 41.806490 41.743780 6.022099 
1.999998 9.975000 41.806490 41.701974 6.022099 
1.999998 9.965000 41.806490 41.660167 6.022099 
1.999998 9.955000 41.806490 41.618361 6.022099 
1.999998 9.945000 41.806490 41.576554 6.022099 
1.999998 9.935000 41.806490 41.534748 6.022099 
1.999998 9.925000 41.806490 41.492941 6.022099 
1.999998 9.915000 41.806490 41.451135 6.022099 
1.999998 9.905000 41.806490 41.409328 6.022099 
1.999998 9.895000 41.806490 41.367522 6.022099 
1.999998 9.885000 41.806490 41.325715 6.022099 
1.999998 9.875000 41.806490 41.283909 6.022099 
1.999998 9.865000 41.806490 41.242102 6.022099 
1.999998 9.855000 41.806490 41.200296 6.022099 
1.999998 9.845000 41.806490 41.158489 6.022099 
1.999998 9.835000 41.806490 41.116683 6.022099 
1.999998 9.825000 41.806490 41.074876 6.022099 
1.999998 9.815000 41.806490 41.033070 6.022099 
1.999998 9.805000 41.806490 40.991263 6.022099 
1.999998 9.795000 41.806490 40.949457 6.022099 
1.999998 9.785000 41.806490 40.907650 6.022099 
1.999998 9.775000 41.806490 40.865844 6.022099 
1.999998 9.765000 41.806490 40.824037 6.022099 
1.999998 9.755000 41.806490 40.782231 6.022099 
1.999998 9.745000 41.806490 40.740424 6.022099 
1.999998 9.735000 41.806490 40.698618 6.022099 
1.999998 9.725000 41.806490 40.656811 6.022099 
1.999998 9.715000 41.806490 40.615005 6.022099 
1.999998 9.705000 41.806490 40.573198 6.022099 
1.999998 9.695000 41.806490 40.531392 6.022099 
1.999998 9.685000 41.806490 40.489585 6.022099 
1.999998 9.675000 41.806490 40.447779 6.022099 
1.999998 9.665000 41.806490 40.405972 6.022099 
1.999998 9.655000 41.806490 40.364166 6.022099 
1.999998 9.645000 41.806490 40.322359 6.022099 
1.999998 9.635000 41.806490 40.280553 6.022099 
1.999998 9.625000 41.806490 40.238746 6.022099 
1.999998 9.615000 41.806490 40.196940 6.022099 
1.999998 9.605000 41.806490 40.155133 6.022099 
1.999998 9.595000 41.806490 40.113327 6.022099 
1.999998 9.585000 41.806490 40.071521 6.022099 
1.999998 9.575000 41.806490 40.029714 6.022099 
1.999998 9.565000 41.806490 39.987908 6.022099 
1.999998 9.555000 41.806490 39.946101 6.022099 
1.999998 9.545000 41.806490 39.904295 6.022099 
1.999998 9.535000 41.806490 39.862488 6.022099 
1.999998 9.525000 41.806490 39.820682 6.022099 
1.999998 9.515000 41.806490 39.778875 6.022099 
1.999998 9.505000 41.806490 39.737069 6.022099 
1.999998 9.495000 41.806490 39.695262 6.022099 
1.999998 9.485000 41.806490 39.653456 6.022099 
1.999998 9.475000 41.806490 39.611649 6.022099 
1.999998 9.465000 41.806490 39.569843 6.022099 
1.999998 9.455000 41.806490 39.528036 6.022099 
1.999998 9.445000 41.806490 39.486230 6.022099 
1.999998 9.435000 41.806490 39.444423 6.022099 
1.999998 9.425000 41.806490 39.402617 6.022099 
1.999998 9.415000 41.806490 39.360810 6.022099 
1.999998 9.405000 41.806490 39.319004 6.022099 
1.999998 9.395000 41.806490 39.277197 6.022099 
1.999998 9.385000 41.806490 39.235391 6.022099 
1.999998 9.375000 41.806490 39.193584 6.022099 
1.999998 9.365000 41.806490 39.151778 6.022099 
1.999998 9.355000 41.806490 39.109971 6.022099 
1.999998 9.345000 41.806490 39.068165 6.022099 
1.999998 9.335000 41.806490 39.026358 6.022099 
1.999998 9.325000 41.806490 38.984552 6.022099 
1.999998 9.315000 41.806490 38.942745 6.022099 
1.999998 9.305000 41.806490 38.900939 6.022099 
1.999998 9.295000 41.806490 38.859132 6.022099 
1.999998 9.285000 41.806490 38.817326 6.022099 
1.999998 9.275000 41.806490 38.775519 6.022099 
1.999998 9.265000 41.806490 38.733713 6.022099 
1.999998 9.255000 41.806490 38.691906 6.022099 
1.999998 9.245000 41.806490 38.650100 6.022099 
1.999998 9.235000 41.806490 38.608293 6.022099 
1.999998 9.225000 41.806490 38.566487 6.022099 
1.999998 9.215000 41.806490 38.524680 6.022099 
1.999998 9.205000 41.806490 38.482874 6.022099 
1.999998 9.195000 41.806490 38.441067 6.022099 
1.999998 9.185000 41.806490 38.399261 6.022099 
1.999998 9.175000 41.806490 38.357454 6.022099 
1.999998 9.165000 41.806490 38.315648 6.022099 
1.999998 9.155000 41.806490 38.273841 6.022099 
1.999998 9.145000 41.806490 38.232035 6.022099 
1.999998 9.135000 41.806490 38.190228 6.022099 
1.999998 9.125000 41.806490 38.148422 6.022099 
1.999998 9.115000 41.806490 38.106615 6.022099 
1.999998 9.105000 41.806490 38.064809 6.022099 
1.999998 9.095000 41.806490 38.023003 6.022099 
1.999998 9.085000 41.806490 37.981196 6.022099 
1.999998 9.075000 41.806490 37.939390 6.022099 
1.999998 9.065000 41.806490 37.897583 6.022099 
1.999998 9.055000 41.806490 37.855777 6.022099 
1.999998 9.045000 41.806490 37.813970 6.022099 
1.999998 9.035000 41.806490 37.772164 6.022099 
1.999998 9.025000 41.806490 37.730357 6.022099 
1.999998 9.015000 41.806490 37.688551 6.022099 
1.999998 9.005000 41.806490 37.646744 6.022099 
1.999998 8.995000 41.806490 37.604938 6.022099 
1.999998 8.985000 41.806490 37.563131 6.022099 
1.999998 8.975000 41.806490 37.521325 6.022099 
1.999998 8.965000 41.806490 37.479518 6.022099 
1.999998 8.955000 41.806490 37.437712 6.022099 
1.999998 8.945000 41.806490 37.395905 6.022099 
1.999998 8.935000 41.806490 37.354099 6.022099 
1.999998 8.925000 41.806490 37.312292 6.022099 
1.999998 8.915000 41.806490 37.270486 6.022099 
1.999998 8.905000 41.806490 37.228679 6.022099 
1.999998 8.895000 41.806490 37.186873 6.022099 
1.999998 8.885000 41.806490 37.145066 6.022099 
1.999998 8.875000 41.806490 37.103260 6.022099 
1.999998 8.865000 41.806490 37.061453 6.022099 
1.999998 8.855000 41.806490 37.019647 6.022099 
1.999998 8.845000 41.806490 36.977840 6.022099 
1.999998 8.835000 41.806490 36.936034 6.022099 
1.999998 8.825000 41.806490 36.894227 6.022099 
1.999998 8.815000 41.806490 36.852421 6.022099 
1.999998 8.805000 41.806490 36.810614 6.022099 
1.999998 8.795000 41.806490 36.768808 6.022099 
1.999998 8.785000 41.806490 36.727001 6.022099 
1.999998 8.775000 41.806490 36.685195 6.022099 
1.999998 8.765000 41.806490 36.643388 6.022099 
1.999998 8.755000 41.806490 36.601582 6.022099 
1.999998 8.745000 41.806490 36.559775 6.022099 
1.999998 8.735000 41.806490 36.517969 6.022099 
1.999998 8.725000 41.806490 36.476162 6.022099 
1.999998 8.715000 41.806490 36.434356 6.022099 
1.999998 8.705000 41.806490 36.392549 6.022099 
1.999998 8.695000 41.806490 36.350743 6.022099 
1.999998 8.685000 41.806490 36.308936 6.022099 
1.999998 8.675000 41.806490 36.267130 6.022099 
1.999998 8.665000 41.806490 36.225323 6.022099 
1.999998 8.655000 41.806490 36.183517 6.022099 
1.999998 8.645000 41.806490 36.141710 6.022099 
1.999998 8.635000 41.806490 36.099904 6.022099 
1.999998 8.625000 41.806490 36.058097 6.022099 
1.999998 8.615000 41.806490 36.016291 6.022099 
1.999998 8.605000 41.806490 35.974485 6.022099 
1.999998 8.595000 41.806490 35.932678 6.022099 
1.999998 8.585000 41.806490 35.890872 6.022099 
1.999998 8.575000 41.806490 35.849065 6.022099 
1.999998 8.565000 41.806490 35.807259 6.022099 
1.999998 8.555000 41.806490 35.765452 6.022099 
1.999998 8.545000 41.806490 35.723646 6.022099 
1.999998 8.535000 41.806490 35.681839 6.022099 
1.999998 8.525000 41.806490 35.640033 6.022099 
1.999998 8.515000 41.806490 35.598226 6.022099 
1.999998 8.505000 41.806490 35.556420 6.022099 
1.999998 8.495000 41.806490 35.514613 6.022099 
1.999998 8.485000 41.806490 35.472807 6.022099 
1.999998 8.475000 41.806490 35.431000 6.022099 
1.999998 8.465000 41.806490 35.389194 6.022099 
1.999998 8.455000 41.806490 35.347387 6.022099 
1.999998 8.445000 41.806490 35.305581 6.022099 
1.999998 8.435000 41.806490 35.263774 6.022099 
1.999998 8.425000 41.806490 35.221968 6.022099 
1.999998 8.415000 41.806490 35.180161 6.022099 
1.999998 8.405000 41.806490 35.138355 6.022099 
1.999998 8.395000 41.806490 35.096548 6.022099 
1.999998 8.385000 41.806490 35.054742 6.022099 
1.999998 8.375000 41.806490 35.012935 6.022099 
1.999998 8.365000 41.806490 34.971129 6.022099 
1.999998 8.355000 41.806490 34.929322 6.022099 
1.999998 8.345000 41.806490 34.887516 6.022099 
1.999998 8.335000 41.806490 34.845709 6.022099 
1.999998 8.325000 41.806490 34.803903 6.022099 
1.999998 8.315000 41.806490 34.762096 6.022099 
1.999998 8.305000 41.806490 34.720290 6.022099 
1.999998 8.295000 41.806490 34.678483 6.022099 
1.999998 8.285000 41.806490 34.636677 6.022099 
1.999998 8.275000 41.806490 34.594870 6.022099 
1.999998 8.265000 41.806490 34.553064 6.022099 
1.999998 8.255000 41.806490 34.511257 6.022099 
1.999998 8.245000 41.806490 34.469451 6.022099 
1.999998 8.235000 41.806490 34.427644 6.022099 
1.999998 8.225000 41.806490 34.385838 6.022099 
1.999998 8.215000 41.806490 34.344031 6.022099 
1.999998 8.205000 41.806490 34.302225 6.022099 
1.999998 8.195000 41.806490 34.260418 6.022099 
1.999998 8.185000 41.806490 34.218612 6.022099 
1.999998 8.175000 41.806490 34.176805 6.022099 
1.999998 8.165000 41.806490 34.134999 6.022099 
1.999998 8.155000 41.806490 34.093192 6.022099 
1.999998 8.145000 41.806490 34.051386 6.022099 
1.999998 8.135000 41.806490 34.009579 6.022099 
1.999998 8.125000 41.806490 33.967773 6.022099 
1.999998 8.115000 41.806490 33.925967 6.022099 
1.999998 8.105000 41.806490 33.884160 6.022099 
1.999998 8.095000 41.806490 33.842354 6.022099 
1.999998 8.085000 41.806490 33.800547 6.022099 
1.999998 8.075000 41.806490 33.758741 6.022099 
1.999998 8.065000 41.806490 33.716934 6.022099 
1.999998 8.055000 41.806490 33.675128 6.022099 
1.999998 8.045000 41.806490 33.633321 6.022099 
1.999998 8.035000 41.806490 33.591515 6.022099 
1.999998 8.025000 41.806490 33.549708 6.022099 
1.999998 8.015000 41.806490 33.507902 6.022099 
1.999998 8.005000 41.806490 33.466095 6.022099 
1.999998 7.995000 41.806490 33.424289 6.022099 
1.999998 7.985000 41.806490 33.382482 6.022099 
1.999998 7.975000 41.806490 33.340676 6.022099 
1.999998 7.965000 41.806490 33.298869 6.022099 
1.999998 7.955000 41.806490 33.257063 6.022099 
1.999998 7.945000 41.806490 33.215256 6.022099 
1.999998 7.935000 41.806490 33.173450 6.022099 
1.999998 7.925000 41.806490 33.131643 6.022099 
1.999998 7.915000 41.806490 33.089837 6.022099 
1.999998 7.905000 41.806490 33.048030 6.022099 
1.999998 7.895000 41.806490 33.006224 6.022099 
1.999998 7.885000 41.806490 32.964417 6.022099 
1.999998 7.875000 41.806490 32.922611 6.022099 
1.999998 7.865000 41.806490 32.880804 6.022099 
1.999998 7.855000 41.806490 32.838998 6.022099 
1.999998 7.845000 41.806490 32.797191 6.022099 
1.999998 7.835000 41.806490 32.755385 6.022099 
1.999998 7.825000 41.806490 32.713578 6.022099 
1.999998 7.815000 41.806490 32.671772 6.022099 
1.999998 7.805000 41.806490 32.629965 6.022099 
1.999998 7.795000 41.806490 32.588159 6.022099 
1.999998 7.785000 41.806490 32.546352 6.022099 
1.999998 7.775000 41.806490 32.504546 6.022099 
1.999998 7.765000 41.806490 32.462739 6.022099 
1.999998 7.755000 41.806490 32.420933 6.022099 
1.999998 7.745000 41.806490 32.379126 6.022099 
1.999998 7.735000 41.806490 32.337320 6.022099 
1.999998 7.725000 41.806490 32.295513 6.022099 
1.999998 7.715000 41.806490 32.253707 6.022099 
1.999998 7.705000 41.806490 32.211900 6.022099 
1.999998 7.695000 41.806490 32.170094 6.022099 
1.999998 7.685000 41.806490 32.128287 6.022099 
1.999998 7.675000 41.806490 32.086481 6.022099 
1.999998 7.665000 41.806490 32.044674 6.022099 
1.999998 7.655000 41.806490 32.002868 6.022099 
1.999998 7.645000 41.806490 31.961061 6.022099 
1.999998 7.635000 41.806490 31.919255 6.022099 
1.999998 7.625000 41.806490 31.877449 6.022099 
1.999998 7.615000 41.806490 31.835642 6.022099 
1.999998 7.605000 41.806490 31.793836 6.022099 
1.999998 7.595000 41.806490 31.752029 6.022099 
1.999998 7.585000 41.806490 31.710223 6.022099 
1.999998 7.575000 41.806490 31.668416 6.022099 
1.999998 7.565000 41.806490 31.626610 6.022099 
1.999998 7.555000 41.806490 31.584803 6.022099 
1.999998 7.545000 41.806490 31.542997 6.022099 
1.999998 7.535000 41.806490 31.501190 6.022099 
1.999998 7.525000 41.806490 31.459384 6.022099 
1.999998 7.515000 41.806490 31.417577 6.022099 
1.999998 7.505000 41.806490 31.375771 6.022099 
1.999998 7.495000 41.806490 31.333964 6.022099 
1.999998 7.485000 41.806490 31.292158 6.022099 
1.999998 7.475000 41.806490 31.250351 6.022099 
1.999998 7.465000 41.806490 31.208545 6.022099 
1.999998 7.455000 41.806490 31.166738 6.022099 
1.999998 7.445000 41.806490 31.124932 6.022099 
1.999998 7.435000 41.806490 31.083125 6.022099 
1.999998 7.425000 41.806490 31.041319 6.022099 
1.999998 7.415000 41.806490 30.999512 6.022099 
1.999998 7.405000 41.806490 30.957706 6.022099 
1.999998 7.395000 41.806490 30.915899 6.022099 
1.999998 7.385000 41.806490 30.874093 6.022099 
1.999998 7.375000 41.806490 30.832286 6.022099 
1.999998 7.365000 41.806490 30.790480 6.022099 
1.999998 7.355000 41.806490 30.748673 6.022099 
1.999998 7.345000 41.806490 30.706867 6.022099 
1.999998 7.335000 41.806490 30.665060 6.022099 
1.999998 7.325000 41.806490 30.623254 6.022099 
1.999998 7.315000 41.806490 30.581447 6.022099 
1.999998 7.305000 41.806490 30.539641 6.022099 
1.999998 7.295000 41.806490 30.497834 6.022099 
1.999998 7.285000 41.806490 30.456028 6.022099 
1.999998 7.275000 41.806490 30.414221 6.022099 
1.999998 7.265000 41.806490 30.372415 6.022099 
1.999998 7.255000 41.806490 30.330608 6.022099 
1.999998 7.245000 41.806490 30.288802 6.022099 
1.999998 7.235000 41.806490 30.246995 6.022099 
1.999998 7.225000 41.806490 30.205189 6.022099 
1.999998 7.215000 41.806490 30.163382 6.022099 
1.999998 7.205000 41.806490 30.121576 6.022099 
1.999998 7.195000 41.806490 30.079769 6.022099 
1.999998 7.185000 41.806490 30.037963 6.022099 
1.999998 7.175000 41.806490 29.996156 6.022099 
1.999998 7.165000 41.806490 29.954350 6.022099 
1.999998 7.155000 41.806490 29.912543 6.022099 
1.999998 7.145000 41.806490 29.870737 6.022099 
1.999998 7.135000 41.806490 29.828930 6.022099 
1.999998 7.125000 41.806490 29.787124 6.022099 
1.999998 7.115000 41.806490 29.745318 6.022099 
1.999998 7.105000 41.806490 29.703511 6.022099 
1.999998 7.095000 41.806490 29.661705 6.022099 
1.999998 7.085000 41.806490 29.619898 6.022099 
1.999998 7.075000 41.806490 29.578092 6.022099 
1.999998 7.065000 41.806490 29.536285 6.022099 
1.999998 7.055000 41.806490 29.494479 6.022099 
1.999998 7.045000 41.806490 29.452672 6.022099 
1.999998 7.035000 41.806490 29.410866 6.022099 
1.999998 7.025000 41.806490 29.369059 6.022099 
1.999998 7.015000 41.806490 29.327253 6.022099 
1.999998 7.005000 41.806490 29.285446 6.022099 
1.999998 6.995000 41.806490 29.243640 6.022099 
1.999998 6.985000 41.806490 29.201833 6.022099 
1.999998 6.975000 41.806490 29.160027 6.022099 
1.999998 6.965000 41.806490 29.118220 6.022099 
1.999998 6.955000 41.806490 29.076414 6.022099 
1.999998 6.945000 41.806490 29.034607 6.022099 
1.999998 6.935000 41.806490 28.992801 6.022099 
1.999998 6.925000 41.806490 28.950994 6.022099 
1.999998 6.915000 41.806490 28.909188 6.022099 
1.999998 6.905000 41.806490 28.867381 6.022099 
1.999998 6.895000 41.806490 28.825575 6.022099 
1.999998 6.885000 41.806490 28.783768 6.022099 
1.999998 6.875000 41.806490 28.741962 6.022099 
1.999998 6.865000 41.806490 28.700155 6.022099 
1.999998 6.855000 41.806490 28.658349 6.022099 
1.999998 6.845000 41.806490 28.616542 6.022099 
1.999998 6.835000 41.806490 28.574736 6.022099 
1.999998 6.825000 41.806490 28.532929 6.022099 
1.999998 6.815000 41.806490 28.491123 6.022099 
1.999998 6.805000 41.806490 28.449316 6.022099 
1.999998 6.795000 41.806490 28.407510 6.022099 
1.999998 6.785000 41.806490 28.365703 6.022099 
1.999998 6.775000 41.806490 28.323897 6.022099 
1.999998 6.765000 41.806490 28.282090 6.022099 
1.999998 6.755000 41.806490 28.240284 6.022099 
1.999998 6.745000 41.806490 28.198477 6.022099 
1.999998 6.735000 41.806490 28.156671 6.022099 
1.999998 6.725000 41.806490 28.114864 6.022099 
1.999998 6.715000 41.806490 28.073058 6.022099 
1.999998 6.705000 41.806490 28.031251 6.022099 
1.999998 6.695000 41.806490 27.989445 6.022099 
1.999998 6.685000 41.806490 27.947638 6.022099 
1.999998 6.675000 41.806490 27.905832 6.022099 
1.999998 6.665000 41.806490 27.864025 6.022099 
1.999998 6.655000 41.806490 27.822219 6.022099 
1.999998 6.645000 41.806490 27.780412 6.022099 
1.999998 6.635000 41.806490 27.738606 6.022099 
1.999998 6.625000 41.806490 27.696800 6.022099 
1.999998 6.615000 41.806490 27.654993 6.022099 
1.999998 6.605000 41.806490 27.613187 6.022099 
1.999998 6.595000 41.806490 27.571380 6.022099 
1.999998 6.585000 41.806490 27.529574 6.022099 
1.999998 6.575000 41.806490 27.487767 6.022099 
1.999998 6.565000 41.806490 27.445961 6.022099 
1.999998 6.555000 41.806490 27.404154 6.022099 
1.999998 6.545000 41.806490 27.362348 6.022099 
1.999998 6.535000 41.806490 27.320541 6.022099 
1.999998 6.525000 41.806490 27.278735 6.022099 
1.999998 6.515000 41.806490 27.236928 6.022099 
1.999998 6.505000 41.806490 27.195122 6.022099 
1.999998 6.495000 41.806490 27.153315 6.022099 
1.999998 6.485000 41.806490 27.111509 6.022099 
1.999998 6.475000 41.806490 27.069702 6.022099 
1.999998 6.465000 41.806490 27.027896 6.022099 
1.999998 6.455000 41.806490 26.986089 6.022099 
1.999998 6.445000 41.806490 26.944283 6.022099 
1.999998 6.435000 41.806490 26.902476 6.022099 
1.999998 6.425000 41.806490 26.860670 6.022099 
1.999998 6.415000 41.806490 26.818863 6.022099 
1.999998 6.405000 41.806490 26.777057 6.022099 
1.999998 6.395000 41.806490 26.735250 6.022099 
1.999998 6.385000 41.806490 26.693444 6.022099 
1.999998 6.375000 41.806490 26.651637 6.022099 
1.999998 6.365000 41.806490 26.609831 6.022099 
1.999998 6.355000 41.806490 26.568024 6.022099 
1.999998 6.345000 41.806490 26.526218 6.022099 
1.999998 6.335000 41.806490 26.484411 6.022099 
1.999998 6.325000 41.806490 26.442605 6.022099 
1.999998 6.315000 41.806490 26.400798 6.022099 
1.999998 6.305000 41.806490 26.358992 6.022099 
1.999998 6.295000 41.806490 26.317185 6.022099 
1.999998 6.285000 41.806490 26.275379 6.022099 
1.999998 6.275000 41.806490 26.233572 6.022099 
1.999998 6.265000 41.806490 26.191766 6.022099 
1.999998 6.255000 41.806490 26.149959 6.022099 
1.999998 6.245000 41.806490 26.108153 6.022099 
1.999998 6.235000 41.806490 26.066346 6.022099 
1.999998 6.225000 41.806490 26.024540 6.022099 
1.999998 6.215000 41.806490 25.982733 6.022099 
1.999998 6.205000 41.806490 25.940927 6.022099 
1.999998 6.195000 41.806490 25.899120 6.022099 
1.999998 6.185000 41.806490 25.857314 6.022099 
1.999998 6.175000 41.806490 25.815507 6.022099 
1.999998 6.165000 41.806490 25.773701 6.022099 
1.999998 6.155000 41.806490 25.731894 6.022099 
1.999998 6.145000 41.806490 25.690088 6.022099 
1.999998 6.135000 41.806490 25.648282 6.022099 
1.999998 6.125000 41.806490 25.606475 6.022099 
1.999998 6.115000 41.806490 25.564669 6.022099 
1.999998 6.105000 41.806490 25.522862 6.022099 
1.999998 6.095000 41.806490 25.481056 6.022099 
1.999998 6.085000 41.806490 25.439249 6.022099 
1.999998 6.075000 41.806490 25.397443 6.022099 
1.999998 6.065000 41.806490 25.355636 6.022099 
1.999998 6.055000 41.806490 25.313830 6.022099 
1.999998 6.045000 41.806490 25.272023 6.022099 
1.999998 6.035000 41.806490 25.230217 6.022099 
1.999998 6.025000 41.806490 25.188410 6.022099 
1.999986 6.015000 41.806490 25.146604 5.398554 
1.999986 6.005000 41.806490 25.104797 5.398554 
1.999986 5.995000 41.806490 25.062991 5.398554 
1.999986 5.985000 41.806490 25.021184 5.398554 
1.999986 5.975000 41.806490 24.979378 5.398554 
1.999986 5.965000 41.806490 24.937571 5.398554 
1.999986 5.955000 41.806490 24.895765 5.398554 
1.999986 5.945000 41.806490 24.853958 5.398554 
1.999986 5.935000 41.806490 24.812152 5.398554 
1.999986 5.925000 41.806490 24.770345 5.398554 
1.999986 5.915000 41.806490 24.728539 5.398554 
1.999986 5.905000 41.806490 24.686732 5.398554 
1.999986 5.895000 41.806490 24.644926 5.398554 
1.999986 5.885000 41.806490 24.603119 5.398554 
1.999986 5.875000 41.806490 24.561313 5.398554 
1.999986 5.865000 41.806490 24.519506 5.398554 
1.999986 5.855000 41.806490 24.477700 5.398554 
1.999986 5.845000 41.806490 24.435893 5.398554 
1.999986 5.835000 41.806490 24.394087 5.398554 
1.999986 5.825000 41.806490 24.352280 5.398554 
1.999986 5.815000 41.806490 24.310474 5.398554 
1.999986 5.805000 41.806490 24.268667 5.398554 
1.999986 5.795000 41.806490 24.226861 5.398554 
1.999986 5.785000 41.806490 24.185054 5.398554 
1.999986 5.775000 41.806490 24.143248 5.398554 
1.999986 5.765000 41.806490 24.101441 5.398554 
1.999986 5.755000 41.806490 24.059635 5.398554 
1.999986 5.745000 41.806490 24.017828 5.398554 
1.999986 5.735000 41.806490 23.976022 5.398554 
1.999986 5.725000 41.806490 23.934215 5.398554 
1.999986 5.715000 41.806490 23.892409 5.398554 
1.999986 5.705000 41.806490 23.850602 5.398554 
1.999986 5.695000 41.806490 23.808796 5.398554 
1.999986 5.685000 41.806490 23.766989 5.398554 
1.999986 5.675000 41.806490 23.725183 5.398554 
1.999986 5.665000 41.806490 23.683376 5.398554 
1.999986 5.655000 41.806490 23.641570 5.398554 
1.999986 5.645000 41.806490 23.599764 5.398554 
1.999986 5.635000 41.806490 23.557957 5.398554 
1.999986 5.625000 41.806490 23.516151 5.398554 
1.999986 5.615000 41.806490 23.474344 5.398554 
1.999986 5.605000 41.806490 23.432538 5.398554 
1.999986 5.595000 41.806490 23.390731 5.398554 
1.999986 5.585000 41.806490 23.348925 5.398554 
1.999986 5.575000 41.806490 23.307118 5.398554 
1.999986 5.565000 41.806490 23.265312 5.398554 
1.999986 5.555000 41.806490 23.223505 5.398554 
1.999986 5.545000 41.806490 23.181699 5.398554 
1.999986 5.535000 41.806490 23.139892 5.398554 
1.999986 5.525000 41.806490 23.098086 5.398554 
1.999986 5.515000 41.806490 23.056279 5.398554 
1.999986 5.505000 41.806490 23.014473 5.398554 
1.999986 5.495000 41.806490 22.972666 5.398554 
1.999986 5.485000 41.806490 22.930860 5.398554 
1.999986 5.475000 41.806490 22.889053 5.398554 
1.999986 5.465000 41.806490 22.847247 5.398554 
1.999986 5.455000 41.806490 22.805440 5.398554 
1.999986 5.445000 41.806490 22.763634 5.398554 
1.999986 5.435000 41.806490 22.721827 5.398554 
1.999986 5.425000 41.806490 22.680021 5.398554 
1.999986 5.415000 41.806490 22.638214 5.398554 
1.999986 5.405000 41.806490 22.596408 5.398554 
1.999963 5.395000 41.806490 22.554601 5.082076 
1.999963 5.385000 41.806490 22.512795 5.082076 
1.999963 5.375000 41.806490 22.470988 5.082076 
1.999963 5.365000 41.806490 22.429182 5.082076 
1.999963 5.355000 41.806490 22.387375 5.082076 
1.999963 5.345000 41.806490 22.345569 5.082076 
1.999963 5.335000 41.806490 22.303762 5.082076 
1.999963 5.325000 41.806490 22.261956 5.082076 
1.999963 5.315000 41.806490 22.220149 5.082076 
1.999963 5.305000 41.806490 22.178343 5.082076 
1.999963 5.295000 41.806490 22.136536 5.082076 
1.999963 5.285000 41.806490 22.094730 5.082076 
1.999963 5.275000 41.806490 22.052923 5.082076 
1.999963 5.265000 41.806490 22.011117 5.082076 
1.999963 5.255000 41.806490 21.969310 5.082076 
1.999963 5.245000 41.806490 21.927504 5.082076 
1.999963 5.235000 41.806490 21.885697 5.082076 
1.999963 5.225000 41.806490 21.843891 5.082076 
1.999963 5.215000 41.806490 21.802084 5.082076 
1.999963 5.205000 41.806490 21.760278 5.082076 
1.999963 5.195000 41.806490 21.718471 5.082076 
1.999963 5.185000 41.806490 21.676665 5.082076 
1.999963 5.175000 41.806490 21.634858 5.082076 
1.999963 5.165000 41.806490 21.593052 5.082076 
1.999963 5.155000 41.806490 21.551246 5.082076 
1.999963 5.145000 41.806490 21.509439 5.082076 
1.999963 5.135000 41.806490 21.467633 5.082076 
1.999963 5.125000 41.806490 21.425826 5.082076 
1.999963 5.115000 41.806490 21.384020 5.082076 
1.999963 5.105000 41.806490 21.342213 5.082076 
1.999963 5.095000 41.806490 21.300407 5.082076 
1.999963 5.085000 41.806490 21.258600 5.082076 
1.999929 5.075000 41.806490 21.216794 4.868339 
1.999929 5.065000 41.806490 21.174987 4.868339 
1.999929 5.055000 41.806490 21.133181 4.868339 
1.999929 5.045000 41.806490 21.091374 4.868339 
1.999929 5.035000 41.806490 21.049568 4.868339 
1.999929 5.025000 41.806490 21.007761 4.868339 
1.999929 5.015000 41.806490 20.965955 4.868339 
1.999929 5.005000 41.806490 20.924148 4.868339 
1.999929 4.995000 41.806490 20.882342 4.868339 
1.999929 4.985000 41.806490 20.840535 4.868339 
1.999929 4.975000 41.806490 20.798729 4.868339 
1.999929 4.965000 41.806490 20.756922 4.868339 
1.999929 4.955000 41.806490 20.715116 4.868339 
1.999929 4.945000 41.806490 20.673309 4.868339 
1.999929 4.935000 41.806490 20.631503 4.868339 
1.999929 4.925000 41.806490 20.589696 4.868339 
1.999929 4.915000 41.806490 20.547890 4.868339 
1.999929 4.905000 41.806490 20.506083 4.868339 
1.999929 4.895000 41.806490 20.464277 4.868339 
1.999929 4.885000 41.806490 20.422470 4.868339 
1.999929 4.875000 41.806490 20.380664 4.868339 
1.999884 4.865000 41.806490 20.338857 4.706735 
1.999884 4.855000 41.806490 20.297051 4.706735 
1.999884 4.845000 41.806490 20.255244 4.706735 
1.999884 4.835000 41.806490 20.213438 4.706735 
1.999884 4.825000 41.806490 20.171631 4.706735 
1.999884 4.815000 41.806490 20.129825 4.706735 
1.999884 4.805000 41.806490 20.088018 4.706735 
1.999884 4.795000 41.806490 20.046212 4.706735 
1.999884 4.785000 41.806490 20.004405 4.706735 
1.999884 4.775000 41.806490 19.962599 4.706735 
1.999884 4.765000 41.806490 19.920792 4.706735 
1.999884 4.755000 41.806490 19.878986 4.706735 
1.999884 4.745000 41.806490 19.837179 4.706735 
1.999884 4.735000 41.806490 19.795373 4.706735 
1.999884 4.725000 41.806490 19.753566 4.706735 
1.999884 4.715000 41.806490 19.711760 4.706735 
1.999828 4.705000 41.806490 19.669953 4.576749 
1.999828 4.695000 41.806490 19.628147 4.576749 
1.999828 4.685000 41.806490 19.586340 4.576749 
1.999828 4.675000 41.806490 19.544534 4.576749 
1.999828 4.665000 41.806490 19.502728 4.576749 
1.999828 4.655000 41.806490 19.460921 4.576749 
1.999828 4.645000 41.806490 19.419115 4.576749 
1.999828 4.635000 41.806490 19.377308 4.576749 
1.999828 4.625000 41.806490 19.335502 4.576749 
1.999828 4.615000 41.806490 19.293695 4.576749 
1.999828 4.605000 41.806490 19.251889 4.576749 
1.999828 4.595000 41.806490 19.210082 4.576749 
1.999828 4.585000 41.806490 19.168276 4.576749 
1.999762 4.575000 41.806490 19.126469 4.468008 
1.999762 4.565000 41.806490 19.084663 4.468008 
1.999762 4.555000 41.806490 19.042856 4.468008 
1.999762 4.545000 41.806490 19.001050 4.468008 
1.999762 4.535000 41.806490 18.959243 4.468008 
1.999762 4.525000 41.806490 18.917437 4.468008 
1.999762 4.515000 41.806490 18.875630 4.468008 
1.999762 4.505000 41.806490 18.833824 4.468008 
1.999762 4.495000 41.806490 18.792017 4.468008 
1.999762 4.485000 41.806490 18.750211 4.468008 
1.999762 4.475000 41.806490 18.708404 4.468008 
1.999685 4.465000 41.806490 18.666598 4.374528 
1.999685 4.455000 41.806490 18.624791 4.374528 
1.999685 4.445000 41.806490 18.582985 4.374528 
1.999685 4.435000 41.806490 18.541178 4.374528 
1.999685 4.425000 41.806490 18.499372 4.374528 
1.999685 4.415000 41.806490 18.457565 4.374528 
1.999685 4.405000 41.806490 18.415759 4.374528 
1.999685 4.395000 41.806490 18.373952 4.374528 
1.999685 4.385000 41.806490 18.332146 4.374528 
1.999685 4.375000 41.806490 18.290339 4.374528 
1.999596 4.365000 41.806490 18.248533 4.292546 
1.999596 4.355000 41.806490 18.206726 4.292546 
1.999596 4.345000 41.806490 18.164920 4.292546 
1.999596 4.335000 41.806490 18.123113 4.292546 
1.999596 4.325000 41.806490 18.081307 4.292546 
1.999596 4.315000 41.806490 18.039500 4.292546 
1.999596 4.305000 41.806490 17.997694 4.292546 
1.999596 4.295000 41.806490 17.955887 4.292546 
1.999498 4.285000 41.806490 17.914081 4.219537 
1.999498 4.275000 41.806490 17.872274 4.219537 
1.999498 4.265000 41.806490 17.830468 4.219537 
1.999498 4.255000 41.806490 17.788661 4.219537 
1.999498 4.245000 41.806490 17.746855 4.219537 
1.999498 4.235000 41.806490 17.705048 4.219537 
1.999498 4.225000 41.806490 17.663242 4.219537 
1.999388 4.215000 41.806490 17.621435 4.153727 
1.999388 4.205000 41.806490 17.579629 4.153727 
1.999388 4.195000 41.806490 17.537822 4.153727 
1.999388 4.185000 41.806490 17.496016 4.153727 
1.999388 4.175000 41.806490 17.454210 4.153727 
1.999388 4.165000 41.806490 17.412403 4.153727 
1.999388 4.155000 41.806490 17.370597 4.153727 
1.999267 4.145000 41.806490 17.328790 4.093821 
1.999267 4.135000 41.806490 17.286984 4.093821 
1.999267 4.125000 41.806490 17.245177 4.093821 
1.999267 4.115000 41.806490 17.203371 4.093821 
1.999267 4.105000 41.806490 17.161564 4.093821 
1.999267 4.095000 41.806490 17.119758 4.093821 
1.999136 4.085000 41.806490 17.077951 4.038843 
1.999136 4.075000 41.806490 17.036145 4.038843 
1.999136 4.065000 41.806490 16.994338 4.038843 
1.999136 4.055000 41.806490 16.952532 4.038843 
1.999136 4.045000 41.806490 16.910725 4.038843 
1.998994 4.035000 41.806490 16.868919 3.988043 
1.998994 4.025000 41.806490 16.827112 3.988043 
1.998994 4.015000 41.806490 16.785306 3.988043 
1.998994 4.005000 41.806490 16.743499 3.988043 
1.998994 3.995000 41.806490 16.701693 3.988043 
1.998841 3.985000 41.806490 16.659886 3.940827 
1.998841 3.975000 41.806490 16.618080 3.940827 
1.998841 3.965000 41.806490 16.576273 3.940827 
1.998841 3.955000 41.806490 16.534467 3.940827 
1.998841 3.945000 41.806490 16.492660 3.940827 
1.998677 3.935000 41.806490 16.450854 3.896721 
1.998677 3.925000 41.806490 16.409047 3.896721 
1.998677 3.915000 41.806490 16.367241 3.896721 
1.998677 3.905000 41.806490 16.325434 3.896721 
1.998502 3.895000 41.806490 16.283628 3.855340 
1.998502 3.885000 41.806490 16.241821 3.855340 
1.998502 3.875000 41.806490 16.200015 3.855340 
1.998502 3.865000 41.806490 16.158208 3.855340 
1.998317 3.855000 41.806490 16.116402 3.816364 
1.998317 3.845000 41.806490 16.074595 3.816364 
1.998317 3.835000 41.806490 16.032789 3.816364 
1.998317 3.825000 41.806490 15.990982 3.816364 
1.998120 3.815000 41.806490 15.949176 3.779528 
1.998120 3.805000 41.806490 15.907369 3.779528 
1.998120 3.795000 41.806490 15.865563 3.779528 
1.998120 3.785000 41.806490 15.823756 3.779528 
1.997913 3.775000 41.806490 15.781950 3.744607 
1.997913 3.765000 41.806490 15.740143 3.744607 
1.997913 3.755000 41.806490 15.698337 3.744607 
1.997913 3.745000 41.806490 15.656530 3.744607 
1.997695 3.735000 41.806490 15.614724 3.711411 
1.997695 3.725000 41.806490 15.572917 3.711411 
1.997695 3.715000 41.806490 15.531111 3.711411 
1.997466 3.705000 41.806490 15.489304 3.679776 
1.997466 3.695000 41.806490 15.447498 3.679776 
1.997466 3.685000 41.806490 15.405692 3.679776 
1.997227 3.675000 41.806490 15.363885 3.649560 
1.997227 3.665000 41.806490 15.322079 3.649560 
1.997227 3.655000 41.806490 15.280272 3.649560 
1.996976 3.645000 41.806490 15.238466 3.620640 
1.996976 3.635000 41.806490 15.196659 3.620640 
1.996976 3.625000 41.806490 15.154853 3.620640 
1.996715 3.615000 41.806490 15.113046 3.592909 
1.996715 3.605000 41.806490 15.071240 3.592909 
1.996715 3.595000 41.806490 15.029433 3.592909 
1.996443 3.585000 41.806490 14.987627 3.566272 
1.996443 3.575000 41.806490 14.945820 3.566272 
1.996160 3.565000 41.806490 14.904014 3.540644 
1.996160 3.555000 41.806490 14.862207 3.540644 
1.996160 3.545000 41.806490 14.820401 3.540644 
1.995866 3.535000 41.806490 14.778594 3.515951 
1.995866 3.525000 41.806490 14.736788 3.515951 
1.995561 3.515000 41.806490 14.694981 3.492126 
1.995561 3.505000 41.806490 14.653175 3.492126 
1.995561 3.495000 41.806490 14.611368 3.492126 
1.995246 3.485000 41.806490 14.569562 3.469109 
1.995246 3.475000 41.806490 14.527755 3.469109 
1.994920 3.465000 41.806490 14.485949 3.446846 
1.994920 3.455000 41.806490 14.444142 3.446846 
1.994582 3.445000 41.806490 14.402336 3.425288 
1.994582 3.435000 41.806490 14.360529 3.425288 
1.994234 3.425000 41.806490 14.318723 3.404392 
1.994234 3.415000 41.806490 14.276916 3.404392 
1.994234 3.405000 41.806490 14.235110 3.404392 
1.993875 3.395000 41.806490 14.193303 3.384116 
1.993875 3.385000 41.806490 14.151497 3.384116 
1.993506 3.375000 41.806490 14.109690 3.364425 
1.993506 3.365000 41.806490 14.067884 3.364425 
1.993125 3.355000 41.806490 14.026077 3.345284 
1.992733 3.345000 41.806490 13.984271 3.326663 
1.992733 3.335000 41.806490 13.942464 3.326663 
1.992331 3.325000 41.806490 13.900658 3.308534 
1.992331 3.315000 41.806490 13.858851 3.308534 
1.991918 3.305000 41.806490 13.817045 3.290871 
1.991918 3.295000 41.806490 13.775238 3.290871 
1.991494 3.285000 41.806490 13.733432 3.273649 
1.991494 3.275000 41.806490 13.691625 3.273649 
1.991059 3.265000 41.806490 13.649819 3.256847 
1.990613 3.255000 41.806490 13.608012 3.240443 
1.990613 3.245000 41.806490 13.566206 3.240443 
1.990156 3.235000 41.806490 13.524399 3.224419 
1.990156 3.225000 41.806490 13.482593 3.224419 
1.989688 3.215000 41.806490 13.440786 3.208757 
1.989210 3.205000 41.806490 13.398980 3.193440 
1.989210 3.195000 41.806490 13.357174 3.193440 
1.988721 3.185000 41.806490 13.315367 3.178452 
1.988220 3.175000 41.806490 13.273561 3.163779 
1.988220 3.165000 41.806490 13.231754 3.163779 
1.987709 3.155000 41.806490 13.189948 3.149408 
1.987187 3.145000 41.806490 13.148141 3.135326 
1.986654 3.135000 41.806490 13.106335 3.121521 
1.986654 3.125000 41.806490 13.064528 3.121521 
1.986110 3.115000 41.806490 13.022722 3.107981 
1.985555 3.105000 41.806490 12.980915 3.094696 
1.985555 3.095000 41.806490 12.939109 3.094696 
1.984989 3.085000 41.806490 12.897302 3.081656 
1.984413 3.075000 41.806490 12.855496 3.068852 
1.983825 3.065000 41.806490 12.813689 3.056274 
1.983226 3.055000 41.806490 12.771883 3.043915 
1.983226 3.045000 41.806490 12.730076 3.043915 
1.982617 3.035000 41.806490 12.688270 3.031766 
1.981997 3.025000 41.806490 12.646463 3.019819 
1.981365 3.015000 41.806490 12.604657 3.008069 
1.980723 3.005000 41.806490 12.562850 2.996507 
1.980070 2.995000 41.806490 12.521044 2.985128 
1.979405 2.985000 41.806490 12.479237 2.973925 
1.979405 2.975000 41.806490 12.437431 2.973925 
1.978730 2.965000 41.806490 12.395624 2.962892 
1.978044 2.955000 41.806490 12.353818 2.952024 
1.977347 2.945000 41.806490 12.312011 2.941316 
1.976639 2.935000 41.806490 12.270205 2.930762 
1.975920 2.925000 41.806490 12.228398 2.920358 
1.975190 2.915000 41.806490 12.186592 2.910098 
1.974448 2.905000 41.806490 12.144785 2.899980 
1.973696 2.895000 41.806490 12.102979 2.889998 
1.972933 2.885000 41.806490 12.061172 2.880148 
1.972159 2.875000 41.806490 12.019366 2.870427 
1.971374 2.865000 41.806490 11.977559 2.860830 
1.970578 2.855000 41.806490 11.935753 2.851355 
1.969771 2.845000 41.806490 11.893946 2.841997 
1.968953 2.835000 41.806490 11.852140 2.832754 
1.968123 2.825000 41.806490 11.810333 2.823622 
1.967283 2.815000 41.806490 11.768527 2.814599 
1.965569 2.805000 41.806490 11.726720 2.796866 
1.964696 2.795000 41.806490 11.684914 2.788150 
1.963811 2.785000 41.806490 11.643107 2.779532 
1.962916 2.775000 41.806490 11.601301 2.771009 
1.962009 2.765000 41.806490 11.559494 2.762578 
1.961091 2.755000 41.806490 11.517688 2.754237 
1.959222 2.745000 41.806490 11.475881 2.737817 
1.958271 2.735000 41.806490 11.434075 2.729733 
1.957309 2.725000 41.806490 11.392268 2.721731 
1.956335 2.715000 41.806490 11.350462 2.713808 
1.954355 2.705000 41.806490 11.308656 2.698194 
1.953348 2.695000 41.806490 11.266849 2.690499 
1.952330 2.685000 41.806490 11.225043 2.682876 
1.950261 2.675000 41.806490 11.183236 2.667841 
1.949209 2.665000 41.806490 11.141430 2.660425 
1.948147 2.655000 41.806490 11.099623 2.653076 
1.945988 2.645000 41.806490 11.057817 2.638569 
1.944891 2.635000 41.806490 11.016010 2.631410 
1.943784 2.625000 41.806490 10.974204 2.624310 
1.941535 2.615000 41.806490 10.932397 2.610287 
1.940394 2.605000 41.806490 10.890591 2.603361 
1.938078 2.595000 41.806490 10.848784 2.589674 
1.936903 2.585000 41.806490 10.806978 2.582911 
1.934519 2.575000 41.806490 10.765171 2.569540 
1.933310 2.565000 41.806490 10.723365 2.562929 
1.930858 2.555000 41.806490 10.681558 2.549855 
1.929615 2.545000 41.806490 10.639752 2.543388 
1.927095 2.535000 41.806490 10.597945 2.530593 
1.925818 2.525000 41.806490 10.556139 2.524262 
1.923230 2.515000 41.806490 10.514332 2.511729 
1.920597 2.505000 41.806490 10.472526 2.499363 
1.919263 2.495000 41.806490 10.430719 2.493241 
1.916561 2.485000 41.806490 10.388913 2.481114 
1.913813 2.475000 41.806490 10.347106 2.469138 
1.912422 2.465000 41.806490 10.305300 2.463205 
1.909605 2.455000 41.806490 10.263493 2.451446 
1.906743 2.445000 41.806490 10.221687 2.439826 
1.905294 2.435000 41.806490 10.179880 2.434065 
1.902362 2.425000 41.806490 10.138074 2.422642 
1.899384 2.415000 41.806490 10.096267 2.411344 
1.896360 2.405000 41.806490 10.054461 2.400168 
1.894830 2.395000 41.806490 10.012654 2.394624 
1.891736 2.385000 41.806490 9.970848 2.383621 
1.888596 2.375000 41.806490 9.929041 2.372729 
1.885409 2.365000 41.806490 9.887235 2.361944 
1.882175 2.355000 41.806490 9.845428 2.351262 
1.878894 2.345000 41.806490 9.803622 2.340680 
1.875566 2.335000 41.806490 9.761815 2.330194 
1.873884 2.325000 41.806490 9.720009 2.324985 
1.870486 2.315000 41.806490 9.678202 2.314637 
1.867040 2.305000 41.806490 9.636396 2.304376 
1.863547 2.295000 41.806490 9.594589 2.294200 
1.860006 2.285000 41.806490 9.552783 2.284105 
1.856418 2.275000 41.806490 9.510976 2.274090 
1.852782 2.265000 41.806490 9.469170 2.264151 
1.849098 2.255000 41.806490 9.427363 2.254286 
1.845366 2.245000 41.806490 9.385557 2.244491 
1.841586 2.235000 41.806490 9.343750 2.234765 
1.835826 2.225000 41.806490 9.301944 2.220299 
1.831925 2.215000 41.806490 9.260137 2.210734 
1.827975 2.205000 41.806490 9.218331 2.201229 
1.823977 2.195000 41.806490 9.176525 2.191782 
1.819930 2.185000 41.806490 9.134718 2.182390 
1.815834 2.175000 41.806490 9.092912 2.173053 
1.811689 2.165000 41.806490 9.051105 2.163768 
1.807495 2.155000 41.806490 9.009299 2.154533 
1.801110 2.145000 41.806490 8.967492 2.140769 
1.796792 2.135000 41.806490 8.925686 2.131650 
1.792424 2.125000 41.806490 8.883879 2.122575 
1.788006 2.115000 41.806490 8.842073 2.113541 
1.783538 2.105000 41.806490 8.800266 2.104547 
1.776741 2.095000 41.806490 8.758460 2.091128 
1.772147 2.085000 41.806490 8.716653 2.082227 
1.767502 2.075000 41.806490 8.674847 2.073360 
1.762806 2.065000 41.806490 8.633040 2.064526 
1.755666 2.055000 41.806490 8.591234 2.051333 
1.750842 2.045000 41.806490 8.549427 2.042574 
1.745967 2.035000 41.806490 8.507621 2.033843 
1.738556 2.025000 41.806490 8.465814 2.020794 
1.733551 2.015000 41.806490 8.424008 2.012125 
1.728494 2.005000 41.806490 8.382201 2.003479 
1.723384 1.995000 41.806490 8.340395 1.994854 
1.715621 1.985000 41.806490 8.298588 1.981953 
1.710379 1.975000 41.806490 8.256782 1.973375 
1.705084 1.965000 41.806490 8.214975 1.964814 
1.697042 1.955000 41.806490 8.173169 1.952001 
1.691613 1.945000 41.806490 8.131362 1.943476 
1.686131 1.935000 41.806490 8.089556 1.934963 
1.677806 1.925000 41.806490 8.047749 1.922214 
1.672188 1.915000 41.806490 8.005943 1.913726 
1.663658 1.905000 41.806490 7.964136 1.901010 
1.657902 1.895000 41.806490 7.922330 1.892540 
1.652092 1.885000 41.806490 7.880523 1.884075 
1.643271 1.875000 41.806490 7.838717 1.871384 
1.637321 1.865000 41.806490 7.796910 1.862927 
1.631315 1.855000 41.806490 7.755104 1.854470 
1.622199 1.845000 41.806490 7.713297 1.841785 
1.616051 1.835000 41.806490 7.671491 1.833326 
1.609846 1.825000 41.806490 7.629684 1.824863 
1.600431 1.815000 41.806490 7.587878 1.812161 
1.594082 1.805000 41.806490 7.546071 1.803686 
1.584448 1.795000 41.806490 7.504265 1.790959 
1.577953 1.785000 41.806490 7.462458 1.782464 
1.571399 1.775000 41.806490 7.420652 1.773959 
1.561456 1.765000 41.806490 7.378845 1.761179 
1.554753 1.755000 41.806490 7.337039 1.752644 
1.547990 1.745000 41.806490 7.295232 1.744094 
1.537733 1.735000 41.806490 7.253426 1.731240 
1.530818 1.725000 41.806490 7.211619 1.722650 
1.523842 1.715000 41.806490 7.169813 1.714041 
1.513263 1.705000 41.806490 7.128007 1.701091 
1.506132 1.695000 41.806490 7.086200 1.692431 
1.498939 1.685000 41.806490 7.044394 1.683748 
1.488031 1.675000 41.806490 7.002587 1.670679 
1.480680 1.665000 41.806490 6.960781 1.661934 
1.473265 1.655000 41.806490 6.918974 1.653162 
1.465785 1.645000 41.806490 6.877168 1.644361 
1.454445 1.635000 41.806490 6.835361 1.631104 
1.446803 1.625000 41.806490 6.793555 1.622227 
1.439095 1.615000 41.806490 6.751748 1.613316 
1.431321 1.605000 41.806490 6.709942 1.604371 
1.419535 1.595000 41.806490 6.668135 1.590885 
1.411593 1.585000 41.806490 6.626329 1.581847 
1.403584 1.575000 41.806490 6.584522 1.572769 
1.395506 1.565000 41.806490 6.542716 1.563649 
1.387360 1.555000 41.806490 6.500909 1.554487 
1.375009 1.545000 41.806490 6.459103 1.540661 
1.366688 1.535000 41.806490 6.417296 1.531385 
1.358297 1.525000 41.806490 6.375490 1.522060 
1.349834 1.515000 41.806490 6.333683 1.512685 
1.341300 1.505000 41.806490 6.291877 1.503258 
1.332693 1.495000 41.806490 6.250070 1.493778 
1.324013 1.485000 41.806490 6.208264 1.484241 
1.315260 1.475000 41.806490 6.166457 1.474648 
1.306432 1.465000 41.806490 6.124651 1.464995 
1.293051 1.455000 41.806490 6.082844 1.450399 
1.284036 1.445000 41.806490 6.041038 1.440589 
1.274944 1.435000 41.806490 5.999231 1.430712 
1.265776 1.425000 41.806490 5.957425 1.420766 
1.256530 1.415000 41.806490 5.915618 1.410749 
1.247205 1.405000 41.806490 5.873812 1.400660 
1.237801 1.395000 41.806490 5.832005 1.390494 
1.228318 1.385000 41.806490 5.790199 1.380250 
1.218754 1.375000 41.806490 5.748392 1.369926 
1.213942 1.365000 41.806490 5.706586 1.364733 
1.204255 1.355000 41.806490 5.664779 1.354282 
1.194486 1.345000 41.806490 5.622973 1.343745 
1.184634 1.335000 41.806490 5.581166 1.333117 
1.174698 1.325000 41.806490 5.539360 1.322396 
1.164677 1.315000 41.806490 5.497553 1.311579 
1.154569 1.305000 41.806490 5.455747 1.300663 
1.144375 1.295000 41.806490 5.413940 1.289645 
1.139245 1.285000 41.806490 5.372134 1.284096 
1.128919 1.275000 41.806490 5.330327 1.272917 
1.118504 1.265000 41.806490 5.288521 1.261627 
1.107999 1.255000 41.806490 5.246714 1.250222 
1.102712 1.245000 41.806490 5.204908 1.244476 
1.092069 1.235000 41.806490 5.163101 1.232892 
1.081334 1.225000 41.806490 5.121295 1.221182 
1.070505 1.215000 41.806490 5.079489 1.209344 
1.065055 1.205000 41.806490 5.037682 1.203375 
1.054082 1.195000 41.806490 4.995876 1.191335 
1.043014 1.185000 41.806490 4.954069 1.179155 
1.037443 1.175000 41.806490 4.912263 1.173010 
1.026226 1.165000 41.806490 4.870456 1.160610 
1.020581 1.155000 41.806490 4.828650 1.154352 
1.009215 1.145000 41.806490 4.786843 1.141720 
0.997747 1.135000 41.806490 4.745037 1.128925 
0.991974 1.125000 41.806490 4.703230 1.122466 
0.980351 1.115000 41.806490 4.661424 1.109418 
0.974500 1.105000 41.806490 4.619617 1.102828 
0.962718 1.095000 41.806490 4.577811 1.089512 
0.956787 1.085000 41.806490 4.536004 1.082785 
0.944844 1.075000 41.806490 4.494198 1.069185 
0.938831 1.065000 41.806490 4.452391 1.062312 
0.926722 1.055000 41.806490 4.410585 1.048413 
0.920626 1.045000 41.806490 4.368778 1.041385 
0.914502 1.035000 41.806490 4.326972 1.034304 
0.902167 1.025000 41.806490 4.285165 1.019977 
0.895956 1.015000 41.806490 4.243359 1.012728 
0.883447 1.005000 41.806490 4.201552 0.998057 
0.877148 0.995000 41.806490 4.159746 0.990631 
0.870820 0.985000 41.806490 4.117939 0.983144 
0.858072 0.975000 41.806490 4.076133 0.967980 
0.851652 0.965000 41.806490 4.034326 0.960300 
0.845202 0.955000 41.806490 3.992520 0.952553 
0.838720 0.945000 41.806490 3.950713 0.944738 
0.825663 0.935000 41.806490 3.908907 0.928895 
0.819086 0.925000 41.806490 3.867100 0.920865 
0.812478 0.915000 41.806490 3.825294 0.912760 
0.805837 0.905000 41.806490 3.783487 0.904579 
0.792456 0.895000 41.806490 3.741681 0.887980 
0.785715 0.885000 41.806490 3.699874 0.879559 
0.778941 0.875000 41.806490 3.658068 0.871053 
0.772133 0.865000 41.806490 3.616261 0.862462 
0.765291 0.855000 41.806490 3.574455 0.853783 
0.751501 0.845000 41.806490 3.532648 0.836153 
0.744554 0.835000 41.806490 3.490842 0.827196 
0.737571 0.825000 41.806490 3.449035 0.818143 
0.730552 0.815000 41.806490 3.407229 0.808991 
0.723496 0.805000 41.806490 3.365422 0.799736 
0.716404 0.795000 41.806490 3.323616 0.790377 
0.709274 0.785000 41.806490 3.281809 0.780910 
0.702107 0.775000 41.806490 3.240003 0.771333 
0.694902 0.765000 41.806490 3.198196 0.761643 
0.687658 0.755000 41.806490 3.156390 0.751837 
0.680376 0.745000 41.806490 3.114583 0.741910 
0.673055 0.735000 41.806490 3.072777 0.731861 
0.665693 0.725000 41.806490 3.030971 0.721685 
0.658292 0.715000 41.806490 2.989164 0.711379 
0.650850 0.705000 41.806490 2.947358 0.700940 
0.643367 0.695000 41.806490 2.905551 0.690362 
0.635842 0.685000 41.806490 2.863745 0.679642 
0.628276 0.675000 41.806490 2.821938 0.668776 
0.620667 0.665000 41.806490 2.780132 0.657760 
0.613014 0.655000 41.806490 2.738325 0.646587 
0.605318 0.645000 41.806490 2.696519 0.635255 
0.597578 0.635000 41.806490 2.654712 0.623756 
0.597578 0.625000 41.806490 2.612906 0.623756 
0.589793 0.615000 41.806490 2.571099 0.612087 
0.581963 0.605000 41.806490 2.529293 0.600241 
0.574087 0.595000 41.806490 2.487486 0.588212 
0.566164 0.585000 41.806490 2.445680 0.575994 
0.558195 0.575000 41.806490 2.403873 0.563580 
0.558195 0.565000 41.806490 2.362067 0.563580 
0.550177 0.555000 41.806490 2.320260 0.550965 
0.542111 0.545000 41.806490 2.278454 0.538139 
0.533995 0.535000 41.806490 2.236647 0.525096 
0.525830 0.525000 41.806490 2.194841 0.511827 
0.525830 0.515000 41.806490 2.153034 0.511827 
0.517614 0.505000 41.806490 2.111228 0.498324 
0.509347 0.495000 41.806490 2.069421 0.484578 
0.509347 0.485000 41.806490 2.027615 0.484578 
0.501027 0.475000 41.806490 1.985808 0.470579 
0.492655 0.465000 41.806490 1.944002 0.456317 
0.484228 0.455000 41.806490 1.902195 0.441781 
0.484228 0.445000 41.806490 1.860389 0.441781 
0.475747 0.435000 41.806490 1.818582 0.426960 
0.467211 0.425000 41.806490 1.776776 0.411842 
0.467211 0.415000 41.806490 1.734969 0.411842 
0.458618 0.405000 41.806490 1.693163 0.396414 
0.449967 0.395000 41.806490 1.651356 0.380661 
0.449967 0.385000 41.806490 1.609550 0.380661 
0.441258 0.375000 41.806490 1.567743 0.364570 
0.441258 0.365000 41.806490 1.525937 0.364570 
0.432490 0.355000 41.806490 1.484130 0.348124 
0.423661 0.345000 41.806490 1.442324 0.331307 
0.423661 0.335000 41.806490 1.400517 0.331307 
0.414771 0.325000 41.806490 1.358711 0.314100 
0.414771 0.315000 41.806490 1.316904 0.314100 
0.405818 0.305000 41.806490 1.275098 0.296485 
0.396801 0.295000 41.806490 1.233291 0.278440 
0.396801 0.285000 41.806490 1.191485 0.278440 
0.387718 0.275000 41.806490 1.149678 0.259942 
0.387718 0.265000 41.806490 1.107872 0.259942 
0.378570 0.255000 41.806490 1.066065 0.240969 
0.378570 0.245000 41.806490 1.024259 0.240969 
0.369354 0.235000 41.806490 0.982453 0.221493 
0.369354 0.225000 41.806490 0.940646 0.221493 
0.360068 0.215000 41.806490 0.898840 0.201485 
0.360068 0.205000 41.806490 0.857033 0.201485 
0.350712 0.195000 41.806490 0.815227 0.180916 
0.350712 0.185000 41.806490 0.773420 0.180916 
0.341284 0.175000 41.806490 0.731614 0.159752 
0.341284 0.165000 41.806490 0.689807 0.159752 
0.331783 0.155000 41.806490 0.648001 0.137955 
0.331783 0.145000 41.806490 0.606194 0.137955 
0.322206 0.135000 41.806490 0.564388 0.115487 
0.322206 0.125000 41.806490 0.522581 0.115487 
0.312552 0.115000 41.806490 0.480775 0.092302 
0.312552 0.105000 41.806490 0.438968 0.092302 
0.312552 0.095000 41.806490 0.397162 0.092302 
0.302820 0.085000 41.806490 0.355355 0.068353 
0.302820 0.075000 41.806490 0.313549 0.068353 
0.293007 0.065000 41.806490 0.271742 0.043586 
0.293007 0.055000 41.806490 0.229936 0.043586 
0.293007 0.045000 41.806490 0.188129 0.043586 
0.283111 0.035000 41.806490 0.146323 0.017942 
0.283111 0.025000 41.806490 0.104516 0.017942 
0.273131 0.015000 41.806490 0.062710 -0.008643 
