2.000000 9.985000 17.849739 17.822964 1.974744 
2.000000 9.975000 17.849739 17.805114 1.974744 
2.000000 9.965000 17.849739 17.787265 1.974744 
2.000000 9.955000 17.849739 17.769415 1.974744 
2.000000 9.945000 17.849739 17.751565 1.974744 
2.000000 9.935000 17.849739 17.733715 1.974744 
2.000000 9.925000 17.849739 17.715866 1.974744 
2.000000 9.915000 17.849739 17.698016 1.974744 
2.000000 9.905000 17.849739 17.680166 1.974744 
2.000000 9.895000 17.849739 17.662316 1.974744 
2.000000 9.885000 17.849739 17.644467 1.974744 
2.000000 9.875000 17.849739 17.626617 1.974744 
2.000000 9.865000 17.849739 17.608767 1.974744 
2.000000 9.855000 17.849739 17.590917 1.974744 
2.000000 9.845000 17.849739 17.573068 1.974744 
2.000000 9.835000 17.849739 17.555218 1.974744 
2.000000 9.825000 17.849739 17.537368 1.974744 
2.000000 9.815000 17.849739 17.519519 1.974744 
2.000000 9.805000 17.849739 17.501669 1.974744 
2.000000 9.795000 17.849739 17.483819 1.974744 
2.000000 9.785000 17.849739 17.465969 1.974744 
2.000000 9.775000 17.849739 17.448120 1.974744 
2.000000 9.765000 17.849739 17.430270 1.974744 
2.000000 9.755000 17.849739 17.412420 1.974744 
2.000000 9.745000 17.849739 17.394570 1.974744 
2.000000 9.735000 17.849739 17.376721 1.974744 
2.000000 9.725000 17.849739 17.358871 1.974744 
2.000000 9.715000 17.849739 17.341021 1.974744 
2.000000 9.705000 17.849739 17.323171 1.974744 
2.000000 9.695000 17.849739 17.305322 1.974744 
2.000000 9.685000 17.849739 17.287472 1.974744 
2.000000 9.675000 17.849739 17.269622 1.974744 
2.000000 9.665000 17.849739 17.251772 1.974744 
2.000000 9.655000 17.849739 17.233923 1.974744 
2.000000 9.645000 17.849739 17.216073 1.974744 
2.000000 9.635000 17.849739 17.198223 1.974744 
2.000000 9.625000 17.849739 17.180373 1.974744 
2.000000 9.615000 17.849739 17.162524 1.974744 
2.000000 9.605000 17.849739 17.144674 1.974744 
2.000000 9.595000 17.849739 17.126824 1.974744 
2.000000 9.585000 17.849739 17.108975 1.974744 
2.000000 9.575000 17.849739 17.091125 1.974744 
2.000000 9.565000 17.849739 17.073275 1.974744 
2.000000 9.555000 17.849739 17.055425 1.974744 
2.000000 9.545000 17.849739 17.037576 1.974744 
2.000000 9.535000 17.849739 17.019726 1.974744 
2.000000 9.525000 17.849739 17.001876 1.974744 
2.000000 9.515000 17.849739 16.984026 1.974744 
2.000000 9.505000 17.849739 16.966177 1.974744 
2.000000 9.495000 17.849739 16.948327 1.974744 
2.000000 9.485000 17.849739 16.930477 1.974744 
2.000000 9.475000 17.849739 16.912627 1.974744 
2.000000 9.465000 17.849739 16.894778 1.974744 
2.000000 9.455000 17.849739 16.876928 1.974744 
2.000000 9.445000 17.849739 16.859078 1.974744 
2.000000 9.435000 17.849739 16.841228 1.974744 
2.000000 9.425000 17.849739 16.823379 1.974744 
2.000000 9.415000 17.849739 16.805529 1.974744 
2.000000 9.405000 17.849739 16.787679 1.974744 
2.000000 9.395000 17.849739 16.769829 1.974744 
2.000000 9.385000 17.849739 16.751980 1.974744 
2.000000 9.375000 17.849739 16.734130 1.974744 
2.000000 9.365000 17.849739 16.716280 1.974744 
2.000000 9.355000 17.849739 16.698431 1.974744 
2.000000 9.345000 17.849739 16.680581 1.974744 
2.000000 9.335000 17.849739 16.662731 1.974744 
2.000000 9.325000 17.849739 16.644881 1.974744 
2.000000 9.315000 17.849739 16.627032 1.974744 
2.000000 9.305000 17.849739 16.609182 1.974744 
2.000000 9.295000 17.849739 16.591332 1.974744 
2.000000 9.285000 17.849739 16.573482 1.974744 
2.000000 9.275000 17.849739 16.555633 1.974744 
2.000000 9.265000 17.849739 16.537783 1.974744 
2.000000 9.255000 17.849739 16.519933 1.974744 
2.000000 9.245000 17.849739 16.502083 1.974744 
2.000000 9.235000 17.849739 16.484234 1.974744 
2.000000 9.225000 17.849739 16.466384 1.974744 
2.000000 9.215000 17.849739 16.448534 1.974744 
2.000000 9.205000 17.849739 16.430684 1.974744 
2.000000 9.195000 17.849739 16.412835 1.974744 
2.000000 9.185000 17.849739 16.394985 1.974744 
2.000000 9.175000 17.849739 16.377135 1.974744 
2.000000 9.165000 17.849739 16.359285 1.974744 
2.000000 9.155000 17.849739 16.341436 1.974744 
2.000000 9.145000 17.849739 16.323586 1.974744 
2.000000 9.135000 17.849739 16.305736 1.974744 
2.000000 9.125000 17.849739 16.287887 1.974744 
2.000000 9.115000 17.849739 16.270037 1.974744 
2.000000 9.105000 17.849739 16.252187 1.974744 
2.000000 9.095000 17.849739 16.234337 1.974744 
2.000000 9.085000 17.849739 16.216488 1.974744 
2.000000 9.075000 17.849739 16.198638 1.974744 
2.000000 9.065000 17.849739 16.180788 1.974744 
2.000000 9.055000 17.849739 16.162938 1.974744 
2.000000 9.045000 17.849739 16.145089 1.974744 
2.000000 9.035000 17.849739 16.127239 1.974744 
2.000000 9.025000 17.849739 16.109389 1.974744 
2.000000 9.015000 17.849739 16.091539 1.974744 
2.000000 9.005000 17.849739 16.073690 1.974744 
2.000000 8.995000 17.849739 16.055840 1.974744 
2.000000 8.985000 17.849739 16.037990 1.974744 
2.000000 8.975000 17.849739 16.020140 1.974744 
2.000000 8.965000 17.849739 16.002291 1.974744 
2.000000 8.955000 17.849739 15.984441 1.974744 
2.000000 8.945000 17.849739 15.966591 1.974744 
2.000000 8.935000 17.849739 15.948741 1.974744 
2.000000 8.925000 17.849739 15.930892 1.974744 
2.000000 8.915000 17.849739 15.913042 1.974744 
2.000000 8.905000 17.849739 15.895192 1.974744 
2.000000 8.895000 17.849739 15.877343 1.974744 
2.000000 8.885000 17.849739 15.859493 1.974744 
2.000000 8.875000 17.849739 15.841643 1.974744 
2.000000 8.865000 17.849739 15.823793 1.974744 
2.000000 8.855000 17.849739 15.805944 1.974744 
2.000000 8.845000 17.849739 15.788094 1.974744 
2.000000 8.835000 17.849739 15.770244 1.974744 
2.000000 8.825000 17.849739 15.752394 1.974744 
2.000000 8.815000 17.849739 15.734545 1.974744 
2.000000 8.805000 17.849739 15.716695 1.974744 
2.000000 8.795000 17.849739 15.698845 1.974744 
2.000000 8.785000 17.849739 15.680995 1.974744 
2.000000 8.775000 17.849739 15.663146 1.974744 
2.000000 8.765000 17.849739 15.645296 1.974744 
2.000000 8.755000 17.849739 15.627446 1.974744 
2.000000 8.745000 17.849739 15.609596 1.974744 
2.000000 8.735000 17.849739 15.591747 1.974744 
2.000000 8.725000 17.849739 15.573897 1.974744 
2.000000 8.715000 17.849739 15.556047 1.974744 
2.000000 8.705000 17.849739 15.538198 1.974744 
2.000000 8.695000 17.849739 15.520348 1.974744 
2.000000 8.685000 17.849739 15.502498 1.974744 
2.000000 8.675000 17.849739 15.484648 1.974744 
2.000000 8.665000 17.849739 15.466799 1.974744 
2.000000 8.655000 17.849739 15.448949 1.974744 
2.000000 8.645000 17.849739 15.431099 1.974744 
2.000000 8.635000 17.849739 15.413249 1.974744 
2.000000 8.625000 17.849739 15.395400 1.974744 
2.000000 8.615000 17.849739 15.377550 1.974744 
2.000000 8.605000 17.849739 15.359700 1.974744 
2.000000 8.595000 17.849739 15.341850 1.974744 
2.000000 8.585000 17.849739 15.324001 1.974744 
2.000000 8.575000 17.849739 15.306151 1.974744 
2.000000 8.565000 17.849739 15.288301 1.974744 
2.000000 8.555000 17.849739 15.270451 1.974744 
2.000000 8.545000 17.849739 15.252602 1.974744 
2.000000 8.535000 17.849739 15.234752 1.974744 
2.000000 8.525000 17.849739 15.216902 1.974744 
2.000000 8.515000 17.849739 15.199052 1.974744 
2.000000 8.505000 17.849739 15.181203 1.974744 
2.000000 8.495000 17.849739 15.163353 1.974744 
2.000000 8.485000 17.849739 15.145503 1.974744 
2.000000 8.475000 17.849739 15.127654 1.974744 
2.000000 8.465000 17.849739 15.109804 1.974744 
2.000000 8.455000 17.849739 15.091954 1.974744 
2.000000 8.445000 17.849739 15.074104 1.974744 
2.000000 8.435000 17.849739 15.056255 1.974744 
2.000000 8.425000 17.849739 15.038405 1.974744 
2.000000 8.415000 17.849739 15.020555 1.974744 
2.000000 8.405000 17.849739 15.002705 1.974744 
2.000000 8.395000 17.849739 14.984856 1.974744 
2.000000 8.385000 17.849739 14.967006 1.974744 
2.000000 8.375000 17.849739 14.949156 1.974744 
2.000000 8.365000 17.849739 14.931306 1.974744 
2.000000 8.355000 17.849739 14.913457 1.974744 
2.000000 8.345000 17.849739 14.895607 1.974744 
2.000000 8.335000 17.849739 14.877757 1.974744 
2.000000 8.325000 17.849739 14.859907 1.974744 
2.000000 8.315000 17.849739 14.842058 1.974744 
2.000000 8.305000 17.849739 14.824208 1.974744 
2.000000 8.295000 17.849739 14.806358 1.974744 
2.000000 8.285000 17.849739 14.788508 1.974744 
2.000000 8.275000 17.849739 14.770659 1.974744 
2.000000 8.265000 17.849739 14.752809 1.974744 
2.000000 8.255000 17.849739 14.734959 1.974744 
2.000000 8.245000 17.849739 14.717110 1.974744 
2.000000 8.235000 17.849739 14.699260 1.974744 
2.000000 8.225000 17.849739 14.681410 1.974744 
2.000000 8.215000 17.849739 14.663560 1.974744 
2.000000 8.205000 17.849739 14.645711 1.974744 
2.000000 8.195000 17.849739 14.627861 1.974744 
2.000000 8.185000 17.849739 14.610011 1.974744 
2.000000 8.175000 17.849739 14.592161 1.974744 
2.000000 8.165000 17.849739 14.574312 1.974744 
2.000000 8.155000 17.849739 14.556462 1.974744 
2.000000 8.145000 17.849739 14.538612 1.974744 
2.000000 8.135000 17.849739 14.520762 1.974744 
2.000000 8.125000 17.849739 14.502913 1.974744 
2.000000 8.115000 17.849739 14.485063 1.974744 
2.000000 8.105000 17.849739 14.467213 1.974744 
2.000000 8.095000 17.849739 14.449363 1.974744 
2.000000 8.085000 17.849739 14.431514 1.974744 
2.000000 8.075000 17.849739 14.413664 1.974744 
2.000000 8.065000 17.849739 14.395814 1.974744 
2.000000 8.055000 17.849739 14.377964 1.974744 
2.000000 8.045000 17.849739 14.360115 1.974744 
2.000000 8.035000 17.849739 14.342265 1.974744 
2.000000 8.025000 17.849739 14.324415 1.974744 
2.000000 8.015000 17.849739 14.306566 1.974744 
2.000000 8.005000 17.849739 14.288716 1.974744 
2.000000 7.995000 17.849739 14.270866 1.974744 
2.000000 7.985000 17.849739 14.253016 1.974744 
2.000000 7.975000 17.849739 14.235167 1.974744 
2.000000 7.965000 17.849739 14.217317 1.974744 
2.000000 7.955000 17.849739 14.199467 1.974744 
2.000000 7.945000 17.849739 14.181617 1.974744 
2.000000 7.935000 17.849739 14.163768 1.974744 
2.000000 7.925000 17.849739 14.145918 1.974744 
2.000000 7.915000 17.849739 14.128068 1.974744 
2.000000 7.905000 17.849739 14.110218 1.974744 
2.000000 7.895000 17.849739 14.092369 1.974744 
2.000000 7.885000 17.849739 14.074519 1.974744 
2.000000 7.875000 17.849739 14.056669 1.974744 
2.000000 7.865000 17.849739 14.038819 1.974744 
2.000000 7.855000 17.849739 14.020970 1.974744 
2.000000 7.845000 17.849739 14.003120 1.974744 
2.000000 7.835000 17.849739 13.985270 1.974744 
2.000000 7.825000 17.849739 13.967421 1.974744 
2.000000 7.815000 17.849739 13.949571 1.974744 
2.000000 7.805000 17.849739 13.931721 1.974744 
2.000000 7.795000 17.849739 13.913871 1.974744 
2.000000 7.785000 17.849739 13.896022 1.974744 
2.000000 7.775000 17.849739 13.878172 1.974744 
2.000000 7.765000 17.849739 13.860322 1.974744 
2.000000 7.755000 17.849739 13.842472 1.974744 
2.000000 7.745000 17.849739 13.824623 1.974744 
2.000000 7.735000 17.849739 13.806773 1.974744 
2.000000 7.725000 17.849739 13.788923 1.974744 
2.000000 7.715000 17.849739 13.771073 1.974744 
2.000000 7.705000 17.849739 13.753224 1.974744 
2.000000 7.695000 17.849739 13.735374 1.974744 
2.000000 7.685000 17.849739 13.717524 1.974744 
2.000000 7.675000 17.849739 13.699674 1.974744 
2.000000 7.665000 17.849739 13.681825 1.974744 
2.000000 7.655000 17.849739 13.663975 1.974744 
2.000000 7.645000 17.849739 13.646125 1.974744 
2.000000 7.635000 17.849739 13.628275 1.974744 
2.000000 7.625000 17.849739 13.610426 1.974744 
2.000000 7.615000 17.849739 13.592576 1.974744 
2.000000 7.605000 17.849739 13.574726 1.974744 
2.000000 7.595000 17.849739 13.556877 1.974744 
2.000000 7.585000 17.849739 13.539027 1.974744 
2.000000 7.575000 17.849739 13.521177 1.974744 
2.000000 7.565000 17.849739 13.503327 1.974744 
2.000000 7.555000 17.849739 13.485478 1.974744 
2.000000 7.545000 17.849739 13.467628 1.974744 
2.000000 7.535000 17.849739 13.449778 1.974744 
2.000000 7.525000 17.849739 13.431928 1.974744 
2.000000 7.515000 17.849739 13.414079 1.974744 
2.000000 7.505000 17.849739 13.396229 1.974744 
2.000000 7.495000 17.849739 13.378379 1.974744 
2.000000 7.485000 17.849739 13.360529 1.974744 
2.000000 7.475000 17.849739 13.342680 1.974744 
2.000000 7.465000 17.849739 13.324830 1.974744 
2.000000 7.455000 17.849739 13.306980 1.974744 
2.000000 7.445000 17.849739 13.289130 1.974744 
2.000000 7.435000 17.849739 13.271281 1.974744 
2.000000 7.425000 17.849739 13.253431 1.974744 
2.000000 7.415000 17.849739 13.235581 1.974744 
2.000000 7.405000 17.849739 13.217731 1.974744 
2.000000 7.395000 17.849739 13.199882 1.974744 
2.000000 7.385000 17.849739 13.182032 1.974744 
2.000000 7.375000 17.849739 13.164182 1.974744 
2.000000 7.365000 17.849739 13.146333 1.974744 
2.000000 7.355000 17.849739 13.128483 1.974744 
2.000000 7.345000 17.849739 13.110633 1.974744 
2.000000 7.335000 17.849739 13.092783 1.974744 
2.000000 7.325000 17.849739 13.074934 1.974744 
2.000000 7.315000 17.849739 13.057084 1.974744 
2.000000 7.305000 17.849739 13.039234 1.974744 
2.000000 7.295000 17.849739 13.021384 1.974744 
2.000000 7.285000 17.849739 13.003535 1.974744 
2.000000 7.275000 17.849739 12.985685 1.974744 
2.000000 7.265000 17.849739 12.967835 1.974744 
2.000000 7.255000 17.849739 12.949985 1.974744 
2.000000 7.245000 17.849739 12.932136 1.974744 
2.000000 7.235000 17.849739 12.914286 1.974744 
2.000000 7.225000 17.849739 12.896436 1.974744 
2.000000 7.215000 17.849739 12.878586 1.974744 
2.000000 7.205000 17.849739 12.860737 1.974744 
2.000000 7.195000 17.849739 12.842887 1.974744 
2.000000 7.185000 17.849739 12.825037 1.974744 
2.000000 7.175000 17.849739 12.807187 1.974744 
2.000000 7.165000 17.849739 12.789338 1.974744 
2.000000 7.155000 17.849739 12.771488 1.974744 
2.000000 7.145000 17.849739 12.753638 1.974744 
2.000000 7.135000 17.849739 12.735789 1.974744 
2.000000 7.125000 17.849739 12.717939 1.974744 
2.000000 7.115000 17.849739 12.700089 1.974744 
2.000000 7.105000 17.849739 12.682239 1.974744 
2.000000 7.095000 17.849739 12.664390 1.974744 
2.000000 7.085000 17.849739 12.646540 1.974744 
2.000000 7.075000 17.849739 12.628690 1.974744 
2.000000 7.065000 17.849739 12.610840 1.974744 
2.000000 7.055000 17.849739 12.592991 1.974744 
2.000000 7.045000 17.849739 12.575141 1.974744 
2.000000 7.035000 17.849739 12.557291 1.974744 
2.000000 7.025000 17.849739 12.539441 1.974744 
2.000000 7.015000 17.849739 12.521592 1.974744 
2.000000 7.005000 17.849739 12.503742 1.974744 
2.000000 6.995000 17.849739 12.485892 1.974744 
2.000000 6.985000 17.849739 12.468042 1.974744 
2.000000 6.975000 17.849739 12.450193 1.974744 
2.000000 6.965000 17.849739 12.432343 1.974744 
2.000000 6.955000 17.849739 12.414493 1.974744 
2.000000 6.945000 17.849739 12.396644 1.974744 
2.000000 6.935000 17.849739 12.378794 1.974744 
2.000000 6.925000 17.849739 12.360944 1.974744 
2.000000 6.915000 17.849739 12.343094 1.974744 
2.000000 6.905000 17.849739 12.325245 1.974744 
2.000000 6.895000 17.849739 12.307395 1.974744 
2.000000 6.885000 17.849739 12.289545 1.974744 
2.000000 6.875000 17.849739 12.271695 1.974744 
2.000000 6.865000 17.849739 12.253846 1.974744 
2.000000 6.855000 17.849739 12.235996 1.974744 
2.000000 6.845000 17.849739 12.218146 1.974744 
2.000000 6.835000 17.849739 12.200296 1.974744 
2.000000 6.825000 17.849739 12.182447 1.974744 
2.000000 6.815000 17.849739 12.164597 1.974744 
2.000000 6.805000 17.849739 12.146747 1.974744 
2.000000 6.795000 17.849739 12.128897 1.974744 
2.000000 6.785000 17.849739 12.111048 1.974744 
2.000000 6.775000 17.849739 12.093198 1.974744 
2.000000 6.765000 17.849739 12.075348 1.974744 
2.000000 6.755000 17.849739 12.057498 1.974744 
2.000000 6.745000 17.849739 12.039649 1.974744 
2.000000 6.735000 17.849739 12.021799 1.974744 
2.000000 6.725000 17.849739 12.003949 1.974744 
2.000000 6.715000 17.849739 11.986100 1.974744 
2.000000 6.705000 17.849739 11.968250 1.974744 
2.000000 6.695000 17.849739 11.950400 1.974744 
2.000000 6.685000 17.849739 11.932550 1.974744 
2.000000 6.675000 17.849739 11.914701 1.974744 
2.000000 6.665000 17.849739 11.896851 1.974744 
2.000000 6.655000 17.849739 11.879001 1.974744 
2.000000 6.645000 17.849739 11.861151 1.974744 
2.000000 6.635000 17.849739 11.843302 1.974744 
2.000000 6.625000 17.849739 11.825452 1.974744 
2.000000 6.615000 17.849739 11.807602 1.974744 
2.000000 6.605000 17.849739 11.789752 1.974744 
2.000000 6.595000 17.849739 11.771903 1.974744 
2.000000 6.585000 17.849739 11.754053 1.974744 
2.000000 6.575000 17.849739 11.736203 1.974744 
2.000000 6.565000 17.849739 11.718353 1.974744 
2.000000 6.555000 17.849739 11.700504 1.974744 
2.000000 6.545000 17.849739 11.682654 1.974744 
2.000000 6.535000 17.849739 11.664804 1.974744 
2.000000 6.525000 17.849739 11.646954 1.974744 
2.000000 6.515000 17.849739 11.629105 1.974744 
2.000000 6.505000 17.849739 11.611255 1.974744 
2.000000 6.495000 17.849739 11.593405 1.974744 
2.000000 6.485000 17.849739 11.575556 1.974744 
2.000000 6.475000 17.849739 11.557706 1.974744 
2.000000 6.465000 17.849739 11.539856 1.974744 
2.000000 6.455000 17.849739 11.522006 1.974744 
2.000000 6.445000 17.849739 11.504157 1.974744 
2.000000 6.435000 17.849739 11.486307 1.974744 
2.000000 6.425000 17.849739 11.468457 1.974744 
2.000000 6.415000 17.849739 11.450607 1.974744 
2.000000 6.405000 17.849739 11.432758 1.974744 
2.000000 6.395000 17.849739 11.414908 1.974744 
2.000000 6.385000 17.849739 11.397058 1.974744 
2.000000 6.375000 17.849739 11.379208 1.974744 
2.000000 6.365000 17.849739 11.361359 1.974744 
2.000000 6.355000 17.849739 11.343509 1.974744 
2.000000 6.345000 17.849739 11.325659 1.974744 
2.000000 6.335000 17.849739 11.307809 1.974744 
2.000000 6.325000 17.849739 11.289960 1.974744 
2.000000 6.315000 17.849739 11.272110 1.974744 
2.000000 6.305000 17.849739 11.254260 1.974744 
2.000000 6.295000 17.849739 11.236410 1.974744 
2.000000 6.285000 17.849739 11.218561 1.974744 
2.000000 6.275000 17.849739 11.200711 1.974744 
2.000000 6.265000 17.849739 11.182861 1.974744 
2.000000 6.255000 17.849739 11.165012 1.974744 
2.000000 6.245000 17.849739 11.147162 1.974744 
2.000000 6.235000 17.849739 11.129312 1.974744 
2.000000 6.225000 17.849739 11.111462 1.974744 
2.000000 6.215000 17.849739 11.093613 1.974744 
2.000000 6.205000 17.849739 11.075763 1.974744 
2.000000 6.195000 17.849739 11.057913 1.974744 
2.000000 6.185000 17.849739 11.040063 1.974744 
2.000000 6.175000 17.849739 11.022214 1.974744 
2.000000 6.165000 17.849739 11.004364 1.974744 
2.000000 6.155000 17.849739 10.986514 1.974744 
2.000000 6.145000 17.849739 10.968664 1.974744 
2.000000 6.135000 17.849739 10.950815 1.974744 
2.000000 6.125000 17.849739 10.932965 1.974744 
2.000000 6.115000 17.849739 10.915115 1.974744 
2.000000 6.105000 17.849739 10.897265 1.974744 
2.000000 6.095000 17.849739 10.879416 1.974744 
2.000000 6.085000 17.849739 10.861566 1.974744 
2.000000 6.075000 17.849739 10.843716 1.974744 
2.000000 6.065000 17.849739 10.825867 1.974744 
2.000000 6.055000 17.849739 10.808017 1.974744 
2.000000 6.045000 17.849739 10.790167 1.974744 
2.000000 6.035000 17.849739 10.772317 1.974744 
2.000000 6.025000 17.849739 10.754468 1.974744 
2.000000 6.015000 17.849739 10.736618 1.974744 
2.000000 6.005000 17.849739 10.718768 1.974744 
2.000000 5.995000 17.849739 10.700918 1.974744 
2.000000 5.985000 17.849739 10.683069 1.974744 
2.000000 5.975000 17.849739 10.665219 1.974744 
2.000000 5.965000 17.849739 10.647369 1.974744 
2.000000 5.955000 17.849739 10.629519 1.974744 
2.000000 5.945000 17.849739 10.611670 1.974744 
2.000000 5.935000 17.849739 10.593820 1.974744 
2.000000 5.925000 17.849739 10.575970 1.974744 
2.000000 5.915000 17.849739 10.558120 1.974744 
2.000000 5.905000 17.849739 10.540271 1.974744 
2.000000 5.895000 17.849739 10.522421 1.974744 
2.000000 5.885000 17.849739 10.504571 1.974744 
2.000000 5.875000 17.849739 10.486721 1.974744 
2.000000 5.865000 17.849739 10.468872 1.974744 
2.000000 5.855000 17.849739 10.451022 1.974744 
2.000000 5.845000 17.849739 10.433172 1.974744 
2.000000 5.835000 17.849739 10.415323 1.974744 
2.000000 5.825000 17.849739 10.397473 1.974744 
2.000000 5.815000 17.849739 10.379623 1.974744 
2.000000 5.805000 17.849739 10.361773 1.974744 
2.000000 5.795000 17.849739 10.343924 1.974744 
2.000000 5.785000 17.849739 10.326074 1.974744 
2.000000 5.775000 17.849739 10.308224 1.974744 
2.000000 5.765000 17.849739 10.290374 1.974744 
2.000000 5.755000 17.849739 10.272525 1.974744 
2.000000 5.745000 17.849739 10.254675 1.974744 
2.000000 5.735000 17.849739 10.236825 1.974744 
2.000000 5.725000 17.849739 10.218975 1.974744 
2.000000 5.715000 17.849739 10.201126 1.974744 
2.000000 5.705000 17.849739 10.183276 1.974744 
2.000000 5.695000 17.849739 10.165426 1.974744 
2.000000 5.685000 17.849739 10.147576 1.974744 
2.000000 5.675000 17.849739 10.129727 1.974744 
2.000000 5.665000 17.849739 10.111877 1.974744 
2.000000 5.655000 17.849739 10.094027 1.974744 
2.000000 5.645000 17.849739 10.076177 1.974744 
2.000000 5.635000 17.849739 10.058328 1.974744 
2.000000 5.625000 17.849739 10.040478 1.974744 
2.000000 5.615000 17.849739 10.022628 1.974744 
2.000000 5.605000 17.849739 10.004779 1.974744 
2.000000 5.595000 17.849739 9.986929 1.974744 
2.000000 5.585000 17.849739 9.969079 1.974744 
2.000000 5.575000 17.849739 9.951229 1.974744 
2.000000 5.565000 17.849739 9.933380 1.974744 
2.000000 5.555000 17.849739 9.915530 1.974744 
2.000000 5.545000 17.849739 9.897680 1.974744 
2.000000 5.535000 17.849739 9.879830 1.974744 
2.000000 5.525000 17.849739 9.861981 1.974744 
2.000000 5.515000 17.849739 9.844131 1.974744 
2.000000 5.505000 17.849739 9.826281 1.974744 
2.000000 5.495000 17.849739 9.808431 1.974744 
2.000000 5.485000 17.849739 9.790582 1.974744 
2.000000 5.475000 17.849739 9.772732 1.974744 
2.000000 5.465000 17.849739 9.754882 1.974744 
2.000000 5.455000 17.849739 9.737032 1.974744 
2.000000 5.445000 17.849739 9.719183 1.974744 
2.000000 5.435000 17.849739 9.701333 1.974744 
2.000000 5.425000 17.849739 9.683483 1.974744 
2.000000 5.415000 17.849739 9.665633 1.974744 
2.000000 5.405000 17.849739 9.647784 1.974744 
2.000000 5.395000 17.849739 9.629934 1.974744 
2.000000 5.385000 17.849739 9.612084 1.974744 
2.000000 5.375000 17.849739 9.594235 1.974744 
2.000000 5.365000 17.849739 9.576385 1.974744 
2.000000 5.355000 17.849739 9.558535 1.974744 
2.000000 5.345000 17.849739 9.540685 1.974744 
2.000000 5.335000 17.849739 9.522836 1.974744 
2.000000 5.325000 17.849739 9.504986 1.974744 
2.000000 5.315000 17.849739 9.487136 1.974744 
2.000000 5.305000 17.849739 9.469286 1.974744 
2.000000 5.295000 17.849739 9.451437 1.974744 
2.000000 5.285000 17.849739 9.433587 1.974744 
2.000000 5.275000 17.849739 9.415737 1.974744 
2.000000 5.265000 17.849739 9.397887 1.974744 
2.000000 5.255000 17.849739 9.380038 1.974744 
2.000000 5.245000 17.849739 9.362188 1.974744 
2.000000 5.235000 17.849739 9.344338 1.974744 
2.000000 5.225000 17.849739 9.326488 1.974744 
2.000000 5.215000 17.849739 9.308639 1.974744 
2.000000 5.205000 17.849739 9.290789 1.974744 
2.000000 5.195000 17.849739 9.272939 1.974744 
2.000000 5.185000 17.849739 9.255089 1.974744 
2.000000 5.175000 17.849739 9.237240 1.974744 
2.000000 5.165000 17.849739 9.219390 1.974744 
2.000000 5.155000 17.849739 9.201540 1.974744 
2.000000 5.145000 17.849739 9.183691 1.974744 
2.000000 5.135000 17.849739 9.165841 1.974744 
2.000000 5.125000 17.849739 9.147991 1.974744 
2.000000 5.115000 17.849739 9.130141 1.974744 
2.000000 5.105000 17.849739 9.112292 1.974744 
2.000000 5.095000 17.849739 9.094442 1.974744 
2.000000 5.085000 17.849739 9.076592 1.974744 
2.000000 5.075000 17.849739 9.058742 1.974744 
2.000000 5.065000 17.849739 9.040893 1.974744 
2.000000 5.055000 17.849739 9.023043 1.974744 
2.000000 5.045000 17.849739 9.005193 1.974744 
2.000000 5.035000 17.849739 8.987343 1.974744 
2.000000 5.025000 17.849739 8.969494 1.974744 
2.000000 5.015000 17.849739 8.951644 1.974744 
2.000000 5.005000 17.849739 8.933794 1.974744 
2.000000 4.995000 17.849739 8.915944 1.974744 
2.000000 4.985000 17.849739 8.898095 1.974744 
2.000000 4.975000 17.849739 8.880245 1.974744 
2.000000 4.965000 17.849739 8.862395 1.974744 
2.000000 4.955000 17.849739 8.844546 1.974744 
2.000000 4.945000 17.849739 8.826696 1.974744 
2.000000 4.935000 17.849739 8.808846 1.974744 
2.000000 4.925000 17.849739 8.790996 1.974744 
2.000000 4.915000 17.849739 8.773147 1.974744 
2.000000 4.905000 17.849739 8.755297 1.974744 
2.000000 4.895000 17.849739 8.737447 1.974744 
2.000000 4.885000 17.849739 8.719597 1.974744 
2.000000 4.875000 17.849739 8.701748 1.974744 
2.000000 4.865000 17.849739 8.683898 1.974744 
2.000000 4.855000 17.849739 8.666048 1.974744 
2.000000 4.845000 17.849739 8.648198 1.974744 
2.000000 4.835000 17.849739 8.630349 1.974744 
2.000000 4.825000 17.849739 8.612499 1.974744 
2.000000 4.815000 17.849739 8.594649 1.974744 
2.000000 4.805000 17.849739 8.576799 1.974744 
2.000000 4.795000 17.849739 8.558950 1.974744 
2.000000 4.785000 17.849739 8.541100 1.974744 
2.000000 4.775000 17.849739 8.523250 1.974744 
2.000000 4.765000 17.849739 8.505400 1.974744 
2.000000 4.755000 17.849739 8.487551 1.974744 
2.000000 4.745000 17.849739 8.469701 1.974744 
2.000000 4.735000 17.849739 8.451851 1.974744 
2.000000 4.725000 17.849739 8.434002 1.974744 
2.000000 4.715000 17.849739 8.416152 1.974744 
2.000000 4.705000 17.849739 8.398302 1.974744 
2.000000 4.695000 17.849739 8.380452 1.974744 
2.000000 4.685000 17.849739 8.362603 1.974744 
2.000000 4.675000 17.849739 8.344753 1.974744 
2.000000 4.665000 17.849739 8.326903 1.974744 
2.000000 4.655000 17.849739 8.309053 1.974744 
2.000000 4.645000 17.849739 8.291204 1.974744 
2.000000 4.635000 17.849739 8.273354 1.974744 
2.000000 4.625000 17.849739 8.255504 1.974744 
2.000000 4.615000 17.849739 8.237654 1.974744 
2.000000 4.605000 17.849739 8.219805 1.974744 
2.000000 4.595000 17.849739 8.201955 1.974744 
2.000000 4.585000 17.849739 8.184105 1.974744 
2.000000 4.575000 17.849739 8.166255 1.974744 
2.000000 4.565000 17.849739 8.148406 1.974744 
2.000000 4.555000 17.849739 8.130556 1.974744 
2.000000 4.545000 17.849739 8.112706 1.974744 
2.000000 4.535000 17.849739 8.094856 1.974744 
2.000000 4.525000 17.849739 8.077007 1.974744 
2.000000 4.515000 17.849739 8.059157 1.974744 
2.000000 4.505000 17.849739 8.041307 1.974744 
2.000000 4.495000 17.849739 8.023458 1.974744 
2.000000 4.485000 17.849739 8.005608 1.974744 
2.000000 4.475000 17.849739 7.987758 1.974744 
2.000000 4.465000 17.849739 7.969908 1.974744 
2.000000 4.455000 17.849739 7.952059 1.974744 
2.000000 4.445000 17.849739 7.934209 1.974744 
2.000000 4.435000 17.849739 7.916359 1.974744 
2.000000 4.425000 17.849739 7.898509 1.974744 
2.000000 4.415000 17.849739 7.880660 1.974744 
2.000000 4.405000 17.849739 7.862810 1.974744 
2.000000 4.395000 17.849739 7.844960 1.974744 
2.000000 4.385000 17.849739 7.827110 1.974744 
2.000000 4.375000 17.849739 7.809261 1.974744 
2.000000 4.365000 17.849739 7.791411 1.974744 
2.000000 4.355000 17.849739 7.773561 1.974744 
2.000000 4.345000 17.849739 7.755711 1.974744 
2.000000 4.335000 17.849739 7.737862 1.974744 
2.000000 4.325000 17.849739 7.720012 1.974744 
2.000000 4.315000 17.849739 7.702162 1.974744 
2.000000 4.305000 17.849739 7.684312 1.974744 
2.000000 4.295000 17.849739 7.666463 1.974744 
2.000000 4.285000 17.849739 7.648613 1.974744 
2.000000 4.275000 17.849739 7.630763 1.974744 
2.000000 4.265000 17.849739 7.612914 1.974744 
2.000000 4.255000 17.849739 7.595064 1.974744 
2.000000 4.245000 17.849739 7.577214 1.974744 
2.000000 4.235000 17.849739 7.559364 1.974744 
2.000000 4.225000 17.849739 7.541515 1.974744 
2.000000 4.215000 17.849739 7.523665 1.974744 
2.000000 4.205000 17.849739 7.505815 1.974744 
2.000000 4.195000 17.849739 7.487965 1.974744 
2.000000 4.185000 17.849739 7.470116 1.974744 
2.000000 4.175000 17.849739 7.452266 1.974744 
2.000000 4.165000 17.849739 7.434416 1.974744 
2.000000 4.155000 17.849739 7.416566 1.974744 
2.000000 4.145000 17.849739 7.398717 1.974744 
2.000000 4.135000 17.849739 7.380867 1.974744 
2.000000 4.125000 17.849739 7.363017 1.974744 
2.000000 4.115000 17.849739 7.345167 1.974744 
2.000000 4.105000 17.849739 7.327318 1.974744 
2.000000 4.095000 17.849739 7.309468 1.974744 
2.000000 4.085000 17.849739 7.291618 1.974744 
2.000000 4.075000 17.849739 7.273769 1.974744 
2.000000 4.065000 17.849739 7.255919 1.974744 
2.000000 4.055000 17.849739 7.238069 1.974744 
2.000000 4.045000 17.849739 7.220219 1.974744 
2.000000 4.035000 17.849739 7.202370 1.974744 
2.000000 4.025000 17.849739 7.184520 1.974744 
2.000000 4.015000 17.849739 7.166670 1.974744 
2.000000 4.005000 17.849739 7.148820 1.974744 
2.000000 3.995000 17.849739 7.130971 1.974744 
2.000000 3.985000 17.849739 7.113121 1.974744 
2.000000 3.975000 17.849739 7.095271 1.974744 
2.000000 3.965000 17.849739 7.077421 1.974744 
2.000000 3.955000 17.849739 7.059572 1.974744 
2.000000 3.945000 17.849739 7.041722 1.974744 
2.000000 3.935000 17.849739 7.023872 1.974744 
2.000000 3.925000 17.849739 7.006022 1.974744 
2.000000 3.915000 17.849739 6.988173 1.974744 
2.000000 3.905000 17.849739 6.970323 1.974744 
2.000000 3.895000 17.849739 6.952473 1.974744 
2.000000 3.885000 17.849739 6.934623 1.974744 
2.000000 3.875000 17.849739 6.916774 1.974744 
2.000000 3.865000 17.849739 6.898924 1.974744 
2.000000 3.855000 17.849739 6.881074 1.974744 
2.000000 3.845000 17.849739 6.863225 1.974744 
2.000000 3.835000 17.849739 6.845375 1.974744 
2.000000 3.825000 17.849739 6.827525 1.974744 
2.000000 3.815000 17.849739 6.809675 1.974744 
2.000000 3.805000 17.849739 6.791826 1.974744 
2.000000 3.795000 17.849739 6.773976 1.974744 
2.000000 3.785000 17.849739 6.756126 1.974744 
2.000000 3.775000 17.849739 6.738276 1.974744 
2.000000 3.765000 17.849739 6.720427 1.974744 
2.000000 3.755000 17.849739 6.702577 1.974744 
2.000000 3.745000 17.849739 6.684727 1.974744 
2.000000 3.735000 17.849739 6.666877 1.974744 
2.000000 3.725000 17.849739 6.649028 1.974744 
2.000000 3.715000 17.849739 6.631178 1.974744 
2.000000 3.705000 17.849739 6.613328 1.974744 
2.000000 3.695000 17.849739 6.595478 1.974744 
2.000000 3.685000 17.849739 6.577629 1.974744 
2.000000 3.675000 17.849739 6.559779 1.974744 
2.000000 3.665000 17.849739 6.541929 1.974744 
2.000000 3.655000 17.849739 6.524079 1.974744 
2.000000 3.645000 17.849739 6.506230 1.974744 
2.000000 3.635000 17.849739 6.488380 1.974744 
2.000000 3.625000 17.849739 6.470530 1.974744 
2.000000 3.615000 17.849739 6.452681 1.974744 
2.000000 3.605000 17.849739 6.434831 1.974744 
2.000000 3.595000 17.849739 6.416981 1.974744 
2.000000 3.585000 17.849739 6.399131 1.974744 
2.000000 3.575000 17.849739 6.381282 1.974744 
2.000000 3.565000 17.849739 6.363432 1.974744 
2.000000 3.555000 17.849739 6.345582 1.974744 
2.000000 3.545000 17.849739 6.327732 1.974744 
2.000000 3.535000 17.849739 6.309883 1.974744 
2.000000 3.525000 17.849739 6.292033 1.974744 
2.000000 3.515000 17.849739 6.274183 1.974744 
2.000000 3.505000 17.849739 6.256333 1.974744 
2.000000 3.495000 17.849739 6.238484 1.974744 
2.000000 3.485000 17.849739 6.220634 1.974744 
2.000000 3.475000 17.849739 6.202784 1.974744 
2.000000 3.465000 17.849739 6.184934 1.974744 
2.000000 3.455000 17.849739 6.167085 1.974744 
2.000000 3.445000 17.849739 6.149235 1.974744 
2.000000 3.435000 17.849739 6.131385 1.974744 
2.000000 3.425000 17.849739 6.113535 1.974744 
2.000000 3.415000 17.849739 6.095686 1.974744 
2.000000 3.405000 17.849739 6.077836 1.974744 
2.000000 3.395000 17.849739 6.059986 1.974744 
2.000000 3.385000 17.849739 6.042137 1.974744 
2.000000 3.375000 17.849739 6.024287 1.974744 
2.000000 3.365000 17.849739 6.006437 1.974744 
2.000000 3.355000 17.849739 5.988587 1.974744 
2.000000 3.345000 17.849739 5.970738 1.974744 
2.000000 3.335000 17.849739 5.952888 1.974744 
2.000000 3.325000 17.849739 5.935038 1.974744 
2.000000 3.315000 17.849739 5.917188 1.974744 
2.000000 3.305000 17.849739 5.899339 1.974744 
2.000000 3.295000 17.849739 5.881489 1.974744 
2.000000 3.285000 17.849739 5.863639 1.974744 
2.000000 3.275000 17.849739 5.845789 1.974744 
2.000000 3.265000 17.849739 5.827940 1.974744 
2.000000 3.255000 17.849739 5.810090 1.974744 
2.000000 3.245000 17.849739 5.792240 1.974744 
2.000000 3.235000 17.849739 5.774390 1.974744 
2.000000 3.225000 17.849739 5.756541 1.974744 
2.000000 3.215000 17.849739 5.738691 1.974744 
2.000000 3.205000 17.849739 5.720841 1.974744 
2.000000 3.195000 17.849739 5.702992 1.974744 
2.000000 3.185000 17.849739 5.685142 1.974744 
2.000000 3.175000 17.849739 5.667292 1.974744 
2.000000 3.165000 17.849739 5.649442 1.974744 
2.000000 3.155000 17.849739 5.631593 1.974744 
2.000000 3.145000 17.849739 5.613743 1.974744 
2.000000 3.135000 17.849739 5.595893 1.974744 
2.000000 3.125000 17.849739 5.578043 1.974744 
2.000000 3.115000 17.849739 5.560194 1.974744 
2.000000 3.105000 17.849739 5.542344 1.974744 
2.000000 3.095000 17.849739 5.524494 1.974744 
2.000000 3.085000 17.849739 5.506644 1.974744 
2.000000 3.075000 17.849739 5.488795 1.974744 
2.000000 3.065000 17.849739 5.470945 1.974744 
2.000000 3.055000 17.849739 5.453095 1.974744 
2.000000 3.045000 17.849739 5.435245 1.974744 
2.000000 3.035000 17.849739 5.417396 1.974744 
2.000000 3.025000 17.849739 5.399546 1.974744 
2.000000 3.015000 17.849739 5.381696 1.974744 
2.000000 3.005000 17.849739 5.363846 1.974744 
2.000000 2.995000 17.849739 5.345997 1.974744 
2.000000 2.985000 17.849739 5.328147 1.974744 
2.000000 2.975000 17.849739 5.310297 1.974744 
2.000000 2.965000 17.849739 5.292448 1.974744 
2.000000 2.955000 17.849739 5.274598 1.974744 
2.000000 2.945000 17.849739 5.256748 1.974744 
2.000000 2.935000 17.849739 5.238898 1.974744 
2.000000 2.925000 17.849739 5.221049 1.974744 
2.000000 2.915000 17.849739 5.203199 1.974744 
2.000000 2.905000 17.849739 5.185349 1.974744 
2.000000 2.895000 17.849739 5.167499 1.974744 
2.000000 2.885000 17.849739 5.149650 1.974744 
2.000000 2.875000 17.849739 5.131800 1.974744 
2.000000 2.865000 17.849739 5.113950 1.974744 
2.000000 2.855000 17.849739 5.096100 1.974744 
2.000000 2.845000 17.849739 5.078251 1.974744 
2.000000 2.835000 17.849739 5.060401 1.974744 
2.000000 2.825000 17.849739 5.042551 1.974744 
2.000000 2.815000 17.849739 5.024701 1.974744 
2.000000 2.805000 17.849739 5.006852 1.974744 
2.000000 2.795000 17.849739 4.989002 1.974744 
2.000000 2.785000 17.849739 4.971152 1.974744 
2.000000 2.775000 17.849739 4.953302 1.974744 
2.000000 2.765000 17.849739 4.935453 1.974744 
2.000000 2.755000 17.849739 4.917603 1.974744 
2.000000 2.745000 17.849739 4.899753 1.974744 
2.000000 2.735000 17.849739 4.881904 1.974744 
2.000000 2.725000 17.849739 4.864054 1.974744 
2.000000 2.715000 17.849739 4.846204 1.974744 
2.000000 2.705000 17.849739 4.828354 1.974744 
2.000000 2.695000 17.849739 4.810505 1.974744 
2.000000 2.685000 17.849739 4.792655 1.974744 
2.000000 2.675000 17.849739 4.774805 1.974744 
2.000000 2.665000 17.849739 4.756955 1.974744 
2.000000 2.655000 17.849739 4.739106 1.974744 
2.000000 2.645000 17.849739 4.721256 1.974744 
2.000000 2.635000 17.849739 4.703406 1.974744 
2.000000 2.625000 17.849739 4.685556 1.974744 
2.000000 2.615000 17.849739 4.667707 1.974744 
2.000000 2.605000 17.849739 4.649857 1.974744 
2.000000 2.595000 17.849739 4.632007 1.974744 
2.000000 2.585000 17.849739 4.614157 1.974744 
2.000000 2.575000 17.849739 4.596308 1.974744 
2.000000 2.565000 17.849739 4.578458 1.974744 
2.000000 2.555000 17.849739 4.560608 1.974744 
2.000000 2.545000 17.849739 4.542758 1.974744 
2.000000 2.535000 17.849739 4.524909 1.974744 
2.000000 2.525000 17.849739 4.507059 1.974744 
2.000000 2.515000 17.849739 4.489209 1.974744 
2.000000 2.505000 17.849739 4.471360 1.974744 
2.000000 2.495000 17.849739 4.453510 1.974744 
2.000000 2.485000 17.849739 4.435660 1.974744 
2.000000 2.475000 17.849739 4.417810 1.974744 
2.000000 2.465000 17.849739 4.399961 1.974744 
2.000000 2.455000 17.849739 4.382111 1.974744 
2.000000 2.445000 17.849739 4.364261 1.974744 
2.000000 2.435000 17.849739 4.346411 1.974744 
2.000000 2.425000 17.849739 4.328562 1.974744 
2.000000 2.415000 17.849739 4.310712 1.974744 
2.000000 2.405000 17.849739 4.292862 1.974744 
2.000000 2.395000 17.849739 4.275012 1.974744 
2.000000 2.385000 17.849739 4.257163 1.974744 
2.000000 2.375000 17.849739 4.239313 1.974744 
2.000000 2.365000 17.849739 4.221463 1.974744 
2.000000 2.355000 17.849739 4.203613 1.974744 
2.000000 2.345000 17.849739 4.185764 1.974744 
2.000000 2.335000 17.849739 4.167914 1.974744 
2.000000 2.325000 17.849739 4.150064 1.974744 
2.000000 2.315000 17.849739 4.132215 1.974744 
2.000000 2.305000 17.849739 4.114365 1.974744 
2.000000 2.295000 17.849739 4.096515 1.974744 
2.000000 2.285000 17.849739 4.078665 1.974744 
2.000000 2.275000 17.849739 4.060816 1.974744 
2.000000 2.265000 17.849739 4.042966 1.974744 
2.000000 2.255000 17.849739 4.025116 1.974744 
2.000000 2.245000 17.849739 4.007266 1.974744 
2.000000 2.235000 17.849739 3.989417 1.974744 
2.000000 2.225000 17.849739 3.971567 1.974744 
2.000000 2.215000 17.849739 3.953717 1.974744 
2.000000 2.205000 17.849739 3.935867 1.974744 
2.000000 2.195000 17.849739 3.918018 1.974744 
2.000000 2.185000 17.849739 3.900168 1.974744 
2.000000 2.175000 17.849739 3.882318 1.974744 
2.000000 2.165000 17.849739 3.864468 1.974744 
2.000000 2.155000 17.849739 3.846619 1.974744 
2.000000 2.145000 17.849739 3.828769 1.974744 
2.000000 2.135000 17.849739 3.810919 1.974744 
2.000000 2.125000 17.849739 3.793069 1.974744 
2.000000 2.115000 17.849739 3.775220 1.974744 
2.000000 2.105000 17.849739 3.757370 1.974744 
2.000000 2.095000 17.849739 3.739520 1.974744 
2.000000 2.085000 17.849739 3.721671 1.974744 
2.000000 2.075000 17.849739 3.703821 1.974744 
2.000000 2.065000 17.849739 3.685971 1.974744 
2.000000 2.055000 17.849739 3.668121 1.974744 
2.000000 2.045000 17.849739 3.650272 1.974744 
2.000000 2.035000 17.849739 3.632422 1.974744 
2.000000 2.025000 17.849739 3.614572 1.974744 
2.000000 2.015000 17.849739 3.596722 1.974744 
2.000000 2.005000 17.849739 3.578873 1.974744 
2.000000 1.995000 17.849739 3.561023 1.974744 
2.000000 1.985000 17.849739 3.543173 1.974744 
2.000000 1.975000 17.849739 3.525323 1.974744 
1.993091 1.965000 17.849739 3.507474 1.962653 
1.987831 1.955000 17.849739 3.489624 1.953045 
1.982505 1.945000 17.849739 3.471774 1.943476 
1.977111 1.935000 17.849739 3.453924 1.933946 
1.971650 1.925000 17.849739 3.436075 1.924451 
1.966122 1.915000 17.849739 3.418225 1.914991 
1.958646 1.905000 17.849739 3.400375 1.902428 
1.952959 1.895000 17.849739 3.382525 1.893042 
1.947204 1.885000 17.849739 3.364676 1.883685 
1.941380 1.875000 17.849739 3.346826 1.874355 
1.933508 1.865000 17.849739 3.328976 1.861955 
1.927524 1.855000 17.849739 3.311127 1.852683 
1.921470 1.845000 17.849739 3.293277 1.843433 
1.915346 1.835000 17.849739 3.275427 1.834204 
1.909152 1.825000 17.849739 3.257577 1.824994 
1.900785 1.815000 17.849739 3.239728 1.812742 
1.894427 1.805000 17.849739 3.221878 1.803572 
1.887998 1.795000 17.849739 3.204028 1.794416 
1.879316 1.785000 17.849739 3.186178 1.782228 
1.872720 1.775000 17.849739 3.168329 1.773100 
1.866053 1.765000 17.849739 3.150479 1.763983 
1.859314 1.755000 17.849739 3.132629 1.754873 
1.850215 1.745000 17.849739 3.114779 1.742737 
1.843305 1.735000 17.849739 3.096930 1.733642 
1.836323 1.725000 17.849739 3.079080 1.724550 
1.826898 1.715000 17.849739 3.061230 1.712431 
1.819744 1.705000 17.849739 3.043380 1.703343 
1.812514 1.695000 17.849739 3.025531 1.694254 
1.802759 1.685000 17.849739 3.007681 1.682132 
1.795354 1.675000 17.849739 2.989831 1.673035 
1.787874 1.665000 17.849739 2.971981 1.663934 
1.780318 1.655000 17.849739 2.954132 1.654825 
1.770124 1.645000 17.849739 2.936282 1.642668 
1.762389 1.635000 17.849739 2.918432 1.633538 
1.754577 1.625000 17.849739 2.900583 1.624398 
1.744039 1.615000 17.849739 2.882733 1.612190 
1.736045 1.605000 17.849739 2.864883 1.603017 
1.727972 1.595000 17.849739 2.847033 1.593829 
1.719819 1.585000 17.849739 2.829184 1.584622 
1.708825 1.575000 17.849739 2.811334 1.572318 
1.700486 1.565000 17.849739 2.793484 1.563066 
1.692067 1.555000 17.849739 2.775634 1.553791 
1.683566 1.545000 17.849739 2.757785 1.544493 
1.672104 1.535000 17.849739 2.739935 1.532056 
1.663412 1.525000 17.849739 2.722085 1.522696 
1.654636 1.515000 17.849739 2.704235 1.513308 
1.645778 1.505000 17.849739 2.686386 1.503890 
1.636835 1.495000 17.849739 2.668536 1.494439 
1.627808 1.485000 17.849739 2.650686 1.484955 
1.615640 1.475000 17.849739 2.632836 1.472255 
1.606414 1.465000 17.849739 2.614987 1.462686 
1.597102 1.455000 17.849739 2.597137 1.453079 
1.587703 1.445000 17.849739 2.579287 1.443430 
1.578216 1.435000 17.849739 2.561437 1.433739 
1.568641 1.425000 17.849739 2.543588 1.424004 
1.558978 1.415000 17.849739 2.525738 1.414222 
1.549225 1.405000 17.849739 2.507888 1.404393 
1.539382 1.395000 17.849739 2.490039 1.394513 
1.529448 1.385000 17.849739 2.472189 1.384582 
1.519423 1.375000 17.849739 2.454339 1.374597 
1.509306 1.365000 17.849739 2.436489 1.364556 
1.499097 1.355000 17.849739 2.418640 1.354457 
1.488793 1.345000 17.849739 2.400790 1.344297 
1.478396 1.335000 17.849739 2.382940 1.334076 
1.467904 1.325000 17.849739 2.365090 1.323790 
1.457315 1.315000 17.849739 2.347241 1.313436 
1.446631 1.305000 17.849739 2.329391 1.303014 
1.435849 1.295000 17.849739 2.311541 1.292520 
1.424969 1.285000 17.849739 2.293691 1.281952 
1.417660 1.275000 17.849739 2.275842 1.274864 
1.406615 1.265000 17.849739 2.257992 1.264166 
1.395469 1.255000 17.849739 2.240142 1.253387 
1.384222 1.245000 17.849739 2.222292 1.242524 
1.372872 1.235000 17.849739 2.204443 1.231573 
1.365248 1.225000 17.849739 2.186593 1.224223 
1.353726 1.215000 17.849739 2.168743 1.213121 
1.342099 1.205000 17.849739 2.150894 1.201924 
1.334289 1.195000 17.849739 2.133044 1.194405 
1.322486 1.185000 17.849739 2.115194 1.183041 
1.310574 1.175000 17.849739 2.097344 1.171574 
1.302573 1.165000 17.849739 2.079495 1.163869 
1.290480 1.155000 17.849739 2.061645 1.152220 
1.282357 1.145000 17.849739 2.043795 1.144391 
1.270080 1.135000 17.849739 2.025945 1.132549 
1.261832 1.125000 17.849739 2.008096 1.124588 
1.249367 1.115000 17.849739 1.990246 1.112542 
1.240993 1.105000 17.849739 1.972396 1.104441 
1.228336 1.095000 17.849739 1.954546 1.092180 
1.219834 1.085000 17.849739 1.936697 1.083931 
1.206983 1.075000 17.849739 1.918847 1.071441 
1.198349 1.065000 17.849739 1.900997 1.063035 
1.189663 1.055000 17.849739 1.883147 1.054563 
1.176533 1.045000 17.849739 1.865298 1.041729 
1.167712 1.035000 17.849739 1.847448 1.033087 
1.158836 1.025000 17.849739 1.829598 1.024373 
1.145419 1.015000 17.849739 1.811748 1.011165 
1.136405 1.005000 17.849739 1.793899 1.002266 
1.127335 0.995000 17.849739 1.776049 0.993289 
1.118209 0.985000 17.849739 1.758199 0.984232 
1.104412 0.975000 17.849739 1.740350 0.970494 
1.095142 0.965000 17.849739 1.722500 0.961229 
1.085813 0.955000 17.849739 1.704650 0.951878 
1.076426 0.945000 17.849739 1.686800 0.942437 
1.066980 0.935000 17.849739 1.668951 0.932905 
1.057473 0.925000 17.849739 1.651101 0.923279 
1.047907 0.915000 17.849739 1.633251 0.913557 
1.038279 0.905000 17.849739 1.615401 0.903735 
1.028591 0.895000 17.849739 1.597552 0.893812 
1.018840 0.885000 17.849739 1.579702 0.883784 
1.009026 0.875000 17.849739 1.561852 0.873649 
0.999150 0.865000 17.849739 1.544002 0.863403 
0.989210 0.855000 17.849739 1.526153 0.853044 
0.979205 0.845000 17.849739 1.508303 0.842568 
0.969135 0.835000 17.849739 1.490453 0.831971 
0.959000 0.825000 17.849739 1.472603 0.821251 
0.948799 0.815000 17.849739 1.454754 0.810404 
0.943673 0.805000 17.849739 1.436904 0.804931 
0.933371 0.795000 17.849739 1.419054 0.793885 
0.923000 0.785000 17.849739 1.401204 0.782702 
0.912562 0.775000 17.849739 1.383355 0.771378 
0.902053 0.765000 17.849739 1.365505 0.759908 
0.896773 0.755000 17.849739 1.347655 0.754117 
0.886159 0.745000 17.849739 1.329806 0.742419 
0.875475 0.735000 17.849739 1.311956 0.730563 
0.870105 0.725000 17.849739 1.294106 0.724575 
0.859312 0.715000 17.849739 1.276256 0.712473 
0.848446 0.705000 17.849739 1.258407 0.700201 
0.842985 0.695000 17.849739 1.240557 0.693998 
0.832008 0.685000 17.849739 1.222707 0.681458 
0.820955 0.675000 17.849739 1.204857 0.668732 
0.815400 0.665000 17.849739 1.187008 0.662298 
0.804233 0.655000 17.849739 1.169158 0.649280 
0.798620 0.645000 17.849739 1.151308 0.642696 
0.787337 0.635000 17.849739 1.133458 0.629372 
0.781666 0.625000 17.849739 1.115609 0.622630 
0.770264 0.615000 17.849739 1.097759 0.608982 
0.764533 0.605000 17.849739 1.079909 0.602074 
0.753010 0.595000 17.849739 1.062059 0.588083 
0.747219 0.585000 17.849739 1.044210 0.580999 
0.741406 0.575000 17.849739 1.026360 0.573854 
0.729720 0.565000 17.849739 1.008510 0.559376 
0.723846 0.555000 17.849739 0.990660 0.552041 
0.717950 0.545000 17.849739 0.972811 0.544640 
0.706096 0.535000 17.849739 0.954961 0.529636 
0.700137 0.525000 17.849739 0.937111 0.522029 
0.694156 0.515000 17.849739 0.919262 0.514351 
0.682130 0.505000 17.849739 0.901412 0.498775 
0.676084 0.495000 17.849739 0.883562 0.490874 
0.670016 0.485000 17.849739 0.865712 0.482896 
0.663926 0.475000 17.849739 0.847863 0.474838 
0.651679 0.465000 17.849739 0.830013 0.458477 
0.645522 0.455000 17.849739 0.812163 0.450171 
0.639342 0.445000 17.849739 0.794313 0.441779 
0.633139 0.435000 17.849739 0.776464 0.433298 
0.626913 0.425000 17.849739 0.758614 0.424726 
0.614392 0.415000 17.849739 0.740764 0.407304 
0.608097 0.405000 17.849739 0.722914 0.398448 
0.601778 0.395000 17.849739 0.705065 0.389494 
0.595435 0.385000 17.849739 0.687215 0.380437 
0.589069 0.375000 17.849739 0.669365 0.371277 
0.582679 0.365000 17.849739 0.651515 0.362010 
0.576265 0.355000 17.849739 0.633666 0.352633 
0.569826 0.345000 17.849739 0.615816 0.343145 
0.563364 0.335000 17.849739 0.597966 0.333542 
0.556877 0.325000 17.849739 0.580117 0.323821 
0.550365 0.315000 17.849739 0.562267 0.313979 
0.543829 0.305000 17.849739 0.544417 0.304013 
0.537268 0.295000 17.849739 0.526567 0.293920 
0.530682 0.285000 17.849739 0.508718 0.283696 
0.524072 0.275000 17.849739 0.490868 0.273338 
0.517436 0.265000 17.849739 0.473018 0.262842 
0.510775 0.255000 17.849739 0.455168 0.252204 
0.504088 0.245000 17.849739 0.437319 0.241421 
0.497377 0.235000 17.849739 0.419469 0.230487 
0.490640 0.225000 17.849739 0.401619 0.219400 
0.483877 0.215000 17.849739 0.383769 0.208154 
0.477089 0.205000 17.849739 0.365920 0.196744 
0.470275 0.195000 17.849739 0.348070 0.185166 
0.463435 0.185000 17.849739 0.330220 0.173416 
0.463435 0.175000 17.849739 0.312370 0.173416 
0.456570 0.165000 17.849739 0.294521 0.161486 
0.449679 0.155000 17.849739 0.276671 0.149373 
0.442762 0.145000 17.849739 0.258821 0.137069 
0.435820 0.135000 17.849739 0.240971 0.124571 
0.435820 0.125000 17.849739 0.223122 0.124571 
0.428851 0.115000 17.849739 0.205272 0.111870 
0.421858 0.105000 17.849739 0.187422 0.098960 
0.414839 0.095000 17.849739 0.169573 0.085835 
0.407794 0.085000 17.849739 0.151723 0.072488 
0.407794 0.075000 17.849739 0.133873 0.072488 
0.400724 0.065000 17.849739 0.116023 0.058911 
0.393629 0.055000 17.849739 0.098174 0.045096 
0.386510 0.045000 17.849739 0.080324 0.031036 
0.386510 0.035000 17.849739 0.062474 0.031036 
0.379365 0.025000 17.849739 0.044624 0.016721 
0.372197 0.015000 17.849739 0.026775 0.002143 
