2.000000 9.985000 48.451645 48.378968 2.640462 
2.000000 9.975000 48.451645 48.330516 2.640462 
2.000000 9.965000 48.451645 48.282064 2.640462 
2.000000 9.955000 48.451645 48.233613 2.640462 
2.000000 9.945000 48.451645 48.185161 2.640462 
2.000000 9.935000 48.451645 48.136709 2.640462 
2.000000 9.925000 48.451645 48.088258 2.640462 
2.000000 9.915000 48.451645 48.039806 2.640462 
2.000000 9.905000 48.451645 47.991354 2.640462 
2.000000 9.895000 48.451645 47.942903 2.640462 
2.000000 9.885000 48.451645 47.894451 2.640462 
2.000000 9.875000 48.451645 47.846000 2.640462 
2.000000 9.865000 48.451645 47.797548 2.640462 
2.000000 9.855000 48.451645 47.749096 2.640462 
2.000000 9.845000 48.451645 47.700645 2.640462 
2.000000 9.835000 48.451645 47.652193 2.640462 
2.000000 9.825000 48.451645 47.603741 2.640462 
2.000000 9.815000 48.451645 47.555290 2.640462 
2.000000 9.805000 48.451645 47.506838 2.640462 
2.000000 9.795000 48.451645 47.458386 2.640462 
2.000000 9.785000 48.451645 47.409935 2.640462 
2.000000 9.775000 48.451645 47.361483 2.640462 
2.000000 9.765000 48.451645 47.313031 2.640462 
2.000000 9.755000 48.451645 47.264580 2.640462 
2.000000 9.745000 48.451645 47.216128 2.640462 
2.000000 9.735000 48.451645 47.167676 2.640462 
2.000000 9.725000 48.451645 47.119225 2.640462 
2.000000 9.715000 48.451645 47.070773 2.640462 
2.000000 9.705000 48.451645 47.022322 2.640462 
2.000000 9.695000 48.451645 46.973870 2.640462 
2.000000 9.685000 48.451645 46.925418 2.640462 
2.000000 9.675000 48.451645 46.876967 2.640462 
2.000000 9.665000 48.451645 46.828515 2.640462 
2.000000 9.655000 48.451645 46.780063 2.640462 
2.000000 9.645000 48.451645 46.731612 2.640462 
2.000000 9.635000 48.451645 46.683160 2.640462 
2.000000 9.625000 48.451645 46.634708 2.640462 
2.000000 9.615000 48.451645 46.586257 2.640462 
2.000000 9.605000 48.451645 46.537805 2.640462 
2.000000 9.595000 48.451645 46.489353 2.640462 
2.000000 9.585000 48.451645 46.440902 2.640462 
2.000000 9.575000 48.451645 46.392450 2.640462 
2.000000 9.565000 48.451645 46.343999 2.640462 
2.000000 9.555000 48.451645 46.295547 2.640462 
2.000000 9.545000 48.451645 46.247095 2.640462 
2.000000 9.535000 48.451645 46.198644 2.640462 
2.000000 9.525000 48.451645 46.150192 2.640462 
2.000000 9.515000 48.451645 46.101740 2.640462 
2.000000 9.505000 48.451645 46.053289 2.640462 
2.000000 9.495000 48.451645 46.004837 2.640462 
2.000000 9.485000 48.451645 45.956385 2.640462 
2.000000 9.475000 48.451645 45.907934 2.640462 
2.000000 9.465000 48.451645 45.859482 2.640462 
2.000000 9.455000 48.451645 45.811030 2.640462 
2.000000 9.445000 48.451645 45.762579 2.640462 
2.000000 9.435000 48.451645 45.714127 2.640462 
2.000000 9.425000 48.451645 45.665675 2.640462 
2.000000 9.415000 48.451645 45.617224 2.640462 
2.000000 9.405000 48.451645 45.568772 2.640462 
2.000000 9.395000 48.451645 45.520321 2.640462 
2.000000 9.385000 48.451645 45.471869 2.640462 
2.000000 9.375000 48.451645 45.423417 2.640462 
2.000000 9.365000 48.451645 45.374966 2.640462 
2.000000 9.355000 48.451645 45.326514 2.640462 
2.000000 9.345000 48.451645 45.278062 2.640462 
2.000000 9.335000 48.451645 45.229611 2.640462 
2.000000 9.325000 48.451645 45.181159 2.640462 
2.000000 9.315000 48.451645 45.132707 2.640462 
2.000000 9.305000 48.451645 45.084256 2.640462 
2.000000 9.295000 48.451645 45.035804 2.640462 
2.000000 9.285000 48.451645 44.987352 2.640462 
2.000000 9.275000 48.451645 44.938901 2.640462 
2.000000 9.265000 48.451645 44.890449 2.640462 
2.000000 9.255000 48.451645 44.841998 2.640462 
2.000000 9.245000 48.451645 44.793546 2.640462 
2.000000 9.235000 48.451645 44.745094 2.640462 
2.000000 9.225000 48.451645 44.696643 2.640462 
2.000000 9.215000 48.451645 44.648191 2.640462 
2.000000 9.205000 48.451645 44.599739 2.640462 
2.000000 9.195000 48.451645 44.551288 2.640462 
2.000000 9.185000 48.451645 44.502836 2.640462 
2.000000 9.175000 48.451645 44.454384 2.640462 
2.000000 9.165000 48.451645 44.405933 2.640462 
2.000000 9.155000 48.451645 44.357481 2.640462 
2.000000 9.145000 48.451645 44.309029 2.640462 
2.000000 9.135000 48.451645 44.260578 2.640462 
2.000000 9.125000 48.451645 44.212126 2.640462 
2.000000 9.115000 48.451645 44.163675 2.640462 
2.000000 9.105000 48.451645 44.115223 2.640462 
2.000000 9.095000 48.451645 44.066771 2.640462 
2.000000 9.085000 48.451645 44.018320 2.640462 
2.000000 9.075000 48.451645 43.969868 2.640462 
2.000000 9.065000 48.451645 43.921416 2.640462 
2.000000 9.055000 48.451645 43.872965 2.640462 
2.000000 9.045000 48.451645 43.824513 2.640462 
2.000000 9.035000 48.451645 43.776061 2.640462 
2.000000 9.025000 48.451645 43.727610 2.640462 
2.000000 9.015000 48.451645 43.679158 2.640462 
2.000000 9.005000 48.451645 43.630706 2.640462 
2.000000 8.995000 48.451645 43.582255 2.640462 
2.000000 8.985000 48.451645 43.533803 2.640462 
2.000000 8.975000 48.451645 43.485351 2.640462 
2.000000 8.965000 48.451645 43.436900 2.640462 
2.000000 8.955000 48.451645 43.388448 2.640462 
2.000000 8.945000 48.451645 43.339997 2.640462 
2.000000 8.935000 48.451645 43.291545 2.640462 
2.000000 8.925000 48.451645 43.243093 2.640462 
2.000000 8.915000 48.451645 43.194642 2.640462 
2.000000 8.905000 48.451645 43.146190 2.640462 
2.000000 8.895000 48.451645 43.097738 2.640462 
2.000000 8.885000 48.451645 43.049287 2.640462 
2.000000 8.875000 48.451645 43.000835 2.640462 
2.000000 8.865000 48.451645 42.952383 2.640462 
2.000000 8.855000 48.451645 42.903932 2.640462 
2.000000 8.845000 48.451645 42.855480 2.640462 
2.000000 8.835000 48.451645 42.807028 2.640462 
2.000000 8.825000 48.451645 42.758577 2.640462 
2.000000 8.815000 48.451645 42.710125 2.640462 
2.000000 8.805000 48.451645 42.661674 2.640462 
2.000000 8.795000 48.451645 42.613222 2.640462 
2.000000 8.785000 48.451645 42.564770 2.640462 
2.000000 8.775000 48.451645 42.516319 2.640462 
2.000000 8.765000 48.451645 42.467867 2.640462 
2.000000 8.755000 48.451645 42.419415 2.640462 
2.000000 8.745000 48.451645 42.370964 2.640462 
2.000000 8.735000 48.451645 42.322512 2.640462 
2.000000 8.725000 48.451645 42.274060 2.640462 
2.000000 8.715000 48.451645 42.225609 2.640462 
2.000000 8.705000 48.451645 42.177157 2.640462 
2.000000 8.695000 48.451645 42.128705 2.640462 
2.000000 8.685000 48.451645 42.080254 2.640462 
2.000000 8.675000 48.451645 42.031802 2.640462 
2.000000 8.665000 48.451645 41.983350 2.640462 
2.000000 8.655000 48.451645 41.934899 2.640462 
2.000000 8.645000 48.451645 41.886447 2.640462 
2.000000 8.635000 48.451645 41.837996 2.640462 
2.000000 8.625000 48.451645 41.789544 2.640462 
2.000000 8.615000 48.451645 41.741092 2.640462 
2.000000 8.605000 48.451645 41.692641 2.640462 
2.000000 8.595000 48.451645 41.644189 2.640462 
2.000000 8.585000 48.451645 41.595737 2.640462 
2.000000 8.575000 48.451645 41.547286 2.640462 
2.000000 8.565000 48.451645 41.498834 2.640462 
2.000000 8.555000 48.451645 41.450382 2.640462 
2.000000 8.545000 48.451645 41.401931 2.640462 
2.000000 8.535000 48.451645 41.353479 2.640462 
2.000000 8.525000 48.451645 41.305027 2.640462 
2.000000 8.515000 48.451645 41.256576 2.640462 
2.000000 8.505000 48.451645 41.208124 2.640462 
2.000000 8.495000 48.451645 41.159673 2.640462 
2.000000 8.485000 48.451645 41.111221 2.640462 
2.000000 8.475000 48.451645 41.062769 2.640462 
2.000000 8.465000 48.451645 41.014318 2.640462 
2.000000 8.455000 48.451645 40.965866 2.640462 
2.000000 8.445000 48.451645 40.917414 2.640462 
2.000000 8.435000 48.451645 40.868963 2.640462 
2.000000 8.425000 48.451645 40.820511 2.640462 
2.000000 8.415000 48.451645 40.772059 2.640462 
2.000000 8.405000 48.451645 40.723608 2.640462 
2.000000 8.395000 48.451645 40.675156 2.640462 
2.000000 8.385000 48.451645 40.626704 2.640462 
2.000000 8.375000 48.451645 40.578253 2.640462 
2.000000 8.365000 48.451645 40.529801 2.640462 
2.000000 8.355000 48.451645 40.481349 2.640462 
2.000000 8.345000 48.451645 40.432898 2.640462 
2.000000 8.335000 48.451645 40.384446 2.640462 
2.000000 8.325000 48.451645 40.335995 2.640462 
2.000000 8.315000 48.451645 40.287543 2.640462 
2.000000 8.305000 48.451645 40.239091 2.640462 
2.000000 8.295000 48.451645 40.190640 2.640462 
2.000000 8.285000 48.451645 40.142188 2.640462 
2.000000 8.275000 48.451645 40.093736 2.640462 
2.000000 8.265000 48.451645 40.045285 2.640462 
2.000000 8.255000 48.451645 39.996833 2.640462 
2.000000 8.245000 48.451645 39.948381 2.640462 
2.000000 8.235000 48.451645 39.899930 2.640462 
2.000000 8.225000 48.451645 39.851478 2.640462 
2.000000 8.215000 48.451645 39.803026 2.640462 
2.000000 8.205000 48.451645 39.754575 2.640462 
2.000000 8.195000 48.451645 39.706123 2.640462 
2.000000 8.185000 48.451645 39.657672 2.640462 
2.000000 8.175000 48.451645 39.609220 2.640462 
2.000000 8.165000 48.451645 39.560768 2.640462 
2.000000 8.155000 48.451645 39.512317 2.640462 
2.000000 8.145000 48.451645 39.463865 2.640462 
2.000000 8.135000 48.451645 39.415413 2.640462 
2.000000 8.125000 48.451645 39.366962 2.640462 
2.000000 8.115000 48.451645 39.318510 2.640462 
2.000000 8.105000 48.451645 39.270058 2.640462 
2.000000 8.095000 48.451645 39.221607 2.640462 
2.000000 8.085000 48.451645 39.173155 2.640462 
2.000000 8.075000 48.451645 39.124703 2.640462 
2.000000 8.065000 48.451645 39.076252 2.640462 
2.000000 8.055000 48.451645 39.027800 2.640462 
2.000000 8.045000 48.451645 38.979348 2.640462 
2.000000 8.035000 48.451645 38.930897 2.640462 
2.000000 8.025000 48.451645 38.882445 2.640462 
2.000000 8.015000 48.451645 38.833994 2.640462 
2.000000 8.005000 48.451645 38.785542 2.640462 
2.000000 7.995000 48.451645 38.737090 2.640462 
2.000000 7.985000 48.451645 38.688639 2.640462 
2.000000 7.975000 48.451645 38.640187 2.640462 
2.000000 7.965000 48.451645 38.591735 2.640462 
2.000000 7.955000 48.451645 38.543284 2.640462 
2.000000 7.945000 48.451645 38.494832 2.640462 
2.000000 7.935000 48.451645 38.446380 2.640462 
2.000000 7.925000 48.451645 38.397929 2.640462 
2.000000 7.915000 48.451645 38.349477 2.640462 
2.000000 7.905000 48.451645 38.301025 2.640462 
2.000000 7.895000 48.451645 38.252574 2.640462 
2.000000 7.885000 48.451645 38.204122 2.640462 
2.000000 7.875000 48.451645 38.155671 2.640462 
2.000000 7.865000 48.451645 38.107219 2.640462 
2.000000 7.855000 48.451645 38.058767 2.640462 
2.000000 7.845000 48.451645 38.010316 2.640462 
2.000000 7.835000 48.451645 37.961864 2.640462 
2.000000 7.825000 48.451645 37.913412 2.640462 
2.000000 7.815000 48.451645 37.864961 2.640462 
2.000000 7.805000 48.451645 37.816509 2.640462 
2.000000 7.795000 48.451645 37.768057 2.640462 
2.000000 7.785000 48.451645 37.719606 2.640462 
2.000000 7.775000 48.451645 37.671154 2.640462 
2.000000 7.765000 48.451645 37.622702 2.640462 
2.000000 7.755000 48.451645 37.574251 2.640462 
2.000000 7.745000 48.451645 37.525799 2.640462 
2.000000 7.735000 48.451645 37.477347 2.640462 
2.000000 7.725000 48.451645 37.428896 2.640462 
2.000000 7.715000 48.451645 37.380444 2.640462 
2.000000 7.705000 48.451645 37.331993 2.640462 
2.000000 7.695000 48.451645 37.283541 2.640462 
2.000000 7.685000 48.451645 37.235089 2.640462 
2.000000 7.675000 48.451645 37.186638 2.640462 
2.000000 7.665000 48.451645 37.138186 2.640462 
2.000000 7.655000 48.451645 37.089734 2.640462 
2.000000 7.645000 48.451645 37.041283 2.640462 
2.000000 7.635000 48.451645 36.992831 2.640462 
2.000000 7.625000 48.451645 36.944379 2.640462 
2.000000 7.615000 48.451645 36.895928 2.640462 
2.000000 7.605000 48.451645 36.847476 2.640462 
2.000000 7.595000 48.451645 36.799024 2.640462 
2.000000 7.585000 48.451645 36.750573 2.640462 
2.000000 7.575000 48.451645 36.702121 2.640462 
2.000000 7.565000 48.451645 36.653670 2.640462 
2.000000 7.555000 48.451645 36.605218 2.640462 
2.000000 7.545000 48.451645 36.556766 2.640462 
2.000000 7.535000 48.451645 36.508315 2.640462 
2.000000 7.525000 48.451645 36.459863 2.640462 
2.000000 7.515000 48.451645 36.411411 2.640462 
2.000000 7.505000 48.451645 36.362960 2.640462 
2.000000 7.495000 48.451645 36.314508 2.640462 
2.000000 7.485000 48.451645 36.266056 2.640462 
2.000000 7.475000 48.451645 36.217605 2.640462 
2.000000 7.465000 48.451645 36.169153 2.640462 
2.000000 7.455000 48.451645 36.120701 2.640462 
2.000000 7.445000 48.451645 36.072250 2.640462 
2.000000 7.435000 48.451645 36.023798 2.640462 
2.000000 7.425000 48.451645 35.975346 2.640462 
2.000000 7.415000 48.451645 35.926895 2.640462 
2.000000 7.405000 48.451645 35.878443 2.640462 
2.000000 7.395000 48.451645 35.829992 2.640462 
2.000000 7.385000 48.451645 35.781540 2.640462 
2.000000 7.375000 48.451645 35.733088 2.640462 
2.000000 7.365000 48.451645 35.684637 2.640462 
2.000000 7.355000 48.451645 35.636185 2.640462 
2.000000 7.345000 48.451645 35.587733 2.640462 
2.000000 7.335000 48.451645 35.539282 2.640462 
2.000000 7.325000 48.451645 35.490830 2.640462 
2.000000 7.315000 48.451645 35.442378 2.640462 
2.000000 7.305000 48.451645 35.393927 2.640462 
2.000000 7.295000 48.451645 35.345475 2.640462 
2.000000 7.285000 48.451645 35.297023 2.640462 
2.000000 7.275000 48.451645 35.248572 2.640462 
2.000000 7.265000 48.451645 35.200120 2.640462 
2.000000 7.255000 48.451645 35.151669 2.640462 
2.000000 7.245000 48.451645 35.103217 2.640462 
2.000000 7.235000 48.451645 35.054765 2.640462 
2.000000 7.225000 48.451645 35.006314 2.640462 
2.000000 7.215000 48.451645 34.957862 2.640462 
2.000000 7.205000 48.451645 34.909410 2.640462 
2.000000 7.195000 48.451645 34.860959 2.640462 
2.000000 7.185000 48.451645 34.812507 2.640462 
2.000000 7.175000 48.451645 34.764055 2.640462 
2.000000 7.165000 48.451645 34.715604 2.640462 
2.000000 7.155000 48.451645 34.667152 2.640462 
2.000000 7.145000 48.451645 34.618700 2.640462 
2.000000 7.135000 48.451645 34.570249 2.640462 
2.000000 7.125000 48.451645 34.521797 2.640462 
2.000000 7.115000 48.451645 34.473345 2.640462 
2.000000 7.105000 48.451645 34.424894 2.640462 
2.000000 7.095000 48.451645 34.376442 2.640462 
2.000000 7.085000 48.451645 34.327991 2.640462 
2.000000 7.075000 48.451645 34.279539 2.640462 
2.000000 7.065000 48.451645 34.231087 2.640462 
2.000000 7.055000 48.451645 34.182636 2.640462 
2.000000 7.045000 48.451645 34.134184 2.640462 
2.000000 7.035000 48.451645 34.085732 2.640462 
2.000000 7.025000 48.451645 34.037281 2.640462 
2.000000 7.015000 48.451645 33.988829 2.640462 
2.000000 7.005000 48.451645 33.940377 2.640462 
2.000000 6.995000 48.451645 33.891926 2.640462 
2.000000 6.985000 48.451645 33.843474 2.640462 
2.000000 6.975000 48.451645 33.795022 2.640462 
2.000000 6.965000 48.451645 33.746571 2.640462 
2.000000 6.955000 48.451645 33.698119 2.640462 
2.000000 6.945000 48.451645 33.649668 2.640462 
2.000000 6.935000 48.451645 33.601216 2.640462 
2.000000 6.925000 48.451645 33.552764 2.640462 
2.000000 6.915000 48.451645 33.504313 2.640462 
2.000000 6.905000 48.451645 33.455861 2.640462 
2.000000 6.895000 48.451645 33.407409 2.640462 
2.000000 6.885000 48.451645 33.358958 2.640462 
2.000000 6.875000 48.451645 33.310506 2.640462 
2.000000 6.865000 48.451645 33.262054 2.640462 
2.000000 6.855000 48.451645 33.213603 2.640462 
2.000000 6.845000 48.451645 33.165151 2.640462 
2.000000 6.835000 48.451645 33.116699 2.640462 
2.000000 6.825000 48.451645 33.068248 2.640462 
2.000000 6.815000 48.451645 33.019796 2.640462 
2.000000 6.805000 48.451645 32.971344 2.640462 
2.000000 6.795000 48.451645 32.922893 2.640462 
2.000000 6.785000 48.451645 32.874441 2.640462 
2.000000 6.775000 48.451645 32.825990 2.640462 
2.000000 6.765000 48.451645 32.777538 2.640462 
2.000000 6.755000 48.451645 32.729086 2.640462 
2.000000 6.745000 48.451645 32.680635 2.640462 
2.000000 6.735000 48.451645 32.632183 2.640462 
2.000000 6.725000 48.451645 32.583731 2.640462 
2.000000 6.715000 48.451645 32.535280 2.640462 
2.000000 6.705000 48.451645 32.486828 2.640462 
2.000000 6.695000 48.451645 32.438376 2.640462 
2.000000 6.685000 48.451645 32.389925 2.640462 
2.000000 6.675000 48.451645 32.341473 2.640462 
2.000000 6.665000 48.451645 32.293021 2.640462 
2.000000 6.655000 48.451645 32.244570 2.640462 
2.000000 6.645000 48.451645 32.196118 2.640462 
2.000000 6.635000 48.451645 32.147667 2.640462 
2.000000 6.625000 48.451645 32.099215 2.640462 
2.000000 6.615000 48.451645 32.050763 2.640462 
2.000000 6.605000 48.451645 32.002312 2.640462 
2.000000 6.595000 48.451645 31.953860 2.640462 
2.000000 6.585000 48.451645 31.905408 2.640462 
2.000000 6.575000 48.451645 31.856957 2.640462 
2.000000 6.565000 48.451645 31.808505 2.640462 
2.000000 6.555000 48.451645 31.760053 2.640462 
2.000000 6.545000 48.451645 31.711602 2.640462 
2.000000 6.535000 48.451645 31.663150 2.640462 
2.000000 6.525000 48.451645 31.614698 2.640462 
2.000000 6.515000 48.451645 31.566247 2.640462 
2.000000 6.505000 48.451645 31.517795 2.640462 
2.000000 6.495000 48.451645 31.469343 2.640462 
2.000000 6.485000 48.451645 31.420892 2.640462 
2.000000 6.475000 48.451645 31.372440 2.640462 
2.000000 6.465000 48.451645 31.323989 2.640462 
2.000000 6.455000 48.451645 31.275537 2.640462 
2.000000 6.445000 48.451645 31.227085 2.640462 
2.000000 6.435000 48.451645 31.178634 2.640462 
2.000000 6.425000 48.451645 31.130182 2.640462 
2.000000 6.415000 48.451645 31.081730 2.640462 
2.000000 6.405000 48.451645 31.033279 2.640462 
2.000000 6.395000 48.451645 30.984827 2.640462 
2.000000 6.385000 48.451645 30.936375 2.640462 
2.000000 6.375000 48.451645 30.887924 2.640462 
2.000000 6.365000 48.451645 30.839472 2.640462 
2.000000 6.355000 48.451645 30.791020 2.640462 
2.000000 6.345000 48.451645 30.742569 2.640462 
2.000000 6.335000 48.451645 30.694117 2.640462 
2.000000 6.325000 48.451645 30.645666 2.640462 
2.000000 6.315000 48.451645 30.597214 2.640462 
2.000000 6.305000 48.451645 30.548762 2.640462 
2.000000 6.295000 48.451645 30.500311 2.640462 
2.000000 6.285000 48.451645 30.451859 2.640462 
2.000000 6.275000 48.451645 30.403407 2.640462 
2.000000 6.265000 48.451645 30.354956 2.640462 
2.000000 6.255000 48.451645 30.306504 2.640462 
2.000000 6.245000 48.451645 30.258052 2.640462 
2.000000 6.235000 48.451645 30.209601 2.640462 
2.000000 6.225000 48.451645 30.161149 2.640462 
2.000000 6.215000 48.451645 30.112697 2.640462 
2.000000 6.205000 48.451645 30.064246 2.640462 
2.000000 6.195000 48.451645 30.015794 2.640462 
2.000000 6.185000 48.451645 29.967342 2.640462 
2.000000 6.175000 48.451645 29.918891 2.640462 
2.000000 6.165000 48.451645 29.870439 2.640462 
2.000000 6.155000 48.451645 29.821988 2.640462 
2.000000 6.145000 48.451645 29.773536 2.640462 
2.000000 6.135000 48.451645 29.725084 2.640462 
2.000000 6.125000 48.451645 29.676633 2.640462 
2.000000 6.115000 48.451645 29.628181 2.640462 
2.000000 6.105000 48.451645 29.579729 2.640462 
2.000000 6.095000 48.451645 29.531278 2.640462 
2.000000 6.085000 48.451645 29.482826 2.640462 
2.000000 6.075000 48.451645 29.434374 2.640462 
2.000000 6.065000 48.451645 29.385923 2.640462 
2.000000 6.055000 48.451645 29.337471 2.640462 
2.000000 6.045000 48.451645 29.289019 2.640462 
2.000000 6.035000 48.451645 29.240568 2.640462 
2.000000 6.025000 48.451645 29.192116 2.640462 
2.000000 6.015000 48.451645 29.143665 2.640462 
2.000000 6.005000 48.451645 29.095213 2.640462 
2.000000 5.995000 48.451645 29.046761 2.640462 
2.000000 5.985000 48.451645 28.998310 2.640462 
2.000000 5.975000 48.451645 28.949858 2.640462 
2.000000 5.965000 48.451645 28.901406 2.640462 
2.000000 5.955000 48.451645 28.852955 2.640462 
2.000000 5.945000 48.451645 28.804503 2.640462 
2.000000 5.935000 48.451645 28.756051 2.640462 
2.000000 5.925000 48.451645 28.707600 2.640462 
2.000000 5.915000 48.451645 28.659148 2.640462 
2.000000 5.905000 48.451645 28.610696 2.640462 
2.000000 5.895000 48.451645 28.562245 2.640462 
2.000000 5.885000 48.451645 28.513793 2.640462 
2.000000 5.875000 48.451645 28.465341 2.640462 
2.000000 5.865000 48.451645 28.416890 2.640462 
2.000000 5.855000 48.451645 28.368438 2.640462 
2.000000 5.845000 48.451645 28.319987 2.640462 
2.000000 5.835000 48.451645 28.271535 2.640462 
2.000000 5.825000 48.451645 28.223083 2.640462 
2.000000 5.815000 48.451645 28.174632 2.640462 
2.000000 5.805000 48.451645 28.126180 2.640462 
2.000000 5.795000 48.451645 28.077728 2.640462 
2.000000 5.785000 48.451645 28.029277 2.640462 
2.000000 5.775000 48.451645 27.980825 2.640462 
2.000000 5.765000 48.451645 27.932373 2.640462 
2.000000 5.755000 48.451645 27.883922 2.640462 
2.000000 5.745000 48.451645 27.835470 2.640462 
2.000000 5.735000 48.451645 27.787018 2.640462 
2.000000 5.725000 48.451645 27.738567 2.640462 
2.000000 5.715000 48.451645 27.690115 2.640462 
2.000000 5.705000 48.451645 27.641664 2.640462 
2.000000 5.695000 48.451645 27.593212 2.640462 
2.000000 5.685000 48.451645 27.544760 2.640462 
2.000000 5.675000 48.451645 27.496309 2.640462 
2.000000 5.665000 48.451645 27.447857 2.640462 
2.000000 5.655000 48.451645 27.399405 2.640462 
2.000000 5.645000 48.451645 27.350954 2.640462 
2.000000 5.635000 48.451645 27.302502 2.640462 
2.000000 5.625000 48.451645 27.254050 2.640462 
2.000000 5.615000 48.451645 27.205599 2.640462 
2.000000 5.605000 48.451645 27.157147 2.640462 
2.000000 5.595000 48.451645 27.108695 2.640462 
2.000000 5.585000 48.451645 27.060244 2.640462 
2.000000 5.575000 48.451645 27.011792 2.640462 
2.000000 5.565000 48.451645 26.963340 2.640462 
2.000000 5.555000 48.451645 26.914889 2.640462 
2.000000 5.545000 48.451645 26.866437 2.640462 
2.000000 5.535000 48.451645 26.817986 2.640462 
2.000000 5.525000 48.451645 26.769534 2.640462 
2.000000 5.515000 48.451645 26.721082 2.640462 
2.000000 5.505000 48.451645 26.672631 2.640462 
2.000000 5.495000 48.451645 26.624179 2.640462 
2.000000 5.485000 48.451645 26.575727 2.640462 
2.000000 5.475000 48.451645 26.527276 2.640462 
2.000000 5.465000 48.451645 26.478824 2.640462 
2.000000 5.455000 48.451645 26.430372 2.640462 
2.000000 5.445000 48.451645 26.381921 2.640462 
2.000000 5.435000 48.451645 26.333469 2.640462 
2.000000 5.425000 48.451645 26.285017 2.640462 
2.000000 5.415000 48.451645 26.236566 2.640462 
2.000000 5.405000 48.451645 26.188114 2.640462 
2.000000 5.395000 48.451645 26.139663 2.640462 
2.000000 5.385000 48.451645 26.091211 2.640462 
2.000000 5.375000 48.451645 26.042759 2.640462 
2.000000 5.365000 48.451645 25.994308 2.640462 
2.000000 5.355000 48.451645 25.945856 2.640462 
2.000000 5.345000 48.451645 25.897404 2.640462 
2.000000 5.335000 48.451645 25.848953 2.640462 
2.000000 5.325000 48.451645 25.800501 2.640462 
2.000000 5.315000 48.451645 25.752049 2.640462 
2.000000 5.305000 48.451645 25.703598 2.640462 
2.000000 5.295000 48.451645 25.655146 2.640462 
2.000000 5.285000 48.451645 25.606694 2.640462 
2.000000 5.275000 48.451645 25.558243 2.640462 
2.000000 5.265000 48.451645 25.509791 2.640462 
2.000000 5.255000 48.451645 25.461339 2.640462 
2.000000 5.245000 48.451645 25.412888 2.640462 
2.000000 5.235000 48.451645 25.364436 2.640462 
2.000000 5.225000 48.451645 25.315985 2.640462 
2.000000 5.215000 48.451645 25.267533 2.640462 
2.000000 5.205000 48.451645 25.219081 2.640462 
2.000000 5.195000 48.451645 25.170630 2.640462 
2.000000 5.185000 48.451645 25.122178 2.640462 
2.000000 5.175000 48.451645 25.073726 2.640462 
2.000000 5.165000 48.451645 25.025275 2.640462 
2.000000 5.155000 48.451645 24.976823 2.640462 
2.000000 5.145000 48.451645 24.928371 2.640462 
2.000000 5.135000 48.451645 24.879920 2.640462 
2.000000 5.125000 48.451645 24.831468 2.640462 
2.000000 5.115000 48.451645 24.783016 2.640462 
2.000000 5.105000 48.451645 24.734565 2.640462 
2.000000 5.095000 48.451645 24.686113 2.640462 
2.000000 5.085000 48.451645 24.637662 2.640462 
2.000000 5.075000 48.451645 24.589210 2.640462 
2.000000 5.065000 48.451645 24.540758 2.640462 
2.000000 5.055000 48.451645 24.492307 2.640462 
2.000000 5.045000 48.451645 24.443855 2.640462 
2.000000 5.035000 48.451645 24.395403 2.640462 
2.000000 5.025000 48.451645 24.346952 2.640462 
2.000000 5.015000 48.451645 24.298500 2.640462 
2.000000 5.005000 48.451645 24.250048 2.640462 
2.000000 4.995000 48.451645 24.201597 2.640462 
2.000000 4.985000 48.451645 24.153145 2.640462 
2.000000 4.975000 48.451645 24.104693 2.640462 
2.000000 4.965000 48.451645 24.056242 2.640462 
2.000000 4.955000 48.451645 24.007790 2.640462 
2.000000 4.945000 48.451645 23.959338 2.640462 
2.000000 4.935000 48.451645 23.910887 2.640462 
2.000000 4.925000 48.451645 23.862435 2.640462 
2.000000 4.915000 48.451645 23.813984 2.640462 
2.000000 4.905000 48.451645 23.765532 2.640462 
2.000000 4.895000 48.451645 23.717080 2.640462 
2.000000 4.885000 48.451645 23.668629 2.640462 
2.000000 4.875000 48.451645 23.620177 2.640462 
2.000000 4.865000 48.451645 23.571725 2.640462 
2.000000 4.855000 48.451645 23.523274 2.640462 
2.000000 4.845000 48.451645 23.474822 2.640462 
2.000000 4.835000 48.451645 23.426370 2.640462 
2.000000 4.825000 48.451645 23.377919 2.640462 
2.000000 4.815000 48.451645 23.329467 2.640462 
2.000000 4.805000 48.451645 23.281015 2.640462 
2.000000 4.795000 48.451645 23.232564 2.640462 
2.000000 4.785000 48.451645 23.184112 2.640462 
2.000000 4.775000 48.451645 23.135661 2.640462 
2.000000 4.765000 48.451645 23.087209 2.640462 
2.000000 4.755000 48.451645 23.038757 2.640462 
2.000000 4.745000 48.451645 22.990306 2.640462 
2.000000 4.735000 48.451645 22.941854 2.640462 
2.000000 4.725000 48.451645 22.893402 2.640462 
2.000000 4.715000 48.451645 22.844951 2.640462 
2.000000 4.705000 48.451645 22.796499 2.640462 
2.000000 4.695000 48.451645 22.748047 2.640462 
2.000000 4.685000 48.451645 22.699596 2.640462 
2.000000 4.675000 48.451645 22.651144 2.640462 
2.000000 4.665000 48.451645 22.602692 2.640462 
2.000000 4.655000 48.451645 22.554241 2.640462 
2.000000 4.645000 48.451645 22.505789 2.640462 
2.000000 4.635000 48.451645 22.457337 2.640462 
2.000000 4.625000 48.451645 22.408886 2.640462 
2.000000 4.615000 48.451645 22.360434 2.640462 
2.000000 4.605000 48.451645 22.311983 2.640462 
2.000000 4.595000 48.451645 22.263531 2.640462 
2.000000 4.585000 48.451645 22.215079 2.640462 
2.000000 4.575000 48.451645 22.166628 2.640462 
2.000000 4.565000 48.451645 22.118176 2.640462 
2.000000 4.555000 48.451645 22.069724 2.640462 
2.000000 4.545000 48.451645 22.021273 2.640462 
2.000000 4.535000 48.451645 21.972821 2.640462 
2.000000 4.525000 48.451645 21.924369 2.640462 
2.000000 4.515000 48.451645 21.875918 2.640462 
2.000000 4.505000 48.451645 21.827466 2.640462 
2.000000 4.495000 48.451645 21.779014 2.640462 
2.000000 4.485000 48.451645 21.730563 2.640462 
2.000000 4.475000 48.451645 21.682111 2.640462 
2.000000 4.465000 48.451645 21.633660 2.640462 
2.000000 4.455000 48.451645 21.585208 2.640462 
2.000000 4.445000 48.451645 21.536756 2.640462 
2.000000 4.435000 48.451645 21.488305 2.640462 
2.000000 4.425000 48.451645 21.439853 2.640462 
2.000000 4.415000 48.451645 21.391401 2.640462 
2.000000 4.405000 48.451645 21.342950 2.640462 
2.000000 4.395000 48.451645 21.294498 2.640462 
2.000000 4.385000 48.451645 21.246046 2.640462 
2.000000 4.375000 48.451645 21.197595 2.640462 
2.000000 4.365000 48.451645 21.149143 2.640462 
2.000000 4.355000 48.451645 21.100691 2.640462 
2.000000 4.345000 48.451645 21.052240 2.640462 
2.000000 4.335000 48.451645 21.003788 2.640462 
2.000000 4.325000 48.451645 20.955337 2.640462 
2.000000 4.315000 48.451645 20.906885 2.640462 
2.000000 4.305000 48.451645 20.858433 2.640462 
2.000000 4.295000 48.451645 20.809982 2.640462 
2.000000 4.285000 48.451645 20.761530 2.640462 
2.000000 4.275000 48.451645 20.713078 2.640462 
2.000000 4.265000 48.451645 20.664627 2.640462 
2.000000 4.255000 48.451645 20.616175 2.640462 
2.000000 4.245000 48.451645 20.567723 2.640462 
2.000000 4.235000 48.451645 20.519272 2.640462 
2.000000 4.225000 48.451645 20.470820 2.640462 
2.000000 4.215000 48.451645 20.422368 2.640462 
2.000000 4.205000 48.451645 20.373917 2.640462 
2.000000 4.195000 48.451645 20.325465 2.640462 
2.000000 4.185000 48.451645 20.277013 2.640462 
2.000000 4.175000 48.451645 20.228562 2.640462 
2.000000 4.165000 48.451645 20.180110 2.640462 
2.000000 4.155000 48.451645 20.131659 2.640462 
2.000000 4.145000 48.451645 20.083207 2.640462 
2.000000 4.135000 48.451645 20.034755 2.640462 
2.000000 4.125000 48.451645 19.986304 2.640462 
2.000000 4.115000 48.451645 19.937852 2.640462 
2.000000 4.105000 48.451645 19.889400 2.640462 
2.000000 4.095000 48.451645 19.840949 2.640462 
2.000000 4.085000 48.451645 19.792497 2.640462 
2.000000 4.075000 48.451645 19.744045 2.640462 
2.000000 4.065000 48.451645 19.695594 2.640462 
2.000000 4.055000 48.451645 19.647142 2.640462 
2.000000 4.045000 48.451645 19.598690 2.640462 
2.000000 4.035000 48.451645 19.550239 2.640462 
2.000000 4.025000 48.451645 19.501787 2.640462 
2.000000 4.015000 48.451645 19.453336 2.640462 
2.000000 4.005000 48.451645 19.404884 2.640462 
2.000000 3.995000 48.451645 19.356432 2.640462 
2.000000 3.985000 48.451645 19.307981 2.640462 
2.000000 3.975000 48.451645 19.259529 2.640462 
2.000000 3.965000 48.451645 19.211077 2.640462 
2.000000 3.955000 48.451645 19.162626 2.640462 
2.000000 3.945000 48.451645 19.114174 2.640462 
2.000000 3.935000 48.451645 19.065722 2.640462 
2.000000 3.925000 48.451645 19.017271 2.640462 
2.000000 3.915000 48.451645 18.968819 2.640462 
2.000000 3.905000 48.451645 18.920367 2.640462 
2.000000 3.895000 48.451645 18.871916 2.640462 
2.000000 3.885000 48.451645 18.823464 2.640462 
2.000000 3.875000 48.451645 18.775012 2.640462 
2.000000 3.865000 48.451645 18.726561 2.640462 
2.000000 3.855000 48.451645 18.678109 2.640462 
2.000000 3.845000 48.451645 18.629658 2.640462 
2.000000 3.835000 48.451645 18.581206 2.640462 
2.000000 3.825000 48.451645 18.532754 2.640462 
2.000000 3.815000 48.451645 18.484303 2.640462 
2.000000 3.805000 48.451645 18.435851 2.640462 
2.000000 3.795000 48.451645 18.387399 2.640462 
2.000000 3.785000 48.451645 18.338948 2.640462 
2.000000 3.775000 48.451645 18.290496 2.640462 
2.000000 3.765000 48.451645 18.242044 2.640462 
2.000000 3.755000 48.451645 18.193593 2.640462 
2.000000 3.745000 48.451645 18.145141 2.640462 
2.000000 3.735000 48.451645 18.096689 2.640462 
2.000000 3.725000 48.451645 18.048238 2.640462 
2.000000 3.715000 48.451645 17.999786 2.640462 
2.000000 3.705000 48.451645 17.951335 2.640462 
2.000000 3.695000 48.451645 17.902883 2.640462 
2.000000 3.685000 48.451645 17.854431 2.640462 
2.000000 3.675000 48.451645 17.805980 2.640462 
2.000000 3.665000 48.451645 17.757528 2.640462 
2.000000 3.655000 48.451645 17.709076 2.640462 
2.000000 3.645000 48.451645 17.660625 2.640462 
2.000000 3.635000 48.451645 17.612173 2.640462 
2.000000 3.625000 48.451645 17.563721 2.640462 
2.000000 3.615000 48.451645 17.515270 2.640462 
2.000000 3.605000 48.451645 17.466818 2.640462 
2.000000 3.595000 48.451645 17.418366 2.640462 
2.000000 3.585000 48.451645 17.369915 2.640462 
2.000000 3.575000 48.451645 17.321463 2.640462 
2.000000 3.565000 48.451645 17.273011 2.640462 
2.000000 3.555000 48.451645 17.224560 2.640462 
2.000000 3.545000 48.451645 17.176108 2.640462 
2.000000 3.535000 48.451645 17.127657 2.640462 
2.000000 3.525000 48.451645 17.079205 2.640462 
2.000000 3.515000 48.451645 17.030753 2.640462 
2.000000 3.505000 48.451645 16.982302 2.640462 
2.000000 3.495000 48.451645 16.933850 2.640462 
2.000000 3.485000 48.451645 16.885398 2.640462 
2.000000 3.475000 48.451645 16.836947 2.640462 
2.000000 3.465000 48.451645 16.788495 2.640462 
2.000000 3.455000 48.451645 16.740043 2.640462 
2.000000 3.445000 48.451645 16.691592 2.640462 
2.000000 3.435000 48.451645 16.643140 2.640462 
2.000000 3.425000 48.451645 16.594688 2.640462 
2.000000 3.415000 48.451645 16.546237 2.640462 
2.000000 3.405000 48.451645 16.497785 2.640462 
2.000000 3.395000 48.451645 16.449334 2.640462 
2.000000 3.385000 48.451645 16.400882 2.640462 
2.000000 3.375000 48.451645 16.352430 2.640462 
2.000000 3.365000 48.451645 16.303979 2.640462 
2.000000 3.355000 48.451645 16.255527 2.640462 
2.000000 3.345000 48.451645 16.207075 2.640462 
2.000000 3.335000 48.451645 16.158624 2.640462 
2.000000 3.325000 48.451645 16.110172 2.640462 
2.000000 3.315000 48.451645 16.061720 2.640462 
2.000000 3.305000 48.451645 16.013269 2.640462 
2.000000 3.295000 48.451645 15.964817 2.640462 
2.000000 3.285000 48.451645 15.916365 2.640462 
2.000000 3.275000 48.451645 15.867914 2.640462 
2.000000 3.265000 48.451645 15.819462 2.640462 
2.000000 3.255000 48.451645 15.771010 2.640462 
2.000000 3.245000 48.451645 15.722559 2.640462 
2.000000 3.235000 48.451645 15.674107 2.640462 
2.000000 3.225000 48.451645 15.625656 2.640462 
2.000000 3.215000 48.451645 15.577204 2.640462 
2.000000 3.205000 48.451645 15.528752 2.640462 
2.000000 3.195000 48.451645 15.480301 2.640462 
2.000000 3.185000 48.451645 15.431849 2.640462 
2.000000 3.175000 48.451645 15.383397 2.640462 
2.000000 3.165000 48.451645 15.334946 2.640462 
2.000000 3.155000 48.451645 15.286494 2.640462 
2.000000 3.145000 48.451645 15.238042 2.640462 
2.000000 3.135000 48.451645 15.189591 2.640462 
2.000000 3.125000 48.451645 15.141139 2.640462 
2.000000 3.115000 48.451645 15.092687 2.640462 
2.000000 3.105000 48.451645 15.044236 2.640462 
2.000000 3.095000 48.451645 14.995784 2.640462 
2.000000 3.085000 48.451645 14.947333 2.640462 
2.000000 3.075000 48.451645 14.898881 2.640462 
2.000000 3.065000 48.451645 14.850429 2.640462 
2.000000 3.055000 48.451645 14.801978 2.640462 
2.000000 3.045000 48.451645 14.753526 2.640462 
2.000000 3.035000 48.451645 14.705074 2.640462 
2.000000 3.025000 48.451645 14.656623 2.640462 
2.000000 3.015000 48.451645 14.608171 2.640462 
2.000000 3.005000 48.451645 14.559719 2.640462 
2.000000 2.995000 48.451645 14.511268 2.640462 
2.000000 2.985000 48.451645 14.462816 2.640462 
2.000000 2.975000 48.451645 14.414364 2.640462 
2.000000 2.965000 48.451645 14.365913 2.640462 
2.000000 2.955000 48.451645 14.317461 2.640462 
2.000000 2.945000 48.451645 14.269009 2.640462 
2.000000 2.935000 48.451645 14.220558 2.640462 
2.000000 2.925000 48.451645 14.172106 2.640462 
2.000000 2.915000 48.451645 14.123655 2.640462 
2.000000 2.905000 48.451645 14.075203 2.640462 
2.000000 2.895000 48.451645 14.026751 2.640462 
2.000000 2.885000 48.451645 13.978300 2.640462 
2.000000 2.875000 48.451645 13.929848 2.640462 
2.000000 2.865000 48.451645 13.881396 2.640462 
2.000000 2.855000 48.451645 13.832945 2.640462 
2.000000 2.845000 48.451645 13.784493 2.640462 
2.000000 2.835000 48.451645 13.736041 2.640462 
2.000000 2.825000 48.451645 13.687590 2.640462 
2.000000 2.815000 48.451645 13.639138 2.640462 
2.000000 2.805000 48.451645 13.590686 2.640462 
2.000000 2.795000 48.451645 13.542235 2.640462 
2.000000 2.785000 48.451645 13.493783 2.640462 
2.000000 2.775000 48.451645 13.445332 2.640462 
2.000000 2.765000 48.451645 13.396880 2.640462 
2.000000 2.755000 48.451645 13.348428 2.640462 
2.000000 2.745000 48.451645 13.299977 2.640462 
2.000000 2.735000 48.451645 13.251525 2.640462 
2.000000 2.725000 48.451645 13.203073 2.640462 
2.000000 2.715000 48.451645 13.154622 2.640462 
2.000000 2.705000 48.451645 13.106170 2.640462 
2.000000 2.695000 48.451645 13.057718 2.640462 
2.000000 2.685000 48.451645 13.009267 2.640462 
2.000000 2.675000 48.451645 12.960815 2.640462 
2.000000 2.665000 48.451645 12.912363 2.640462 
2.000000 2.655000 48.451645 12.863912 2.640462 
2.000000 2.645000 48.451645 12.815460 2.640462 
1.996562 2.635000 48.451645 12.767008 2.634802 
1.989597 2.625000 48.451645 12.718557 2.621970 
1.984295 2.615000 48.451645 12.670105 2.612393 
1.978927 2.605000 48.451645 12.621654 2.602855 
1.973491 2.595000 48.451645 12.573202 2.593353 
1.967988 2.585000 48.451645 12.524750 2.583886 
1.962417 2.575000 48.451645 12.476299 2.574452 
1.954884 2.565000 48.451645 12.427847 2.561922 
1.949155 2.555000 48.451645 12.379395 2.552560 
1.943358 2.545000 48.451645 12.330944 2.543225 
1.937491 2.535000 48.451645 12.282492 2.533917 
1.931556 2.525000 48.451645 12.234040 2.524634 
1.923535 2.515000 48.451645 12.185589 2.512292 
1.917438 2.505000 48.451645 12.137137 2.503060 
1.911271 2.495000 48.451645 12.088685 2.493848 
1.905034 2.485000 48.451645 12.040234 2.484655 
1.896609 2.475000 48.451645 11.991782 2.472423 
1.890207 2.465000 48.451645 11.943331 2.463267 
1.883735 2.455000 48.451645 11.894879 2.454124 
1.877191 2.445000 48.451645 11.846427 2.444993 
1.868354 2.435000 48.451645 11.797976 2.432835 
1.861643 2.425000 48.451645 11.749524 2.423727 
1.854859 2.415000 48.451645 11.701072 2.414627 
1.845701 2.405000 48.451645 11.652621 2.402502 
1.838747 2.395000 48.451645 11.604169 2.393414 
1.831720 2.385000 48.451645 11.555717 2.384328 
1.822235 2.375000 48.451645 11.507266 2.372216 
1.815035 2.365000 48.451645 11.458814 2.363131 
1.807761 2.355000 48.451645 11.410362 2.354045 
1.800411 2.345000 48.451645 11.361911 2.344956 
1.790495 2.335000 48.451645 11.313459 2.332830 
1.782969 2.325000 48.451645 11.265007 2.323729 
1.775366 2.315000 48.451645 11.216556 2.314619 
1.765111 2.305000 48.451645 11.168104 2.302460 
1.757330 2.295000 48.451645 11.119653 2.293327 
1.749471 2.285000 48.451645 11.071201 2.284183 
1.738870 2.275000 48.451645 11.022749 2.271969 
1.730829 2.265000 48.451645 10.974298 2.262790 
1.722708 2.255000 48.451645 10.925846 2.253595 
1.714508 2.245000 48.451645 10.877394 2.244381 
1.703450 2.235000 48.451645 10.828943 2.232065 
1.695063 2.225000 48.451645 10.780491 2.222803 
1.686595 2.215000 48.451645 10.732039 2.213518 
1.678046 2.205000 48.451645 10.683588 2.204208 
1.669414 2.195000 48.451645 10.635136 2.194872 
1.657778 2.185000 48.451645 10.586684 2.182380 
1.648953 2.175000 48.451645 10.538233 2.172977 
1.640045 2.165000 48.451645 10.489781 2.163543 
1.631053 2.155000 48.451645 10.441330 2.154075 
1.621976 2.145000 48.451645 10.392878 2.144574 
1.609740 2.135000 48.451645 10.344426 2.131848 
1.600463 2.125000 48.451645 10.295975 2.122259 
1.591100 2.115000 48.451645 10.247523 2.112630 
1.581649 2.105000 48.451645 10.199071 2.102959 
1.572111 2.095000 48.451645 10.150620 2.093245 
1.562484 2.085000 48.451645 10.102168 2.083485 
1.552768 2.075000 48.451645 10.053716 2.073678 
1.542963 2.065000 48.451645 10.005265 2.063821 
1.533067 2.055000 48.451645 9.956813 2.053913 
1.523080 2.045000 48.451645 9.908361 2.043953 
1.513001 2.035000 48.451645 9.859910 2.033937 
1.502830 2.025000 48.451645 9.811458 2.023864 
1.492566 2.015000 48.451645 9.763006 2.013732 
1.482208 2.005000 48.451645 9.714555 2.003538 
1.471756 1.995000 48.451645 9.666103 1.993281 
1.461208 1.985000 48.451645 9.617652 1.982957 
1.450563 1.975000 48.451645 9.569200 1.972566 
1.439822 1.965000 48.451645 9.520748 1.962103 
1.428984 1.955000 48.451645 9.472297 1.951567 
1.421703 1.945000 48.451645 9.423845 1.944502 
1.410700 1.935000 48.451645 9.375393 1.933838 
1.399596 1.925000 48.451645 9.326942 1.923095 
1.388392 1.915000 48.451645 9.278490 1.912268 
1.377085 1.905000 48.451645 9.230038 1.901355 
1.369491 1.895000 48.451645 9.181587 1.894031 
1.358013 1.885000 48.451645 9.133135 1.882969 
1.346430 1.875000 48.451645 9.084683 1.871813 
1.338650 1.865000 48.451645 9.036232 1.864321 
1.326892 1.855000 48.451645 8.987780 1.853001 
1.315026 1.845000 48.451645 8.939329 1.841579 
1.307056 1.835000 48.451645 8.890877 1.833904 
1.295010 1.825000 48.451645 8.842425 1.822302 
1.286918 1.815000 48.451645 8.793974 1.814505 
1.274688 1.805000 48.451645 8.745522 1.802713 
1.266473 1.795000 48.451645 8.697070 1.794786 
1.254056 1.785000 48.451645 8.648619 1.782793 
1.245715 1.775000 48.451645 8.600167 1.774728 
1.233107 1.765000 48.451645 8.551715 1.762523 
1.224638 1.755000 48.451645 8.503264 1.754311 
1.211837 1.745000 48.451645 8.454812 1.741880 
1.203238 1.735000 48.451645 8.406360 1.733514 
1.190239 1.725000 48.451645 8.357909 1.720844 
1.181507 1.715000 48.451645 8.309457 1.712313 
1.172721 1.705000 48.451645 8.261005 1.703715 
1.159440 1.695000 48.451645 8.212554 1.690685 
1.150517 1.685000 48.451645 8.164102 1.681907 
1.141539 1.675000 48.451645 8.115651 1.673055 
1.132505 1.665000 48.451645 8.067199 1.664127 
1.118849 1.655000 48.451645 8.018747 1.650587 
1.109674 1.645000 48.451645 7.970296 1.641459 
1.100441 1.635000 48.451645 7.921844 1.632247 
1.091151 1.625000 48.451645 7.873392 1.622950 
1.081801 1.615000 48.451645 7.824941 1.613565 
1.072394 1.605000 48.451645 7.776489 1.604090 
1.062926 1.595000 48.451645 7.728037 1.594523 
1.053399 1.585000 48.451645 7.679586 1.584861 
1.038994 1.575000 48.451645 7.631134 1.570184 
1.029314 1.565000 48.451645 7.582682 1.560273 
1.019573 1.555000 48.451645 7.534231 1.550258 
1.009769 1.545000 48.451645 7.485779 1.540136 
0.999902 1.535000 48.451645 7.437328 1.529903 
0.994945 1.525000 48.451645 7.388876 1.524745 
0.984982 1.515000 48.451645 7.340424 1.514341 
0.974954 1.505000 48.451645 7.291973 1.503820 
0.964862 1.495000 48.451645 7.243521 1.493176 
0.954704 1.485000 48.451645 7.195069 1.482408 
0.944479 1.475000 48.451645 7.146618 1.471511 
0.934187 1.465000 48.451645 7.098166 1.460481 
0.929015 1.455000 48.451645 7.049714 1.454915 
0.918621 1.445000 48.451645 7.001263 1.443679 
0.908158 1.435000 48.451645 6.952811 1.432299 
0.897626 1.425000 48.451645 6.904359 1.420771 
0.892333 1.415000 48.451645 6.855908 1.414951 
0.881695 1.405000 48.451645 6.807456 1.403193 
0.870985 1.395000 48.451645 6.759004 1.391276 
0.860203 1.385000 48.451645 6.710553 1.379194 
0.854785 1.375000 48.451645 6.662101 1.373089 
0.843893 1.365000 48.451645 6.613650 1.360750 
0.838419 1.355000 48.451645 6.565198 1.354513 
0.827416 1.345000 48.451645 6.516746 1.341902 
0.816337 1.335000 48.451645 6.468295 1.329103 
0.810769 1.325000 48.451645 6.419843 1.322631 
0.799575 1.315000 48.451645 6.371391 1.309536 
0.793949 1.305000 48.451645 6.322940 1.302912 
0.782638 1.295000 48.451645 6.274488 1.289507 
0.776953 1.285000 48.451645 6.226036 1.282723 
0.765524 1.275000 48.451645 6.177585 1.268989 
0.759779 1.265000 48.451645 6.129133 1.262037 
0.748229 1.255000 48.451645 6.080681 1.247955 
0.742423 1.245000 48.451645 6.032230 1.240824 
0.736596 1.235000 48.451645 5.983778 1.233631 
0.724881 1.225000 48.451645 5.935327 1.219055 
0.718992 1.215000 48.451645 5.886875 1.211670 
0.713082 1.205000 48.451645 5.838423 1.204217 
0.701199 1.195000 48.451645 5.789972 1.189106 
0.695225 1.185000 48.451645 5.741520 1.181444 
0.689229 1.175000 48.451645 5.693068 1.173710 
0.677173 1.165000 48.451645 5.644617 1.158019 
0.671112 1.155000 48.451645 5.596165 1.150058 
0.665029 1.145000 48.451645 5.547713 1.142018 
0.658923 1.135000 48.451645 5.499262 1.133898 
0.646645 1.125000 48.451645 5.450810 1.117409 
0.640472 1.115000 48.451645 5.402358 1.109037 
0.634277 1.105000 48.451645 5.353907 1.100576 
0.628058 1.095000 48.451645 5.305455 1.092025 
0.621816 1.085000 48.451645 5.257003 1.083383 
0.615552 1.075000 48.451645 5.208552 1.074646 
0.602952 1.065000 48.451645 5.160100 1.056881 
0.596617 1.055000 48.451645 5.111649 1.047847 
0.590258 1.045000 48.451645 5.063197 1.038711 
0.583875 1.035000 48.451645 5.014745 1.029468 
0.577469 1.025000 48.451645 4.966294 1.020117 
0.571038 1.015000 48.451645 4.917842 1.010655 
0.564583 1.005000 48.451645 4.869390 1.001078 
0.558104 0.995000 48.451645 4.820939 0.991384 
0.551600 0.985000 48.451645 4.772487 0.981570 
0.545072 0.975000 48.451645 4.724035 0.971632 
0.538518 0.965000 48.451645 4.675584 0.961568 
0.531940 0.955000 48.451645 4.627132 0.951375 
0.525338 0.945000 48.451645 4.578680 0.941047 
0.518710 0.935000 48.451645 4.530229 0.930583 
0.512057 0.925000 48.451645 4.481777 0.919978 
0.505378 0.915000 48.451645 4.433326 0.909228 
0.498675 0.905000 48.451645 4.384874 0.898329 
0.491946 0.895000 48.451645 4.336422 0.887277 
0.485191 0.885000 48.451645 4.287971 0.876067 
0.478411 0.875000 48.451645 4.239519 0.864695 
0.478411 0.865000 48.451645 4.191067 0.864695 
0.471605 0.855000 48.451645 4.142616 0.853156 
0.464774 0.845000 48.451645 4.094164 0.841445 
0.457917 0.835000 48.451645 4.045712 0.829556 
0.451034 0.825000 48.451645 3.997261 0.817485 
0.444126 0.815000 48.451645 3.948809 0.805225 
0.437192 0.805000 48.451645 3.900357 0.792772 
0.437192 0.795000 48.451645 3.851906 0.792772 
0.430232 0.785000 48.451645 3.803454 0.780117 
0.423247 0.775000 48.451645 3.755002 0.767256 
0.416236 0.765000 48.451645 3.706551 0.754180 
0.416236 0.755000 48.451645 3.658099 0.754180 
0.409200 0.745000 48.451645 3.609648 0.740884 
0.402138 0.735000 48.451645 3.561196 0.727360 
0.395052 0.725000 48.451645 3.512744 0.713600 
0.395052 0.715000 48.451645 3.464293 0.713600 
0.387940 0.705000 48.451645 3.415841 0.699596 
0.380804 0.695000 48.451645 3.367389 0.685340 
0.373644 0.685000 48.451645 3.318938 0.670823 
0.373644 0.675000 48.451645 3.270486 0.670823 
0.366460 0.665000 48.451645 3.222034 0.656035 
0.359252 0.655000 48.451645 3.173583 0.640968 
0.359252 0.645000 48.451645 3.125131 0.640968 
0.352022 0.635000 48.451645 3.076679 0.625611 
0.344769 0.625000 48.451645 3.028228 0.609954 
0.344769 0.615000 48.451645 2.979776 0.609954 
0.337494 0.605000 48.451645 2.931325 0.593985 
0.337494 0.595000 48.451645 2.882873 0.593985 
0.330198 0.585000 48.451645 2.834421 0.577694 
0.322881 0.575000 48.451645 2.785970 0.561069 
0.322881 0.565000 48.451645 2.737518 0.561069 
0.315546 0.555000 48.451645 2.689066 0.544098 
0.315546 0.545000 48.451645 2.640615 0.544098 
0.308193 0.535000 48.451645 2.592163 0.526767 
0.300822 0.525000 48.451645 2.543711 0.509063 
0.300822 0.515000 48.451645 2.495260 0.509063 
0.293437 0.505000 48.451645 2.446808 0.490974 
0.293437 0.495000 48.451645 2.398356 0.490974 
0.286038 0.485000 48.451645 2.349905 0.472485 
0.286038 0.475000 48.451645 2.301453 0.472485 
0.278627 0.465000 48.451645 2.253001 0.453581 
0.278627 0.455000 48.451645 2.204550 0.453581 
0.271206 0.445000 48.451645 2.156098 0.434248 
0.271206 0.435000 48.451645 2.107647 0.434248 
0.263779 0.425000 48.451645 2.059195 0.414473 
0.263779 0.415000 48.451645 2.010743 0.414473 
0.256347 0.405000 48.451645 1.962292 0.394239 
0.256347 0.395000 48.451645 1.913840 0.394239 
0.248915 0.385000 48.451645 1.865388 0.373532 
0.248915 0.375000 48.451645 1.816937 0.373532 
0.241485 0.365000 48.451645 1.768485 0.352340 
0.241485 0.355000 48.451645 1.720033 0.352340 
0.234063 0.345000 48.451645 1.671582 0.330648 
0.234063 0.335000 48.451645 1.623130 0.330648 
0.226653 0.325000 48.451645 1.574678 0.308445 
0.226653 0.315000 48.451645 1.526227 0.308445 
0.219261 0.305000 48.451645 1.477775 0.285721 
0.219261 0.295000 48.451645 1.429324 0.285721 
0.211894 0.285000 48.451645 1.380872 0.262470 
0.211894 0.275000 48.451645 1.332420 0.262470 
0.211894 0.265000 48.451645 1.283969 0.262470 
0.204559 0.255000 48.451645 1.235517 0.238687 
0.204559 0.245000 48.451645 1.187065 0.238687 
0.197266 0.235000 48.451645 1.138614 0.214374 
0.197266 0.225000 48.451645 1.090162 0.214374 
0.197266 0.215000 48.451645 1.041710 0.214374 
0.190024 0.205000 48.451645 0.993259 0.189539 
0.190024 0.195000 48.451645 0.944807 0.189539 
0.182845 0.185000 48.451645 0.896355 0.164198 
0.182845 0.175000 48.451645 0.847904 0.164198 
0.182845 0.165000 48.451645 0.799452 0.164198 
0.175745 0.155000 48.451645 0.751000 0.138379 
0.175745 0.145000 48.451645 0.702549 0.138379 
0.168738 0.135000 48.451645 0.654097 0.112123 
0.168738 0.125000 48.451645 0.605646 0.112123 
0.168738 0.115000 48.451645 0.557194 0.112123 
0.161845 0.105000 48.451645 0.508742 0.085489 
0.161845 0.095000 48.451645 0.460291 0.085489 
0.155087 0.085000 48.451645 0.411839 0.058558 
0.155087 0.075000 48.451645 0.363387 0.058558 
0.155087 0.065000 48.451645 0.314936 0.058558 
0.148490 0.055000 48.451645 0.266484 0.031441 
0.148490 0.045000 48.451645 0.218032 0.031441 
0.148490 0.035000 48.451645 0.169581 0.031441 
0.142086 0.025000 48.451645 0.121129 0.004282 
0.142086 0.015000 48.451645 0.072677 0.004282 
