2.000000 9.985000 69.879364 69.774545 2.884598 
2.000000 9.975000 69.879364 69.704666 2.884598 
2.000000 9.965000 69.879364 69.634787 2.884598 
2.000000 9.955000 69.879364 69.564907 2.884598 
2.000000 9.945000 69.879364 69.495028 2.884598 
2.000000 9.935000 69.879364 69.425148 2.884598 
2.000000 9.925000 69.879364 69.355269 2.884598 
2.000000 9.915000 69.879364 69.285390 2.884598 
2.000000 9.905000 69.879364 69.215510 2.884598 
2.000000 9.895000 69.879364 69.145631 2.884598 
2.000000 9.885000 69.879364 69.075752 2.884598 
2.000000 9.875000 69.879364 69.005872 2.884598 
2.000000 9.865000 69.879364 68.935993 2.884598 
2.000000 9.855000 69.879364 68.866114 2.884598 
2.000000 9.845000 69.879364 68.796234 2.884598 
2.000000 9.835000 69.879364 68.726355 2.884598 
2.000000 9.825000 69.879364 68.656475 2.884598 
2.000000 9.815000 69.879364 68.586596 2.884598 
2.000000 9.805000 69.879364 68.516717 2.884598 
2.000000 9.795000 69.879364 68.446837 2.884598 
2.000000 9.785000 69.879364 68.376958 2.884598 
2.000000 9.775000 69.879364 68.307079 2.884598 
2.000000 9.765000 69.879364 68.237199 2.884598 
2.000000 9.755000 69.879364 68.167320 2.884598 
2.000000 9.745000 69.879364 68.097441 2.884598 
2.000000 9.735000 69.879364 68.027561 2.884598 
2.000000 9.725000 69.879364 67.957682 2.884598 
2.000000 9.715000 69.879364 67.887802 2.884598 
2.000000 9.705000 69.879364 67.817923 2.884598 
2.000000 9.695000 69.879364 67.748044 2.884598 
2.000000 9.685000 69.879364 67.678164 2.884598 
2.000000 9.675000 69.879364 67.608285 2.884598 
2.000000 9.665000 69.879364 67.538406 2.884598 
2.000000 9.655000 69.879364 67.468526 2.884598 
2.000000 9.645000 69.879364 67.398647 2.884598 
2.000000 9.635000 69.879364 67.328768 2.884598 
2.000000 9.625000 69.879364 67.258888 2.884598 
2.000000 9.615000 69.879364 67.189009 2.884598 
2.000000 9.605000 69.879364 67.119129 2.884598 
2.000000 9.595000 69.879364 67.049250 2.884598 
2.000000 9.585000 69.879364 66.979371 2.884598 
2.000000 9.575000 69.879364 66.909491 2.884598 
2.000000 9.565000 69.879364 66.839612 2.884598 
2.000000 9.555000 69.879364 66.769733 2.884598 
2.000000 9.545000 69.879364 66.699853 2.884598 
2.000000 9.535000 69.879364 66.629974 2.884598 
2.000000 9.525000 69.879364 66.560095 2.884598 
2.000000 9.515000 69.879364 66.490215 2.884598 
2.000000 9.505000 69.879364 66.420336 2.884598 
2.000000 9.495000 69.879364 66.350456 2.884598 
2.000000 9.485000 69.879364 66.280577 2.884598 
2.000000 9.475000 69.879364 66.210698 2.884598 
2.000000 9.465000 69.879364 66.140818 2.884598 
2.000000 9.455000 69.879364 66.070939 2.884598 
2.000000 9.445000 69.879364 66.001060 2.884598 
2.000000 9.435000 69.879364 65.931180 2.884598 
2.000000 9.425000 69.879364 65.861301 2.884598 
2.000000 9.415000 69.879364 65.791422 2.884598 
2.000000 9.405000 69.879364 65.721542 2.884598 
2.000000 9.395000 69.879364 65.651663 2.884598 
2.000000 9.385000 69.879364 65.581783 2.884598 
2.000000 9.375000 69.879364 65.511904 2.884598 
2.000000 9.365000 69.879364 65.442025 2.884598 
2.000000 9.355000 69.879364 65.372145 2.884598 
2.000000 9.345000 69.879364 65.302266 2.884598 
2.000000 9.335000 69.879364 65.232387 2.884598 
2.000000 9.325000 69.879364 65.162507 2.884598 
2.000000 9.315000 69.879364 65.092628 2.884598 
2.000000 9.305000 69.879364 65.022748 2.884598 
2.000000 9.295000 69.879364 64.952869 2.884598 
2.000000 9.285000 69.879364 64.882990 2.884598 
2.000000 9.275000 69.879364 64.813110 2.884598 
2.000000 9.265000 69.879364 64.743231 2.884598 
2.000000 9.255000 69.879364 64.673352 2.884598 
2.000000 9.245000 69.879364 64.603472 2.884598 
2.000000 9.235000 69.879364 64.533593 2.884598 
2.000000 9.225000 69.879364 64.463714 2.884598 
2.000000 9.215000 69.879364 64.393834 2.884598 
2.000000 9.205000 69.879364 64.323955 2.884598 
2.000000 9.195000 69.879364 64.254075 2.884598 
2.000000 9.185000 69.879364 64.184196 2.884598 
2.000000 9.175000 69.879364 64.114317 2.884598 
2.000000 9.165000 69.879364 64.044437 2.884598 
2.000000 9.155000 69.879364 63.974558 2.884598 
2.000000 9.145000 69.879364 63.904679 2.884598 
2.000000 9.135000 69.879364 63.834799 2.884598 
2.000000 9.125000 69.879364 63.764920 2.884598 
2.000000 9.115000 69.879364 63.695041 2.884598 
2.000000 9.105000 69.879364 63.625161 2.884598 
2.000000 9.095000 69.879364 63.555282 2.884598 
2.000000 9.085000 69.879364 63.485402 2.884598 
2.000000 9.075000 69.879364 63.415523 2.884598 
2.000000 9.065000 69.879364 63.345644 2.884598 
2.000000 9.055000 69.879364 63.275764 2.884598 
2.000000 9.045000 69.879364 63.205885 2.884598 
2.000000 9.035000 69.879364 63.136006 2.884598 
2.000000 9.025000 69.879364 63.066126 2.884598 
2.000000 9.015000 69.879364 62.996247 2.884598 
2.000000 9.005000 69.879364 62.926368 2.884598 
2.000000 8.995000 69.879364 62.856488 2.884598 
2.000000 8.985000 69.879364 62.786609 2.884598 
2.000000 8.975000 69.879364 62.716729 2.884598 
2.000000 8.965000 69.879364 62.646850 2.884598 
2.000000 8.955000 69.879364 62.576971 2.884598 
2.000000 8.945000 69.879364 62.507091 2.884598 
2.000000 8.935000 69.879364 62.437212 2.884598 
2.000000 8.925000 69.879364 62.367333 2.884598 
2.000000 8.915000 69.879364 62.297453 2.884598 
2.000000 8.905000 69.879364 62.227574 2.884598 
2.000000 8.895000 69.879364 62.157695 2.884598 
2.000000 8.885000 69.879364 62.087815 2.884598 
2.000000 8.875000 69.879364 62.017936 2.884598 
2.000000 8.865000 69.879364 61.948056 2.884598 
2.000000 8.855000 69.879364 61.878177 2.884598 
2.000000 8.845000 69.879364 61.808298 2.884598 
2.000000 8.835000 69.879364 61.738418 2.884598 
2.000000 8.825000 69.879364 61.668539 2.884598 
2.000000 8.815000 69.879364 61.598660 2.884598 
2.000000 8.805000 69.879364 61.528780 2.884598 
2.000000 8.795000 69.879364 61.458901 2.884598 
2.000000 8.785000 69.879364 61.389022 2.884598 
2.000000 8.775000 69.879364 61.319142 2.884598 
2.000000 8.765000 69.879364 61.249263 2.884598 
2.000000 8.755000 69.879364 61.179383 2.884598 
2.000000 8.745000 69.879364 61.109504 2.884598 
2.000000 8.735000 69.879364 61.039625 2.884598 
2.000000 8.725000 69.879364 60.969745 2.884598 
2.000000 8.715000 69.879364 60.899866 2.884598 
2.000000 8.705000 69.879364 60.829987 2.884598 
2.000000 8.695000 69.879364 60.760107 2.884598 
2.000000 8.685000 69.879364 60.690228 2.884598 
2.000000 8.675000 69.879364 60.620349 2.884598 
2.000000 8.665000 69.879364 60.550469 2.884598 
2.000000 8.655000 69.879364 60.480590 2.884598 
2.000000 8.645000 69.879364 60.410710 2.884598 
2.000000 8.635000 69.879364 60.340831 2.884598 
2.000000 8.625000 69.879364 60.270952 2.884598 
2.000000 8.615000 69.879364 60.201072 2.884598 
2.000000 8.605000 69.879364 60.131193 2.884598 
2.000000 8.595000 69.879364 60.061314 2.884598 
2.000000 8.585000 69.879364 59.991434 2.884598 
2.000000 8.575000 69.879364 59.921555 2.884598 
2.000000 8.565000 69.879364 59.851676 2.884598 
2.000000 8.555000 69.879364 59.781796 2.884598 
2.000000 8.545000 69.879364 59.711917 2.884598 
2.000000 8.535000 69.879364 59.642037 2.884598 
2.000000 8.525000 69.879364 59.572158 2.884598 
2.000000 8.515000 69.879364 59.502279 2.884598 
2.000000 8.505000 69.879364 59.432399 2.884598 
2.000000 8.495000 69.879364 59.362520 2.884598 
2.000000 8.485000 69.879364 59.292641 2.884598 
2.000000 8.475000 69.879364 59.222761 2.884598 
2.000000 8.465000 69.879364 59.152882 2.884598 
2.000000 8.455000 69.879364 59.083003 2.884598 
2.000000 8.445000 69.879364 59.013123 2.884598 
2.000000 8.435000 69.879364 58.943244 2.884598 
2.000000 8.425000 69.879364 58.873364 2.884598 
2.000000 8.415000 69.879364 58.803485 2.884598 
2.000000 8.405000 69.879364 58.733606 2.884598 
2.000000 8.395000 69.879364 58.663726 2.884598 
2.000000 8.385000 69.879364 58.593847 2.884598 
2.000000 8.375000 69.879364 58.523968 2.884598 
2.000000 8.365000 69.879364 58.454088 2.884598 
2.000000 8.355000 69.879364 58.384209 2.884598 
2.000000 8.345000 69.879364 58.314330 2.884598 
2.000000 8.335000 69.879364 58.244450 2.884598 
2.000000 8.325000 69.879364 58.174571 2.884598 
2.000000 8.315000 69.879364 58.104691 2.884598 
2.000000 8.305000 69.879364 58.034812 2.884598 
2.000000 8.295000 69.879364 57.964933 2.884598 
2.000000 8.285000 69.879364 57.895053 2.884598 
2.000000 8.275000 69.879364 57.825174 2.884598 
2.000000 8.265000 69.879364 57.755295 2.884598 
2.000000 8.255000 69.879364 57.685415 2.884598 
2.000000 8.245000 69.879364 57.615536 2.884598 
2.000000 8.235000 69.879364 57.545657 2.884598 
2.000000 8.225000 69.879364 57.475777 2.884598 
2.000000 8.215000 69.879364 57.405898 2.884598 
2.000000 8.205000 69.879364 57.336018 2.884598 
2.000000 8.195000 69.879364 57.266139 2.884598 
2.000000 8.185000 69.879364 57.196260 2.884598 
2.000000 8.175000 69.879364 57.126380 2.884598 
2.000000 8.165000 69.879364 57.056501 2.884598 
2.000000 8.155000 69.879364 56.986622 2.884598 
2.000000 8.145000 69.879364 56.916742 2.884598 
2.000000 8.135000 69.879364 56.846863 2.884598 
2.000000 8.125000 69.879364 56.776984 2.884598 
2.000000 8.115000 69.879364 56.707104 2.884598 
2.000000 8.105000 69.879364 56.637225 2.884598 
2.000000 8.095000 69.879364 56.567345 2.884598 
2.000000 8.085000 69.879364 56.497466 2.884598 
2.000000 8.075000 69.879364 56.427587 2.884598 
2.000000 8.065000 69.879364 56.357707 2.884598 
2.000000 8.055000 69.879364 56.287828 2.884598 
2.000000 8.045000 69.879364 56.217949 2.884598 
2.000000 8.035000 69.879364 56.148069 2.884598 
2.000000 8.025000 69.879364 56.078190 2.884598 
2.000000 8.015000 69.879364 56.008310 2.884598 
2.000000 8.005000 69.879364 55.938431 2.884598 
2.000000 7.995000 69.879364 55.868552 2.884598 
2.000000 7.985000 69.879364 55.798672 2.884598 
2.000000 7.975000 69.879364 55.728793 2.884598 
2.000000 7.965000 69.879364 55.658914 2.884598 
2.000000 7.955000 69.879364 55.589034 2.884598 
2.000000 7.945000 69.879364 55.519155 2.884598 
2.000000 7.935000 69.879364 55.449276 2.884598 
2.000000 7.925000 69.879364 55.379396 2.884598 
2.000000 7.915000 69.879364 55.309517 2.884598 
2.000000 7.905000 69.879364 55.239637 2.884598 
2.000000 7.895000 69.879364 55.169758 2.884598 
2.000000 7.885000 69.879364 55.099879 2.884598 
2.000000 7.875000 69.879364 55.029999 2.884598 
2.000000 7.865000 69.879364 54.960120 2.884598 
2.000000 7.855000 69.879364 54.890241 2.884598 
2.000000 7.845000 69.879364 54.820361 2.884598 
2.000000 7.835000 69.879364 54.750482 2.884598 
2.000000 7.825000 69.879364 54.680603 2.884598 
2.000000 7.815000 69.879364 54.610723 2.884598 
2.000000 7.805000 69.879364 54.540844 2.884598 
2.000000 7.795000 69.879364 54.470964 2.884598 
2.000000 7.785000 69.879364 54.401085 2.884598 
2.000000 7.775000 69.879364 54.331206 2.884598 
2.000000 7.765000 69.879364 54.261326 2.884598 
2.000000 7.755000 69.879364 54.191447 2.884598 
2.000000 7.745000 69.879364 54.121568 2.884598 
2.000000 7.735000 69.879364 54.051688 2.884598 
2.000000 7.725000 69.879364 53.981809 2.884598 
2.000000 7.715000 69.879364 53.911930 2.884598 
2.000000 7.705000 69.879364 53.842050 2.884598 
2.000000 7.695000 69.879364 53.772171 2.884598 
2.000000 7.685000 69.879364 53.702291 2.884598 
2.000000 7.675000 69.879364 53.632412 2.884598 
2.000000 7.665000 69.879364 53.562533 2.884598 
2.000000 7.655000 69.879364 53.492653 2.884598 
2.000000 7.645000 69.879364 53.422774 2.884598 
2.000000 7.635000 69.879364 53.352895 2.884598 
2.000000 7.625000 69.879364 53.283015 2.884598 
2.000000 7.615000 69.879364 53.213136 2.884598 
2.000000 7.605000 69.879364 53.143257 2.884598 
2.000000 7.595000 69.879364 53.073377 2.884598 
2.000000 7.585000 69.879364 53.003498 2.884598 
2.000000 7.575000 69.879364 52.933618 2.884598 
2.000000 7.565000 69.879364 52.863739 2.884598 
2.000000 7.555000 69.879364 52.793860 2.884598 
2.000000 7.545000 69.879364 52.723980 2.884598 
2.000000 7.535000 69.879364 52.654101 2.884598 
2.000000 7.525000 69.879364 52.584222 2.884598 
2.000000 7.515000 69.879364 52.514342 2.884598 
2.000000 7.505000 69.879364 52.444463 2.884598 
2.000000 7.495000 69.879364 52.374584 2.884598 
2.000000 7.485000 69.879364 52.304704 2.884598 
2.000000 7.475000 69.879364 52.234825 2.884598 
2.000000 7.465000 69.879364 52.164945 2.884598 
2.000000 7.455000 69.879364 52.095066 2.884598 
2.000000 7.445000 69.879364 52.025187 2.884598 
2.000000 7.435000 69.879364 51.955307 2.884598 
2.000000 7.425000 69.879364 51.885428 2.884598 
2.000000 7.415000 69.879364 51.815549 2.884598 
2.000000 7.405000 69.879364 51.745669 2.884598 
2.000000 7.395000 69.879364 51.675790 2.884598 
2.000000 7.385000 69.879364 51.605911 2.884598 
2.000000 7.375000 69.879364 51.536031 2.884598 
2.000000 7.365000 69.879364 51.466152 2.884598 
2.000000 7.355000 69.879364 51.396272 2.884598 
2.000000 7.345000 69.879364 51.326393 2.884598 
2.000000 7.335000 69.879364 51.256514 2.884598 
2.000000 7.325000 69.879364 51.186634 2.884598 
2.000000 7.315000 69.879364 51.116755 2.884598 
2.000000 7.305000 69.879364 51.046876 2.884598 
2.000000 7.295000 69.879364 50.976996 2.884598 
2.000000 7.285000 69.879364 50.907117 2.884598 
2.000000 7.275000 69.879364 50.837238 2.884598 
2.000000 7.265000 69.879364 50.767358 2.884598 
2.000000 7.255000 69.879364 50.697479 2.884598 
2.000000 7.245000 69.879364 50.627599 2.884598 
2.000000 7.235000 69.879364 50.557720 2.884598 
2.000000 7.225000 69.879364 50.487841 2.884598 
2.000000 7.215000 69.879364 50.417961 2.884598 
2.000000 7.205000 69.879364 50.348082 2.884598 
2.000000 7.195000 69.879364 50.278203 2.884598 
2.000000 7.185000 69.879364 50.208323 2.884598 
2.000000 7.175000 69.879364 50.138444 2.884598 
2.000000 7.165000 69.879364 50.068565 2.884598 
2.000000 7.155000 69.879364 49.998685 2.884598 
2.000000 7.145000 69.879364 49.928806 2.884598 
2.000000 7.135000 69.879364 49.858926 2.884598 
2.000000 7.125000 69.879364 49.789047 2.884598 
2.000000 7.115000 69.879364 49.719168 2.884598 
2.000000 7.105000 69.879364 49.649288 2.884598 
2.000000 7.095000 69.879364 49.579409 2.884598 
2.000000 7.085000 69.879364 49.509530 2.884598 
2.000000 7.075000 69.879364 49.439650 2.884598 
2.000000 7.065000 69.879364 49.369771 2.884598 
2.000000 7.055000 69.879364 49.299892 2.884598 
2.000000 7.045000 69.879364 49.230012 2.884598 
2.000000 7.035000 69.879364 49.160133 2.884598 
2.000000 7.025000 69.879364 49.090253 2.884598 
2.000000 7.015000 69.879364 49.020374 2.884598 
2.000000 7.005000 69.879364 48.950495 2.884598 
2.000000 6.995000 69.879364 48.880615 2.884598 
2.000000 6.985000 69.879364 48.810736 2.884598 
2.000000 6.975000 69.879364 48.740857 2.884598 
2.000000 6.965000 69.879364 48.670977 2.884598 
2.000000 6.955000 69.879364 48.601098 2.884598 
2.000000 6.945000 69.879364 48.531219 2.884598 
2.000000 6.935000 69.879364 48.461339 2.884598 
2.000000 6.925000 69.879364 48.391460 2.884598 
2.000000 6.915000 69.879364 48.321580 2.884598 
2.000000 6.905000 69.879364 48.251701 2.884598 
2.000000 6.895000 69.879364 48.181822 2.884598 
2.000000 6.885000 69.879364 48.111942 2.884598 
2.000000 6.875000 69.879364 48.042063 2.884598 
2.000000 6.865000 69.879364 47.972184 2.884598 
2.000000 6.855000 69.879364 47.902304 2.884598 
2.000000 6.845000 69.879364 47.832425 2.884598 
2.000000 6.835000 69.879364 47.762546 2.884598 
2.000000 6.825000 69.879364 47.692666 2.884598 
2.000000 6.815000 69.879364 47.622787 2.884598 
2.000000 6.805000 69.879364 47.552907 2.884598 
2.000000 6.795000 69.879364 47.483028 2.884598 
2.000000 6.785000 69.879364 47.413149 2.884598 
2.000000 6.775000 69.879364 47.343269 2.884598 
2.000000 6.765000 69.879364 47.273390 2.884598 
2.000000 6.755000 69.879364 47.203511 2.884598 
2.000000 6.745000 69.879364 47.133631 2.884598 
2.000000 6.735000 69.879364 47.063752 2.884598 
2.000000 6.725000 69.879364 46.993873 2.884598 
2.000000 6.715000 69.879364 46.923993 2.884598 
2.000000 6.705000 69.879364 46.854114 2.884598 
2.000000 6.695000 69.879364 46.784234 2.884598 
2.000000 6.685000 69.879364 46.714355 2.884598 
2.000000 6.675000 69.879364 46.644476 2.884598 
2.000000 6.665000 69.879364 46.574596 2.884598 
2.000000 6.655000 69.879364 46.504717 2.884598 
2.000000 6.645000 69.879364 46.434838 2.884598 
2.000000 6.635000 69.879364 46.364958 2.884598 
2.000000 6.625000 69.879364 46.295079 2.884598 
2.000000 6.615000 69.879364 46.225199 2.884598 
2.000000 6.605000 69.879364 46.155320 2.884598 
2.000000 6.595000 69.879364 46.085441 2.884598 
2.000000 6.585000 69.879364 46.015561 2.884598 
2.000000 6.575000 69.879364 45.945682 2.884598 
2.000000 6.565000 69.879364 45.875803 2.884598 
2.000000 6.555000 69.879364 45.805923 2.884598 
2.000000 6.545000 69.879364 45.736044 2.884598 
2.000000 6.535000 69.879364 45.666165 2.884598 
2.000000 6.525000 69.879364 45.596285 2.884598 
2.000000 6.515000 69.879364 45.526406 2.884598 
2.000000 6.505000 69.879364 45.456526 2.884598 
2.000000 6.495000 69.879364 45.386647 2.884598 
2.000000 6.485000 69.879364 45.316768 2.884598 
2.000000 6.475000 69.879364 45.246888 2.884598 
2.000000 6.465000 69.879364 45.177009 2.884598 
2.000000 6.455000 69.879364 45.107130 2.884598 
2.000000 6.445000 69.879364 45.037250 2.884598 
2.000000 6.435000 69.879364 44.967371 2.884598 
2.000000 6.425000 69.879364 44.897492 2.884598 
2.000000 6.415000 69.879364 44.827612 2.884598 
2.000000 6.405000 69.879364 44.757733 2.884598 
2.000000 6.395000 69.879364 44.687853 2.884598 
2.000000 6.385000 69.879364 44.617974 2.884598 
2.000000 6.375000 69.879364 44.548095 2.884598 
2.000000 6.365000 69.879364 44.478215 2.884598 
2.000000 6.355000 69.879364 44.408336 2.884598 
2.000000 6.345000 69.879364 44.338457 2.884598 
2.000000 6.335000 69.879364 44.268577 2.884598 
2.000000 6.325000 69.879364 44.198698 2.884598 
2.000000 6.315000 69.879364 44.128819 2.884598 
2.000000 6.305000 69.879364 44.058939 2.884598 
2.000000 6.295000 69.879364 43.989060 2.884598 
2.000000 6.285000 69.879364 43.919180 2.884598 
2.000000 6.275000 69.879364 43.849301 2.884598 
2.000000 6.265000 69.879364 43.779422 2.884598 
2.000000 6.255000 69.879364 43.709542 2.884598 
2.000000 6.245000 69.879364 43.639663 2.884598 
2.000000 6.235000 69.879364 43.569784 2.884598 
2.000000 6.225000 69.879364 43.499904 2.884598 
2.000000 6.215000 69.879364 43.430025 2.884598 
2.000000 6.205000 69.879364 43.360146 2.884598 
2.000000 6.195000 69.879364 43.290266 2.884598 
2.000000 6.185000 69.879364 43.220387 2.884598 
2.000000 6.175000 69.879364 43.150507 2.884598 
2.000000 6.165000 69.879364 43.080628 2.884598 
2.000000 6.155000 69.879364 43.010749 2.884598 
2.000000 6.145000 69.879364 42.940869 2.884598 
2.000000 6.135000 69.879364 42.870990 2.884598 
2.000000 6.125000 69.879364 42.801111 2.884598 
2.000000 6.115000 69.879364 42.731231 2.884598 
2.000000 6.105000 69.879364 42.661352 2.884598 
2.000000 6.095000 69.879364 42.591473 2.884598 
2.000000 6.085000 69.879364 42.521593 2.884598 
2.000000 6.075000 69.879364 42.451714 2.884598 
2.000000 6.065000 69.879364 42.381834 2.884598 
2.000000 6.055000 69.879364 42.311955 2.884598 
2.000000 6.045000 69.879364 42.242076 2.884598 
2.000000 6.035000 69.879364 42.172196 2.884598 
2.000000 6.025000 69.879364 42.102317 2.884598 
2.000000 6.015000 69.879364 42.032438 2.884598 
2.000000 6.005000 69.879364 41.962558 2.884598 
2.000000 5.995000 69.879364 41.892679 2.884598 
2.000000 5.985000 69.879364 41.822800 2.884598 
2.000000 5.975000 69.879364 41.752920 2.884598 
2.000000 5.965000 69.879364 41.683041 2.884598 
2.000000 5.955000 69.879364 41.613161 2.884598 
2.000000 5.945000 69.879364 41.543282 2.884598 
2.000000 5.935000 69.879364 41.473403 2.884598 
2.000000 5.925000 69.879364 41.403523 2.884598 
2.000000 5.915000 69.879364 41.333644 2.884598 
2.000000 5.905000 69.879364 41.263765 2.884598 
2.000000 5.895000 69.879364 41.193885 2.884598 
2.000000 5.885000 69.879364 41.124006 2.884598 
2.000000 5.875000 69.879364 41.054127 2.884598 
2.000000 5.865000 69.879364 40.984247 2.884598 
2.000000 5.855000 69.879364 40.914368 2.884598 
2.000000 5.845000 69.879364 40.844488 2.884598 
2.000000 5.835000 69.879364 40.774609 2.884598 
2.000000 5.825000 69.879364 40.704730 2.884598 
2.000000 5.815000 69.879364 40.634850 2.884598 
2.000000 5.805000 69.879364 40.564971 2.884598 
2.000000 5.795000 69.879364 40.495092 2.884598 
2.000000 5.785000 69.879364 40.425212 2.884598 
2.000000 5.775000 69.879364 40.355333 2.884598 
2.000000 5.765000 69.879364 40.285454 2.884598 
2.000000 5.755000 69.879364 40.215574 2.884598 
2.000000 5.745000 69.879364 40.145695 2.884598 
2.000000 5.735000 69.879364 40.075815 2.884598 
2.000000 5.725000 69.879364 40.005936 2.884598 
2.000000 5.715000 69.879364 39.936057 2.884598 
2.000000 5.705000 69.879364 39.866177 2.884598 
2.000000 5.695000 69.879364 39.796298 2.884598 
2.000000 5.685000 69.879364 39.726419 2.884598 
2.000000 5.675000 69.879364 39.656539 2.884598 
2.000000 5.665000 69.879364 39.586660 2.884598 
2.000000 5.655000 69.879364 39.516781 2.884598 
2.000000 5.645000 69.879364 39.446901 2.884598 
2.000000 5.635000 69.879364 39.377022 2.884598 
2.000000 5.625000 69.879364 39.307142 2.884598 
2.000000 5.615000 69.879364 39.237263 2.884598 
2.000000 5.605000 69.879364 39.167384 2.884598 
2.000000 5.595000 69.879364 39.097504 2.884598 
2.000000 5.585000 69.879364 39.027625 2.884598 
2.000000 5.575000 69.879364 38.957746 2.884598 
2.000000 5.565000 69.879364 38.887866 2.884598 
2.000000 5.555000 69.879364 38.817987 2.884598 
2.000000 5.545000 69.879364 38.748108 2.884598 
2.000000 5.535000 69.879364 38.678228 2.884598 
2.000000 5.525000 69.879364 38.608349 2.884598 
2.000000 5.515000 69.879364 38.538469 2.884598 
2.000000 5.505000 69.879364 38.468590 2.884598 
2.000000 5.495000 69.879364 38.398711 2.884598 
2.000000 5.485000 69.879364 38.328831 2.884598 
2.000000 5.475000 69.879364 38.258952 2.884598 
2.000000 5.465000 69.879364 38.189073 2.884598 
2.000000 5.455000 69.879364 38.119193 2.884598 
2.000000 5.445000 69.879364 38.049314 2.884598 
2.000000 5.435000 69.879364 37.979435 2.884598 
2.000000 5.425000 69.879364 37.909555 2.884598 
2.000000 5.415000 69.879364 37.839676 2.884598 
2.000000 5.405000 69.879364 37.769796 2.884598 
2.000000 5.395000 69.879364 37.699917 2.884598 
2.000000 5.385000 69.879364 37.630038 2.884598 
2.000000 5.375000 69.879364 37.560158 2.884598 
2.000000 5.365000 69.879364 37.490279 2.884598 
2.000000 5.355000 69.879364 37.420400 2.884598 
2.000000 5.345000 69.879364 37.350520 2.884598 
2.000000 5.335000 69.879364 37.280641 2.884598 
2.000000 5.325000 69.879364 37.210761 2.884598 
2.000000 5.315000 69.879364 37.140882 2.884598 
2.000000 5.305000 69.879364 37.071003 2.884598 
2.000000 5.295000 69.879364 37.001123 2.884598 
2.000000 5.285000 69.879364 36.931244 2.884598 
2.000000 5.275000 69.879364 36.861365 2.884598 
2.000000 5.265000 69.879364 36.791485 2.884598 
2.000000 5.255000 69.879364 36.721606 2.884598 
2.000000 5.245000 69.879364 36.651727 2.884598 
2.000000 5.235000 69.879364 36.581847 2.884598 
2.000000 5.225000 69.879364 36.511968 2.884598 
2.000000 5.215000 69.879364 36.442088 2.884598 
2.000000 5.205000 69.879364 36.372209 2.884598 
2.000000 5.195000 69.879364 36.302330 2.884598 
2.000000 5.185000 69.879364 36.232450 2.884598 
2.000000 5.175000 69.879364 36.162571 2.884598 
2.000000 5.165000 69.879364 36.092692 2.884598 
2.000000 5.155000 69.879364 36.022812 2.884598 
2.000000 5.145000 69.879364 35.952933 2.884598 
2.000000 5.135000 69.879364 35.883054 2.884598 
2.000000 5.125000 69.879364 35.813174 2.884598 
2.000000 5.115000 69.879364 35.743295 2.884598 
2.000000 5.105000 69.879364 35.673415 2.884598 
2.000000 5.095000 69.879364 35.603536 2.884598 
2.000000 5.085000 69.879364 35.533657 2.884598 
2.000000 5.075000 69.879364 35.463777 2.884598 
2.000000 5.065000 69.879364 35.393898 2.884598 
2.000000 5.055000 69.879364 35.324019 2.884598 
2.000000 5.045000 69.879364 35.254139 2.884598 
2.000000 5.035000 69.879364 35.184260 2.884598 
2.000000 5.025000 69.879364 35.114381 2.884598 
2.000000 5.015000 69.879364 35.044501 2.884598 
2.000000 5.005000 69.879364 34.974622 2.884598 
2.000000 4.995000 69.879364 34.904742 2.884598 
2.000000 4.985000 69.879364 34.834863 2.884598 
2.000000 4.975000 69.879364 34.764984 2.884598 
2.000000 4.965000 69.879364 34.695104 2.884598 
2.000000 4.955000 69.879364 34.625225 2.884598 
2.000000 4.945000 69.879364 34.555346 2.884598 
2.000000 4.935000 69.879364 34.485466 2.884598 
2.000000 4.925000 69.879364 34.415587 2.884598 
2.000000 4.915000 69.879364 34.345708 2.884598 
2.000000 4.905000 69.879364 34.275828 2.884598 
2.000000 4.895000 69.879364 34.205949 2.884598 
2.000000 4.885000 69.879364 34.136069 2.884598 
2.000000 4.875000 69.879364 34.066190 2.884598 
2.000000 4.865000 69.879364 33.996311 2.884598 
2.000000 4.855000 69.879364 33.926431 2.884598 
2.000000 4.845000 69.879364 33.856552 2.884598 
2.000000 4.835000 69.879364 33.786673 2.884598 
2.000000 4.825000 69.879364 33.716793 2.884598 
2.000000 4.815000 69.879364 33.646914 2.884598 
2.000000 4.805000 69.879364 33.577035 2.884598 
2.000000 4.795000 69.879364 33.507155 2.884598 
2.000000 4.785000 69.879364 33.437276 2.884598 
2.000000 4.775000 69.879364 33.367396 2.884598 
2.000000 4.765000 69.879364 33.297517 2.884598 
2.000000 4.755000 69.879364 33.227638 2.884598 
2.000000 4.745000 69.879364 33.157758 2.884598 
2.000000 4.735000 69.879364 33.087879 2.884598 
2.000000 4.725000 69.879364 33.018000 2.884598 
2.000000 4.715000 69.879364 32.948120 2.884598 
2.000000 4.705000 69.879364 32.878241 2.884598 
2.000000 4.695000 69.879364 32.808362 2.884598 
2.000000 4.685000 69.879364 32.738482 2.884598 
2.000000 4.675000 69.879364 32.668603 2.884598 
2.000000 4.665000 69.879364 32.598723 2.884598 
2.000000 4.655000 69.879364 32.528844 2.884598 
2.000000 4.645000 69.879364 32.458965 2.884598 
2.000000 4.635000 69.879364 32.389085 2.884598 
2.000000 4.625000 69.879364 32.319206 2.884598 
2.000000 4.615000 69.879364 32.249327 2.884598 
2.000000 4.605000 69.879364 32.179447 2.884598 
2.000000 4.595000 69.879364 32.109568 2.884598 
2.000000 4.585000 69.879364 32.039689 2.884598 
2.000000 4.575000 69.879364 31.969809 2.884598 
2.000000 4.565000 69.879364 31.899930 2.884598 
2.000000 4.555000 69.879364 31.830050 2.884598 
2.000000 4.545000 69.879364 31.760171 2.884598 
2.000000 4.535000 69.879364 31.690292 2.884598 
2.000000 4.525000 69.879364 31.620412 2.884598 
2.000000 4.515000 69.879364 31.550533 2.884598 
2.000000 4.505000 69.879364 31.480654 2.884598 
2.000000 4.495000 69.879364 31.410774 2.884598 
2.000000 4.485000 69.879364 31.340895 2.884598 
2.000000 4.475000 69.879364 31.271016 2.884598 
2.000000 4.465000 69.879364 31.201136 2.884598 
2.000000 4.455000 69.879364 31.131257 2.884598 
2.000000 4.445000 69.879364 31.061377 2.884598 
2.000000 4.435000 69.879364 30.991498 2.884598 
2.000000 4.425000 69.879364 30.921619 2.884598 
2.000000 4.415000 69.879364 30.851739 2.884598 
2.000000 4.405000 69.879364 30.781860 2.884598 
2.000000 4.395000 69.879364 30.711981 2.884598 
2.000000 4.385000 69.879364 30.642101 2.884598 
2.000000 4.375000 69.879364 30.572222 2.884598 
2.000000 4.365000 69.879364 30.502343 2.884598 
2.000000 4.355000 69.879364 30.432463 2.884598 
2.000000 4.345000 69.879364 30.362584 2.884598 
2.000000 4.335000 69.879364 30.292704 2.884598 
2.000000 4.325000 69.879364 30.222825 2.884598 
2.000000 4.315000 69.879364 30.152946 2.884598 
2.000000 4.305000 69.879364 30.083066 2.884598 
2.000000 4.295000 69.879364 30.013187 2.884598 
2.000000 4.285000 69.879364 29.943308 2.884598 
2.000000 4.275000 69.879364 29.873428 2.884598 
2.000000 4.265000 69.879364 29.803549 2.884598 
2.000000 4.255000 69.879364 29.733670 2.884598 
2.000000 4.245000 69.879364 29.663790 2.884598 
2.000000 4.235000 69.879364 29.593911 2.884598 
2.000000 4.225000 69.879364 29.524031 2.884598 
2.000000 4.215000 69.879364 29.454152 2.884598 
2.000000 4.205000 69.879364 29.384273 2.884598 
2.000000 4.195000 69.879364 29.314393 2.884598 
2.000000 4.185000 69.879364 29.244514 2.884598 
2.000000 4.175000 69.879364 29.174635 2.884598 
2.000000 4.165000 69.879364 29.104755 2.884598 
2.000000 4.155000 69.879364 29.034876 2.884598 
2.000000 4.145000 69.879364 28.964997 2.884598 
2.000000 4.135000 69.879364 28.895117 2.884598 
2.000000 4.125000 69.879364 28.825238 2.884598 
2.000000 4.115000 69.879364 28.755358 2.884598 
2.000000 4.105000 69.879364 28.685479 2.884598 
2.000000 4.095000 69.879364 28.615600 2.884598 
2.000000 4.085000 69.879364 28.545720 2.884598 
2.000000 4.075000 69.879364 28.475841 2.884598 
2.000000 4.065000 69.879364 28.405962 2.884598 
2.000000 4.055000 69.879364 28.336082 2.884598 
2.000000 4.045000 69.879364 28.266203 2.884598 
2.000000 4.035000 69.879364 28.196324 2.884598 
2.000000 4.025000 69.879364 28.126444 2.884598 
2.000000 4.015000 69.879364 28.056565 2.884598 
2.000000 4.005000 69.879364 27.986685 2.884598 
2.000000 3.995000 69.879364 27.916806 2.884598 
2.000000 3.985000 69.879364 27.846927 2.884598 
2.000000 3.975000 69.879364 27.777047 2.884598 
2.000000 3.965000 69.879364 27.707168 2.884598 
2.000000 3.955000 69.879364 27.637289 2.884598 
2.000000 3.945000 69.879364 27.567409 2.884598 
2.000000 3.935000 69.879364 27.497530 2.884598 
2.000000 3.925000 69.879364 27.427650 2.884598 
2.000000 3.915000 69.879364 27.357771 2.884598 
2.000000 3.905000 69.879364 27.287892 2.884598 
2.000000 3.895000 69.879364 27.218012 2.884598 
2.000000 3.885000 69.879364 27.148133 2.884598 
2.000000 3.875000 69.879364 27.078254 2.884598 
2.000000 3.865000 69.879364 27.008374 2.884598 
2.000000 3.855000 69.879364 26.938495 2.884598 
2.000000 3.845000 69.879364 26.868616 2.884598 
2.000000 3.835000 69.879364 26.798736 2.884598 
2.000000 3.825000 69.879364 26.728857 2.884598 
2.000000 3.815000 69.879364 26.658977 2.884598 
2.000000 3.805000 69.879364 26.589098 2.884598 
2.000000 3.795000 69.879364 26.519219 2.884598 
2.000000 3.785000 69.879364 26.449339 2.884598 
2.000000 3.775000 69.879364 26.379460 2.884598 
2.000000 3.765000 69.879364 26.309581 2.884598 
2.000000 3.755000 69.879364 26.239701 2.884598 
2.000000 3.745000 69.879364 26.169822 2.884598 
2.000000 3.735000 69.879364 26.099943 2.884598 
2.000000 3.725000 69.879364 26.030063 2.884598 
2.000000 3.715000 69.879364 25.960184 2.884598 
2.000000 3.705000 69.879364 25.890304 2.884598 
2.000000 3.695000 69.879364 25.820425 2.884598 
2.000000 3.685000 69.879364 25.750546 2.884598 
2.000000 3.675000 69.879364 25.680666 2.884598 
2.000000 3.665000 69.879364 25.610787 2.884598 
2.000000 3.655000 69.879364 25.540908 2.884598 
2.000000 3.645000 69.879364 25.471028 2.884598 
2.000000 3.635000 69.879364 25.401149 2.884598 
2.000000 3.625000 69.879364 25.331270 2.884598 
2.000000 3.615000 69.879364 25.261390 2.884598 
2.000000 3.605000 69.879364 25.191511 2.884598 
2.000000 3.595000 69.879364 25.121631 2.884598 
2.000000 3.585000 69.879364 25.051752 2.884598 
2.000000 3.575000 69.879364 24.981873 2.884598 
2.000000 3.565000 69.879364 24.911993 2.884598 
2.000000 3.555000 69.879364 24.842114 2.884598 
2.000000 3.545000 69.879364 24.772235 2.884598 
2.000000 3.535000 69.879364 24.702355 2.884598 
2.000000 3.525000 69.879364 24.632476 2.884598 
2.000000 3.515000 69.879364 24.562597 2.884598 
2.000000 3.505000 69.879364 24.492717 2.884598 
2.000000 3.495000 69.879364 24.422838 2.884598 
2.000000 3.485000 69.879364 24.352958 2.884598 
2.000000 3.475000 69.879364 24.283079 2.884598 
2.000000 3.465000 69.879364 24.213200 2.884598 
2.000000 3.455000 69.879364 24.143320 2.884598 
2.000000 3.445000 69.879364 24.073441 2.884598 
2.000000 3.435000 69.879364 24.003562 2.884598 
2.000000 3.425000 69.879364 23.933682 2.884598 
2.000000 3.415000 69.879364 23.863803 2.884598 
2.000000 3.405000 69.879364 23.793924 2.884598 
2.000000 3.395000 69.879364 23.724044 2.884598 
2.000000 3.385000 69.879364 23.654165 2.884598 
2.000000 3.375000 69.879364 23.584285 2.884598 
2.000000 3.365000 69.879364 23.514406 2.884598 
2.000000 3.355000 69.879364 23.444527 2.884598 
2.000000 3.345000 69.879364 23.374647 2.884598 
2.000000 3.335000 69.879364 23.304768 2.884598 
2.000000 3.325000 69.879364 23.234889 2.884598 
2.000000 3.315000 69.879364 23.165009 2.884598 
2.000000 3.305000 69.879364 23.095130 2.884598 
2.000000 3.295000 69.879364 23.025251 2.884598 
2.000000 3.285000 69.879364 22.955371 2.884598 
2.000000 3.275000 69.879364 22.885492 2.884598 
2.000000 3.265000 69.879364 22.815612 2.884598 
2.000000 3.255000 69.879364 22.745733 2.884598 
2.000000 3.245000 69.879364 22.675854 2.884598 
2.000000 3.235000 69.879364 22.605974 2.884598 
2.000000 3.225000 69.879364 22.536095 2.884598 
2.000000 3.215000 69.879364 22.466216 2.884598 
2.000000 3.205000 69.879364 22.396336 2.884598 
2.000000 3.195000 69.879364 22.326457 2.884598 
2.000000 3.185000 69.879364 22.256578 2.884598 
2.000000 3.175000 69.879364 22.186698 2.884598 
2.000000 3.165000 69.879364 22.116819 2.884598 
2.000000 3.155000 69.879364 22.046939 2.884598 
2.000000 3.145000 69.879364 21.977060 2.884598 
2.000000 3.135000 69.879364 21.907181 2.884598 
2.000000 3.125000 69.879364 21.837301 2.884598 
2.000000 3.115000 69.879364 21.767422 2.884598 
2.000000 3.105000 69.879364 21.697543 2.884598 
2.000000 3.095000 69.879364 21.627663 2.884598 
2.000000 3.085000 69.879364 21.557784 2.884598 
2.000000 3.075000 69.879364 21.487905 2.884598 
2.000000 3.065000 69.879364 21.418025 2.884598 
2.000000 3.055000 69.879364 21.348146 2.884598 
2.000000 3.045000 69.879364 21.278266 2.884598 
2.000000 3.035000 69.879364 21.208387 2.884598 
2.000000 3.025000 69.879364 21.138508 2.884598 
2.000000 3.015000 69.879364 21.068628 2.884598 
2.000000 3.005000 69.879364 20.998749 2.884598 
2.000000 2.995000 69.879364 20.928870 2.884598 
2.000000 2.985000 69.879364 20.858990 2.884598 
2.000000 2.975000 69.879364 20.789111 2.884598 
2.000000 2.965000 69.879364 20.719232 2.884598 
2.000000 2.955000 69.879364 20.649352 2.884598 
2.000000 2.945000 69.879364 20.579473 2.884598 
2.000000 2.935000 69.879364 20.509593 2.884598 
2.000000 2.925000 69.879364 20.439714 2.884598 
2.000000 2.915000 69.879364 20.369835 2.884598 
2.000000 2.905000 69.879364 20.299955 2.884598 
2.000000 2.895000 69.879364 20.230076 2.884598 
2.000000 2.885000 69.879364 20.160197 2.884598 
1.993101 2.875000 69.879364 20.090317 2.872525 
1.987849 2.865000 69.879364 20.020438 2.862931 
1.982531 2.855000 69.879364 19.950559 2.853376 
1.977146 2.845000 69.879364 19.880679 2.843860 
1.971693 2.835000 69.879364 19.810800 2.834379 
1.966174 2.825000 69.879364 19.740920 2.824932 
1.958709 2.815000 69.879364 19.671041 2.812387 
1.953032 2.805000 69.879364 19.601162 2.803015 
1.947286 2.795000 69.879364 19.531282 2.793671 
1.941472 2.785000 69.879364 19.461403 2.784354 
1.933613 2.775000 69.879364 19.391524 2.771972 
1.927639 2.765000 69.879364 19.321644 2.762713 
1.921595 2.755000 69.879364 19.251765 2.753476 
1.915482 2.745000 69.879364 19.181886 2.744261 
1.907222 2.735000 69.879364 19.112006 2.732003 
1.900946 2.725000 69.879364 19.042127 2.722830 
1.894599 2.715000 69.879364 18.972247 2.713672 
1.888182 2.705000 69.879364 18.902368 2.704530 
1.879515 2.695000 69.879364 18.832489 2.692359 
1.872932 2.685000 69.879364 18.762609 2.683245 
1.866276 2.675000 69.879364 18.692730 2.674140 
1.857291 2.665000 69.879364 18.622851 2.662013 
1.850467 2.655000 69.879364 18.552971 2.652926 
1.843571 2.645000 69.879364 18.483092 2.643843 
1.836602 2.635000 69.879364 18.413212 2.634765 
1.827195 2.625000 69.879364 18.343333 2.622664 
1.820054 2.615000 69.879364 18.273454 2.613589 
1.812838 2.605000 69.879364 18.203574 2.604513 
1.803102 2.595000 69.879364 18.133695 2.592409 
1.795712 2.585000 69.879364 18.063816 2.583326 
1.788246 2.575000 69.879364 17.993936 2.574238 
1.778175 2.565000 69.879364 17.924057 2.562110 
1.770532 2.555000 69.879364 17.854178 2.553005 
1.762812 2.545000 69.879364 17.784298 2.543889 
1.755016 2.535000 69.879364 17.714419 2.534762 
1.744499 2.525000 69.879364 17.644539 2.522574 
1.736521 2.515000 69.879364 17.574660 2.513415 
1.728465 2.505000 69.879364 17.504781 2.504241 
1.717600 2.495000 69.879364 17.434901 2.491982 
1.709358 2.485000 69.879364 17.365022 2.482765 
1.701036 2.475000 69.879364 17.295143 2.473528 
1.692634 2.465000 69.879364 17.225263 2.464269 
1.684152 2.455000 69.879364 17.155384 2.454986 
1.672714 2.445000 69.879364 17.085505 2.442569 
1.664041 2.435000 69.879364 17.015625 2.433226 
1.655284 2.425000 69.879364 16.945746 2.423853 
1.646445 2.415000 69.879364 16.875866 2.414451 
1.634529 2.405000 69.879364 16.805987 2.401865 
1.625494 2.395000 69.879364 16.736108 2.392386 
1.616374 2.385000 69.879364 16.666228 2.382872 
1.607168 2.375000 69.879364 16.596349 2.373320 
1.597877 2.365000 69.879364 16.526470 2.363730 
1.588499 2.355000 69.879364 16.456590 2.354099 
1.579033 2.345000 69.879364 16.386711 2.344426 
1.569480 2.335000 69.879364 16.316832 2.334709 
1.559839 2.325000 69.879364 16.246952 2.324946 
1.546845 2.315000 69.879364 16.177073 2.311854 
1.536994 2.305000 69.879364 16.107193 2.301977 
1.527054 2.295000 69.879364 16.037314 2.292048 
1.517022 2.285000 69.879364 15.967435 2.282064 
1.506897 2.275000 69.879364 15.897555 2.272024 
1.496681 2.265000 69.879364 15.827676 2.261926 
1.486371 2.255000 69.879364 15.757797 2.251767 
1.479445 2.245000 69.879364 15.687917 2.244960 
1.468978 2.235000 69.879364 15.618038 2.234696 
1.458415 2.225000 69.879364 15.548159 2.224365 
1.447756 2.215000 69.879364 15.478279 2.213965 
1.437001 2.205000 69.879364 15.408400 2.203494 
1.426147 2.195000 69.879364 15.338520 2.192949 
1.415195 2.185000 69.879364 15.268641 2.182328 
1.404143 2.175000 69.879364 15.198762 2.171628 
1.396720 2.165000 69.879364 15.128882 2.164450 
1.385500 2.155000 69.879364 15.059003 2.153612 
1.374179 2.145000 69.879364 14.989124 2.142688 
1.362755 2.135000 69.879364 14.919244 2.131675 
1.355082 2.125000 69.879364 14.849365 2.124281 
1.343484 2.115000 69.879364 14.779486 2.113112 
1.331782 2.105000 69.879364 14.709606 2.101845 
1.323921 2.095000 69.879364 14.639727 2.094277 
1.312040 2.085000 69.879364 14.569847 2.082839 
1.300051 2.075000 69.879364 14.499968 2.071295 
1.291998 2.065000 69.879364 14.430089 2.063537 
1.279827 2.055000 69.879364 14.360209 2.051805 
1.271651 2.045000 69.879364 14.290330 2.043919 
1.259294 2.035000 69.879364 14.220451 2.031990 
1.250993 2.025000 69.879364 14.150571 2.023969 
1.238447 2.015000 69.879364 14.080692 2.011830 
1.230019 2.005000 69.879364 14.010813 2.003665 
1.217280 1.995000 69.879364 13.940933 1.991305 
1.208722 1.985000 69.879364 13.871054 1.982987 
1.200112 1.975000 69.879364 13.801174 1.974606 
1.187098 1.965000 69.879364 13.731295 1.961913 
1.178355 1.955000 69.879364 13.661416 1.953367 
1.169558 1.945000 69.879364 13.591536 1.944752 
1.156261 1.935000 69.879364 13.521657 1.931696 
1.147328 1.925000 69.879364 13.451778 1.922901 
1.138339 1.915000 69.879364 13.381898 1.914031 
1.124751 1.905000 69.879364 13.312019 1.900581 
1.115622 1.895000 69.879364 13.242140 1.891515 
1.106436 1.885000 69.879364 13.172260 1.882367 
1.097192 1.875000 69.879364 13.102381 1.873135 
1.087890 1.865000 69.879364 13.032501 1.863817 
1.078530 1.855000 69.879364 12.962622 1.854410 
1.069111 1.845000 69.879364 12.892743 1.844913 
1.054870 1.835000 69.879364 12.822863 1.830491 
1.045301 1.825000 69.879364 12.752984 1.820757 
1.035672 1.815000 69.879364 12.683105 1.810922 
1.025980 1.805000 69.879364 12.613225 1.800986 
1.016227 1.795000 69.879364 12.543346 1.790945 
1.006412 1.785000 69.879364 12.473467 1.780795 
0.996533 1.775000 69.879364 12.403587 1.770535 
0.986590 1.765000 69.879364 12.333708 1.760160 
0.981595 1.755000 69.879364 12.263828 1.754929 
0.971556 1.745000 69.879364 12.193949 1.744377 
0.961451 1.735000 69.879364 12.124070 1.733703 
0.951281 1.725000 69.879364 12.054190 1.722903 
0.941044 1.715000 69.879364 11.984311 1.711972 
0.930739 1.705000 69.879364 11.914432 1.700908 
0.920367 1.695000 69.879364 11.844552 1.689706 
0.915155 1.685000 69.879364 11.774673 1.684052 
0.904680 1.675000 69.879364 11.704794 1.672636 
0.894135 1.665000 69.879364 11.634914 1.661070 
0.883519 1.655000 69.879364 11.565035 1.649351 
0.878185 1.645000 69.879364 11.495155 1.643432 
0.867462 1.635000 69.879364 11.425276 1.631474 
0.856667 1.625000 69.879364 11.355397 1.619348 
0.851242 1.615000 69.879364 11.285517 1.613222 
0.840337 1.605000 69.879364 11.215638 1.600837 
0.834857 1.595000 69.879364 11.145759 1.594577 
0.823840 1.585000 69.879364 11.075879 1.581918 
0.812747 1.575000 69.879364 11.006000 1.569070 
0.807172 1.565000 69.879364 10.936121 1.562572 
0.795965 1.555000 69.879364 10.866241 1.549425 
0.790332 1.545000 69.879364 10.796362 1.542775 
0.779008 1.535000 69.879364 10.726482 1.529314 
0.773316 1.525000 69.879364 10.656603 1.522502 
0.761872 1.515000 69.879364 10.586724 1.508710 
0.756120 1.505000 69.879364 10.516844 1.501727 
0.750348 1.495000 69.879364 10.446965 1.494686 
0.738742 1.485000 69.879364 10.377086 1.480421 
0.732909 1.475000 69.879364 10.307206 1.473196 
0.721179 1.465000 69.879364 10.237327 1.458553 
0.715283 1.455000 69.879364 10.167448 1.451132 
0.709365 1.445000 69.879364 10.097568 1.443645 
0.697467 1.435000 69.879364 10.027689 1.428461 
0.691485 1.425000 69.879364 9.957809 1.420762 
0.685482 1.415000 69.879364 9.887930 1.412990 
0.673411 1.405000 69.879364 9.818051 1.397219 
0.667342 1.395000 69.879364 9.748171 1.389218 
0.661251 1.385000 69.879364 9.678292 1.381137 
0.655138 1.375000 69.879364 9.608413 1.372974 
0.649003 1.365000 69.879364 9.538533 1.364728 
0.636664 1.355000 69.879364 9.468654 1.347979 
0.630460 1.345000 69.879364 9.398775 1.339471 
0.624234 1.335000 69.879364 9.328895 1.330873 
0.617984 1.325000 69.879364 9.259016 1.322182 
0.611711 1.315000 69.879364 9.189136 1.313395 
0.605415 1.305000 69.879364 9.119257 1.304511 
0.592753 1.295000 69.879364 9.049378 1.286440 
0.586386 1.285000 69.879364 8.979498 1.277248 
0.579995 1.275000 69.879364 8.909619 1.267949 
0.573580 1.265000 69.879364 8.839740 1.258540 
0.567141 1.255000 69.879364 8.769860 1.249019 
0.560678 1.245000 69.879364 8.699981 1.239381 
0.554190 1.235000 69.879364 8.630101 1.229625 
0.547678 1.225000 69.879364 8.560222 1.219747 
0.541142 1.215000 69.879364 8.490343 1.209744 
0.534580 1.205000 69.879364 8.420463 1.199612 
0.527994 1.195000 69.879364 8.350584 1.189349 
0.521383 1.185000 69.879364 8.280705 1.178951 
0.514746 1.175000 69.879364 8.210825 1.168414 
0.508085 1.165000 69.879364 8.140946 1.157733 
0.501398 1.155000 69.879364 8.071067 1.146906 
0.494686 1.145000 69.879364 8.001187 1.135928 
0.487949 1.135000 69.879364 7.931308 1.124794 
0.487949 1.125000 69.879364 7.861428 1.124794 
0.481186 1.115000 69.879364 7.791549 1.113500 
0.474397 1.105000 69.879364 7.721670 1.102041 
0.467583 1.095000 69.879364 7.651790 1.090413 
0.460744 1.085000 69.879364 7.581911 1.078610 
0.453879 1.075000 69.879364 7.512032 1.066627 
0.446988 1.065000 69.879364 7.442152 1.054458 
0.446988 1.055000 69.879364 7.372273 1.054458 
0.440071 1.045000 69.879364 7.302394 1.042097 
0.433129 1.035000 69.879364 7.232514 1.029539 
0.426161 1.025000 69.879364 7.162635 1.016778 
0.419168 1.015000 69.879364 7.092755 1.003805 
0.419168 1.005000 69.879364 7.022876 1.003805 
0.412149 0.995000 69.879364 6.952997 0.990616 
0.405106 0.985000 69.879364 6.883117 0.977202 
0.398037 0.975000 69.879364 6.813238 0.963555 
0.398037 0.965000 69.879364 6.743359 0.963555 
0.390943 0.955000 69.879364 6.673479 0.949669 
0.383824 0.945000 69.879364 6.603600 0.935534 
0.376681 0.935000 69.879364 6.533721 0.921143 
0.376681 0.925000 69.879364 6.463841 0.921143 
0.369515 0.915000 69.879364 6.393962 0.906486 
0.362324 0.905000 69.879364 6.324082 0.891554 
0.362324 0.895000 69.879364 6.254203 0.891554 
0.355110 0.885000 69.879364 6.184324 0.876337 
0.347874 0.875000 69.879364 6.114444 0.860825 
0.347874 0.865000 69.879364 6.044565 0.860825 
0.340615 0.855000 69.879364 5.974686 0.845007 
0.333336 0.845000 69.879364 5.904806 0.828872 
0.333336 0.835000 69.879364 5.834927 0.828872 
0.326035 0.825000 69.879364 5.765048 0.812408 
0.326035 0.815000 69.879364 5.695168 0.812408 
0.318715 0.805000 69.879364 5.625289 0.795604 
0.311377 0.795000 69.879364 5.555409 0.778448 
0.311377 0.785000 69.879364 5.485530 0.778448 
0.304021 0.775000 69.879364 5.415651 0.760925 
0.304021 0.765000 69.879364 5.345771 0.760925 
0.296649 0.755000 69.879364 5.275892 0.743023 
0.296649 0.745000 69.879364 5.206013 0.743023 
0.289263 0.735000 69.879364 5.136133 0.724727 
0.289263 0.725000 69.879364 5.066254 0.724727 
0.281865 0.715000 69.879364 4.996375 0.706025 
0.274455 0.705000 69.879364 4.926495 0.686901 
0.274455 0.695000 69.879364 4.856616 0.686901 
0.267038 0.685000 69.879364 4.786736 0.667341 
0.267038 0.675000 69.879364 4.716857 0.667341 
0.259615 0.665000 69.879364 4.646978 0.647330 
0.259615 0.655000 69.879364 4.577098 0.647330 
0.252190 0.645000 69.879364 4.507219 0.626853 
0.252190 0.635000 69.879364 4.437340 0.626853 
0.244766 0.625000 69.879364 4.367460 0.605898 
0.244766 0.615000 69.879364 4.297581 0.605898 
0.237348 0.605000 69.879364 4.227702 0.584450 
0.237348 0.595000 69.879364 4.157822 0.584450 
0.237348 0.585000 69.879364 4.087943 0.584450 
0.229939 0.575000 69.879364 4.018063 0.562497 
0.229939 0.565000 69.879364 3.948184 0.562497 
0.222546 0.555000 69.879364 3.878305 0.540028 
0.222546 0.545000 69.879364 3.808425 0.540028 
0.215174 0.535000 69.879364 3.738546 0.517035 
0.215174 0.525000 69.879364 3.668667 0.517035 
0.207831 0.515000 69.879364 3.598787 0.493513 
0.207831 0.505000 69.879364 3.528908 0.493513 
0.207831 0.495000 69.879364 3.459029 0.493513 
0.200525 0.485000 69.879364 3.389149 0.469460 
0.200525 0.475000 69.879364 3.319270 0.469460 
0.193266 0.465000 69.879364 3.249390 0.444882 
0.193266 0.455000 69.879364 3.179511 0.444882 
0.193266 0.445000 69.879364 3.109632 0.444882 
0.186065 0.435000 69.879364 3.039752 0.419791 
0.186065 0.425000 69.879364 2.969873 0.419791 
0.178934 0.415000 69.879364 2.899994 0.394209 
0.178934 0.405000 69.879364 2.830114 0.394209 
0.178934 0.395000 69.879364 2.760235 0.394209 
0.171890 0.385000 69.879364 2.690356 0.368170 
0.171890 0.375000 69.879364 2.620476 0.368170 
0.164950 0.365000 69.879364 2.550597 0.341724 
0.164950 0.355000 69.879364 2.480717 0.341724 
0.164950 0.345000 69.879364 2.410838 0.341724 
0.158134 0.335000 69.879364 2.340959 0.314943 
0.158134 0.325000 69.879364 2.271079 0.314943 
0.158134 0.315000 69.879364 2.201200 0.314943 
0.151468 0.305000 69.879364 2.131321 0.287922 
0.151468 0.295000 69.879364 2.061441 0.287922 
0.144978 0.285000 69.879364 1.991562 0.260789 
0.144978 0.275000 69.879364 1.921683 0.260789 
0.144978 0.265000 69.879364 1.851803 0.260789 
0.138699 0.255000 69.879364 1.781924 0.233708 
0.138699 0.245000 69.879364 1.712044 0.233708 
0.138699 0.235000 69.879364 1.642165 0.233708 
0.132668 0.225000 69.879364 1.572286 0.206889 
0.132668 0.215000 69.879364 1.502406 0.206889 
0.126930 0.205000 69.879364 1.432527 0.180595 
0.126930 0.195000 69.879364 1.362648 0.180595 
0.126930 0.185000 69.879364 1.292768 0.180595 
0.121534 0.175000 69.879364 1.222889 0.155146 
0.121534 0.165000 69.879364 1.153010 0.155146 
0.116536 0.155000 69.879364 1.083130 0.130922 
0.116536 0.145000 69.879364 1.013251 0.130922 
0.116536 0.135000 69.879364 0.943371 0.130922 
0.112000 0.125000 69.879364 0.873492 0.108362 
0.112000 0.115000 69.879364 0.803613 0.108362 
0.107989 0.105000 69.879364 0.733733 0.087957 
0.107989 0.095000 69.879364 0.663854 0.087957 
0.104574 0.085000 69.879364 0.593975 0.070224 
0.104574 0.075000 69.879364 0.524095 0.070224 
0.101821 0.065000 69.879364 0.454216 0.055684 
0.099789 0.055000 69.879364 0.384337 0.044815 
0.099789 0.045000 69.879364 0.314457 0.044815 
