1.999998 9.985000 0.828511 0.827269 3.069414 
1.999998 9.975000 0.828511 0.826440 3.069414 
1.999998 9.965000 0.828511 0.825612 3.069414 
1.999998 9.955000 0.828511 0.824783 3.069414 
1.999998 9.945000 0.828511 0.823955 3.069414 
1.999998 9.935000 0.828511 0.823126 3.069414 
1.999998 9.925000 0.828511 0.822298 3.069414 
1.999998 9.915000 0.828511 0.821469 3.069414 
1.999998 9.905000 0.828511 0.820641 3.069414 
1.999998 9.895000 0.828511 0.819812 3.069414 
1.999998 9.885000 0.828511 0.818984 3.069414 
1.999998 9.875000 0.828511 0.818155 3.069414 
1.999998 9.865000 0.828511 0.817327 3.069414 
1.999998 9.855000 0.828511 0.816498 3.069414 
1.999998 9.845000 0.828511 0.815670 3.069414 
1.999998 9.835000 0.828511 0.814841 3.069414 
1.999998 9.825000 0.828511 0.814013 3.069414 
1.999998 9.815000 0.828511 0.813184 3.069414 
1.999998 9.805000 0.828511 0.812356 3.069414 
1.999998 9.795000 0.828511 0.811527 3.069414 
1.999998 9.785000 0.828511 0.810698 3.069414 
1.999998 9.775000 0.828511 0.809870 3.069414 
1.999998 9.765000 0.828511 0.809041 3.069414 
1.999998 9.755000 0.828511 0.808213 3.069414 
1.999998 9.745000 0.828511 0.807384 3.069414 
1.999998 9.735000 0.828511 0.806556 3.069414 
1.999998 9.725000 0.828511 0.805727 3.069414 
1.999998 9.715000 0.828511 0.804899 3.069414 
1.999998 9.705000 0.828511 0.804070 3.069414 
1.999998 9.695000 0.828511 0.803242 3.069414 
1.999998 9.685000 0.828511 0.802413 3.069414 
1.999998 9.675000 0.828511 0.801585 3.069414 
1.999998 9.665000 0.828511 0.800756 3.069414 
1.999998 9.655000 0.828511 0.799928 3.069414 
1.999998 9.645000 0.828511 0.799099 3.069414 
1.999998 9.635000 0.828511 0.798271 3.069414 
1.999998 9.625000 0.828511 0.797442 3.069414 
1.999998 9.615000 0.828511 0.796614 3.069414 
1.999998 9.605000 0.828511 0.795785 3.069414 
1.999998 9.595000 0.828511 0.794957 3.069414 
1.999998 9.585000 0.828511 0.794128 3.069414 
1.999998 9.575000 0.828511 0.793300 3.069414 
1.999998 9.565000 0.828511 0.792471 3.069414 
1.999998 9.555000 0.828511 0.791643 3.069414 
1.999998 9.545000 0.828511 0.790814 3.069414 
1.999998 9.535000 0.828511 0.789986 3.069414 
1.999998 9.525000 0.828511 0.789157 3.069414 
1.999998 9.515000 0.828511 0.788329 3.069414 
1.999998 9.505000 0.828511 0.787500 3.069414 
1.999998 9.495000 0.828511 0.786672 3.069414 
1.999998 9.485000 0.828511 0.785843 3.069414 
1.999998 9.475000 0.828511 0.785015 3.069414 
1.999998 9.465000 0.828511 0.784186 3.069414 
1.999998 9.455000 0.828511 0.783358 3.069414 
1.999998 9.445000 0.828511 0.782529 3.069414 
1.999998 9.435000 0.828511 0.781701 3.069414 
1.999998 9.425000 0.828511 0.780872 3.069414 
1.999998 9.415000 0.828511 0.780044 3.069414 
1.999998 9.405000 0.828511 0.779215 3.069414 
1.999998 9.395000 0.828511 0.778387 3.069414 
1.999998 9.385000 0.828511 0.777558 3.069414 
1.999998 9.375000 0.828511 0.776730 3.069414 
1.999998 9.365000 0.828511 0.775901 3.069414 
1.999998 9.355000 0.828511 0.775072 3.069414 
1.999998 9.345000 0.828511 0.774244 3.069414 
1.999998 9.335000 0.828511 0.773415 3.069414 
1.999998 9.325000 0.828511 0.772587 3.069414 
1.999998 9.315000 0.828511 0.771758 3.069414 
1.999998 9.305000 0.828511 0.770930 3.069414 
1.999998 9.295000 0.828511 0.770101 3.069414 
1.999998 9.285000 0.828511 0.769273 3.069414 
1.999998 9.275000 0.828511 0.768444 3.069414 
1.999998 9.265000 0.828511 0.767616 3.069414 
1.999998 9.255000 0.828511 0.766787 3.069414 
1.999998 9.245000 0.828511 0.765959 3.069414 
1.999998 9.235000 0.828511 0.765130 3.069414 
1.999998 9.225000 0.828511 0.764302 3.069414 
1.999998 9.215000 0.828511 0.763473 3.069414 
1.999998 9.205000 0.828511 0.762645 3.069414 
1.999998 9.195000 0.828511 0.761816 3.069414 
1.999998 9.185000 0.828511 0.760988 3.069414 
1.999998 9.175000 0.828511 0.760159 3.069414 
1.999998 9.165000 0.828511 0.759331 3.069414 
1.999998 9.155000 0.828511 0.758502 3.069414 
1.999998 9.145000 0.828511 0.757674 3.069414 
1.999998 9.135000 0.828511 0.756845 3.069414 
1.999998 9.125000 0.828511 0.756017 3.069414 
1.999998 9.115000 0.828511 0.755188 3.069414 
1.999998 9.105000 0.828511 0.754360 3.069414 
1.999998 9.095000 0.828511 0.753531 3.069414 
1.999998 9.085000 0.828511 0.752703 3.069414 
1.999998 9.075000 0.828511 0.751874 3.069414 
1.999998 9.065000 0.828511 0.751046 3.069414 
1.999998 9.055000 0.828511 0.750217 3.069414 
1.999998 9.045000 0.828511 0.749389 3.069414 
1.999998 9.035000 0.828511 0.748560 3.069414 
1.999998 9.025000 0.828511 0.747732 3.069414 
1.999998 9.015000 0.828511 0.746903 3.069414 
1.999998 9.005000 0.828511 0.746075 3.069414 
1.999998 8.995000 0.828511 0.745246 3.069414 
1.999998 8.985000 0.828511 0.744418 3.069414 
1.999998 8.975000 0.828511 0.743589 3.069414 
1.999998 8.965000 0.828511 0.742761 3.069414 
1.999998 8.955000 0.828511 0.741932 3.069414 
1.999998 8.945000 0.828511 0.741104 3.069414 
1.999998 8.935000 0.828511 0.740275 3.069414 
1.999998 8.925000 0.828511 0.739446 3.069414 
1.999998 8.915000 0.828511 0.738618 3.069414 
1.999998 8.905000 0.828511 0.737789 3.069414 
1.999998 8.895000 0.828511 0.736961 3.069414 
1.999998 8.885000 0.828511 0.736132 3.069414 
1.999998 8.875000 0.828511 0.735304 3.069414 
1.999998 8.865000 0.828511 0.734475 3.069414 
1.999998 8.855000 0.828511 0.733647 3.069414 
1.999998 8.845000 0.828511 0.732818 3.069414 
1.999998 8.835000 0.828511 0.731990 3.069414 
1.999998 8.825000 0.828511 0.731161 3.069414 
1.999998 8.815000 0.828511 0.730333 3.069414 
1.999998 8.805000 0.828511 0.729504 3.069414 
1.999998 8.795000 0.828511 0.728676 3.069414 
1.999998 8.785000 0.828511 0.727847 3.069414 
1.999998 8.775000 0.828511 0.727019 3.069414 
1.999998 8.765000 0.828511 0.726190 3.069414 
1.999998 8.755000 0.828511 0.725362 3.069414 
1.999998 8.745000 0.828511 0.724533 3.069414 
1.999998 8.735000 0.828511 0.723705 3.069414 
1.999998 8.725000 0.828511 0.722876 3.069414 
1.999998 8.715000 0.828511 0.722048 3.069414 
1.999998 8.705000 0.828511 0.721219 3.069414 
1.999998 8.695000 0.828511 0.720391 3.069414 
1.999998 8.685000 0.828511 0.719562 3.069414 
1.999998 8.675000 0.828511 0.718734 3.069414 
1.999998 8.665000 0.828511 0.717905 3.069414 
1.999998 8.655000 0.828511 0.717077 3.069414 
1.999998 8.645000 0.828511 0.716248 3.069414 
1.999998 8.635000 0.828511 0.715420 3.069414 
1.999998 8.625000 0.828511 0.714591 3.069414 
1.999998 8.615000 0.828511 0.713763 3.069414 
1.999998 8.605000 0.828511 0.712934 3.069414 
1.999998 8.595000 0.828511 0.712106 3.069414 
1.999998 8.585000 0.828511 0.711277 3.069414 
1.999998 8.575000 0.828511 0.710449 3.069414 
1.999998 8.565000 0.828511 0.709620 3.069414 
1.999998 8.555000 0.828511 0.708792 3.069414 
1.999998 8.545000 0.828511 0.707963 3.069414 
1.999998 8.535000 0.828511 0.707135 3.069414 
1.999998 8.525000 0.828511 0.706306 3.069414 
1.999998 8.515000 0.828511 0.705478 3.069414 
1.999998 8.505000 0.828511 0.704649 3.069414 
1.999998 8.495000 0.828511 0.703820 3.069414 
1.999998 8.485000 0.828511 0.702992 3.069414 
1.999998 8.475000 0.828511 0.702163 3.069414 
1.999998 8.465000 0.828511 0.701335 3.069414 
1.999998 8.455000 0.828511 0.700506 3.069414 
1.999998 8.445000 0.828511 0.699678 3.069414 
1.999998 8.435000 0.828511 0.698849 3.069414 
1.999998 8.425000 0.828511 0.698021 3.069414 
1.999998 8.415000 0.828511 0.697192 3.069414 
1.999998 8.405000 0.828511 0.696364 3.069414 
1.999998 8.395000 0.828511 0.695535 3.069414 
1.999998 8.385000 0.828511 0.694707 3.069414 
1.999998 8.375000 0.828511 0.693878 3.069414 
1.999998 8.365000 0.828511 0.693050 3.069414 
1.999998 8.355000 0.828511 0.692221 3.069414 
1.999998 8.345000 0.828511 0.691393 3.069414 
1.999998 8.335000 0.828511 0.690564 3.069414 
1.999998 8.325000 0.828511 0.689736 3.069414 
1.999998 8.315000 0.828511 0.688907 3.069414 
1.999998 8.305000 0.828511 0.688079 3.069414 
1.999998 8.295000 0.828511 0.687250 3.069414 
1.999998 8.285000 0.828511 0.686422 3.069414 
1.999998 8.275000 0.828511 0.685593 3.069414 
1.999998 8.265000 0.828511 0.684765 3.069414 
1.999998 8.255000 0.828511 0.683936 3.069414 
1.999998 8.245000 0.828511 0.683108 3.069414 
1.999998 8.235000 0.828511 0.682279 3.069414 
1.999998 8.225000 0.828511 0.681451 3.069414 
1.999998 8.215000 0.828511 0.680622 3.069414 
1.999998 8.205000 0.828511 0.679794 3.069414 
1.999998 8.195000 0.828511 0.678965 3.069414 
1.999998 8.185000 0.828511 0.678137 3.069414 
1.999998 8.175000 0.828511 0.677308 3.069414 
1.999998 8.165000 0.828511 0.676480 3.069414 
1.999998 8.155000 0.828511 0.675651 3.069414 
1.999998 8.145000 0.828511 0.674823 3.069414 
1.999998 8.135000 0.828511 0.673994 3.069414 
1.999998 8.125000 0.828511 0.673166 3.069414 
1.999998 8.115000 0.828511 0.672337 3.069414 
1.999998 8.105000 0.828511 0.671509 3.069414 
1.999998 8.095000 0.828511 0.670680 3.069414 
1.999998 8.085000 0.828511 0.669852 3.069414 
1.999998 8.075000 0.828511 0.669023 3.069414 
1.999998 8.065000 0.828511 0.668195 3.069414 
1.999998 8.055000 0.828511 0.667366 3.069414 
1.999998 8.045000 0.828511 0.666537 3.069414 
1.999998 8.035000 0.828511 0.665709 3.069414 
1.999998 8.025000 0.828511 0.664880 3.069414 
1.999998 8.015000 0.828511 0.664052 3.069414 
1.999998 8.005000 0.828511 0.663223 3.069414 
1.999998 7.995000 0.828511 0.662395 3.069414 
1.999998 7.985000 0.828511 0.661566 3.069414 
1.999998 7.975000 0.828511 0.660738 3.069414 
1.999998 7.965000 0.828511 0.659909 3.069414 
1.999998 7.955000 0.828511 0.659081 3.069414 
1.999998 7.945000 0.828511 0.658252 3.069414 
1.999998 7.935000 0.828511 0.657424 3.069414 
1.999998 7.925000 0.828511 0.656595 3.069414 
1.999998 7.915000 0.828511 0.655767 3.069414 
1.999998 7.905000 0.828511 0.654938 3.069414 
1.999998 7.895000 0.828511 0.654110 3.069414 
1.999998 7.885000 0.828511 0.653281 3.069414 
1.999998 7.875000 0.828511 0.652453 3.069414 
1.999998 7.865000 0.828511 0.651624 3.069414 
1.999998 7.855000 0.828511 0.650796 3.069414 
1.999998 7.845000 0.828511 0.649967 3.069414 
1.999998 7.835000 0.828511 0.649139 3.069414 
1.999998 7.825000 0.828511 0.648310 3.069414 
1.999998 7.815000 0.828511 0.647482 3.069414 
1.999998 7.805000 0.828511 0.646653 3.069414 
1.999998 7.795000 0.828511 0.645825 3.069414 
1.999998 7.785000 0.828511 0.644996 3.069414 
1.999998 7.775000 0.828511 0.644168 3.069414 
1.999998 7.765000 0.828511 0.643339 3.069414 
1.999998 7.755000 0.828511 0.642511 3.069414 
1.999998 7.745000 0.828511 0.641682 3.069414 
1.999998 7.735000 0.828511 0.640854 3.069414 
1.999998 7.725000 0.828511 0.640025 3.069414 
1.999998 7.715000 0.828511 0.639197 3.069414 
1.999998 7.705000 0.828511 0.638368 3.069414 
1.999998 7.695000 0.828511 0.637540 3.069414 
1.999998 7.685000 0.828511 0.636711 3.069414 
1.999998 7.675000 0.828511 0.635883 3.069414 
1.999998 7.665000 0.828511 0.635054 3.069414 
1.999998 7.655000 0.828511 0.634226 3.069414 
1.999998 7.645000 0.828511 0.633397 3.069414 
1.999998 7.635000 0.828511 0.632569 3.069414 
1.999998 7.625000 0.828511 0.631740 3.069414 
1.999998 7.615000 0.828511 0.630911 3.069414 
1.999998 7.605000 0.828511 0.630083 3.069414 
1.999998 7.595000 0.828511 0.629254 3.069414 
1.999998 7.585000 0.828511 0.628426 3.069414 
1.999998 7.575000 0.828511 0.627597 3.069414 
1.999998 7.565000 0.828511 0.626769 3.069414 
1.999998 7.555000 0.828511 0.625940 3.069414 
1.999998 7.545000 0.828511 0.625112 3.069414 
1.999998 7.535000 0.828511 0.624283 3.069414 
1.999998 7.525000 0.828511 0.623455 3.069414 
1.999998 7.515000 0.828511 0.622626 3.069414 
1.999998 7.505000 0.828511 0.621798 3.069414 
1.999998 7.495000 0.828511 0.620969 3.069414 
1.999998 7.485000 0.828511 0.620141 3.069414 
1.999998 7.475000 0.828511 0.619312 3.069414 
1.999998 7.465000 0.828511 0.618484 3.069414 
1.999998 7.455000 0.828511 0.617655 3.069414 
1.999998 7.445000 0.828511 0.616827 3.069414 
1.999998 7.435000 0.828511 0.615998 3.069414 
1.999998 7.425000 0.828511 0.615170 3.069414 
1.999998 7.415000 0.828511 0.614341 3.069414 
1.999998 7.405000 0.828511 0.613513 3.069414 
1.999998 7.395000 0.828511 0.612684 3.069414 
1.999998 7.385000 0.828511 0.611856 3.069414 
1.999998 7.375000 0.828511 0.611027 3.069414 
1.999998 7.365000 0.828511 0.610199 3.069414 
1.999998 7.355000 0.828511 0.609370 3.069414 
1.999998 7.345000 0.828511 0.608542 3.069414 
1.999998 7.335000 0.828511 0.607713 3.069414 
1.999998 7.325000 0.828511 0.606885 3.069414 
1.999998 7.315000 0.828511 0.606056 3.069414 
1.999998 7.305000 0.828511 0.605228 3.069414 
1.999998 7.295000 0.828511 0.604399 3.069414 
1.999998 7.285000 0.828511 0.603571 3.069414 
1.999998 7.275000 0.828511 0.602742 3.069414 
1.999998 7.265000 0.828511 0.601914 3.069414 
1.999998 7.255000 0.828511 0.601085 3.069414 
1.999998 7.245000 0.828511 0.600257 3.069414 
1.999998 7.235000 0.828511 0.599428 3.069414 
1.999998 7.225000 0.828511 0.598600 3.069414 
1.999998 7.215000 0.828511 0.597771 3.069414 
1.999998 7.205000 0.828511 0.596943 3.069414 
1.999998 7.195000 0.828511 0.596114 3.069414 
1.999998 7.185000 0.828511 0.595285 3.069414 
1.999998 7.175000 0.828511 0.594457 3.069414 
1.999998 7.165000 0.828511 0.593628 3.069414 
1.999998 7.155000 0.828511 0.592800 3.069414 
1.999998 7.145000 0.828511 0.591971 3.069414 
1.999998 7.135000 0.828511 0.591143 3.069414 
1.999998 7.125000 0.828511 0.590314 3.069414 
1.999998 7.115000 0.828511 0.589486 3.069414 
1.999998 7.105000 0.828511 0.588657 3.069414 
1.999998 7.095000 0.828511 0.587829 3.069414 
1.999998 7.085000 0.828511 0.587000 3.069414 
1.999998 7.075000 0.828511 0.586172 3.069414 
1.999998 7.065000 0.828511 0.585343 3.069414 
1.999998 7.055000 0.828511 0.584515 3.069414 
1.999998 7.045000 0.828511 0.583686 3.069414 
1.999998 7.035000 0.828511 0.582858 3.069414 
1.999998 7.025000 0.828511 0.582029 3.069414 
1.999998 7.015000 0.828511 0.581201 3.069414 
1.999998 7.005000 0.828511 0.580372 3.069414 
1.999998 6.995000 0.828511 0.579544 3.069414 
1.999998 6.985000 0.828511 0.578715 3.069414 
1.999998 6.975000 0.828511 0.577887 3.069414 
1.999998 6.965000 0.828511 0.577058 3.069414 
1.999998 6.955000 0.828511 0.576230 3.069414 
1.999998 6.945000 0.828511 0.575401 3.069414 
1.999998 6.935000 0.828511 0.574573 3.069414 
1.999998 6.925000 0.828511 0.573744 3.069414 
1.999998 6.915000 0.828511 0.572916 3.069414 
1.999998 6.905000 0.828511 0.572087 3.069414 
1.999998 6.895000 0.828511 0.571259 3.069414 
1.999998 6.885000 0.828511 0.570430 3.069414 
1.999998 6.875000 0.828511 0.569602 3.069414 
1.999998 6.865000 0.828511 0.568773 3.069414 
1.999998 6.855000 0.828511 0.567945 3.069414 
1.999998 6.845000 0.828511 0.567116 3.069414 
1.999998 6.835000 0.828511 0.566288 3.069414 
1.999998 6.825000 0.828511 0.565459 3.069414 
1.999998 6.815000 0.828511 0.564631 3.069414 
1.999998 6.805000 0.828511 0.563802 3.069414 
1.999998 6.795000 0.828511 0.562974 3.069414 
1.999998 6.785000 0.828511 0.562145 3.069414 
1.999998 6.775000 0.828511 0.561317 3.069414 
1.999998 6.765000 0.828511 0.560488 3.069414 
1.999998 6.755000 0.828511 0.559660 3.069414 
1.999998 6.745000 0.828511 0.558831 3.069414 
1.999998 6.735000 0.828511 0.558002 3.069414 
1.999998 6.725000 0.828511 0.557174 3.069414 
1.999998 6.715000 0.828511 0.556345 3.069414 
1.999998 6.705000 0.828511 0.555517 3.069414 
1.999998 6.695000 0.828511 0.554688 3.069414 
1.999998 6.685000 0.828511 0.553860 3.069414 
1.999998 6.675000 0.828511 0.553031 3.069414 
1.999998 6.665000 0.828511 0.552203 3.069414 
1.999998 6.655000 0.828511 0.551374 3.069414 
1.999998 6.645000 0.828511 0.550546 3.069414 
1.999998 6.635000 0.828511 0.549717 3.069414 
1.999998 6.625000 0.828511 0.548889 3.069414 
1.999998 6.615000 0.828511 0.548060 3.069414 
1.999998 6.605000 0.828511 0.547232 3.069414 
1.999998 6.595000 0.828511 0.546403 3.069414 
1.999998 6.585000 0.828511 0.545575 3.069414 
1.999998 6.575000 0.828511 0.544746 3.069414 
1.999998 6.565000 0.828511 0.543918 3.069414 
1.999998 6.555000 0.828511 0.543089 3.069414 
1.999998 6.545000 0.828511 0.542261 3.069414 
1.999998 6.535000 0.828511 0.541432 3.069414 
1.999998 6.525000 0.828511 0.540604 3.069414 
1.999998 6.515000 0.828511 0.539775 3.069414 
1.999998 6.505000 0.828511 0.538947 3.069414 
1.999998 6.495000 0.828511 0.538118 3.069414 
1.999998 6.485000 0.828511 0.537290 3.069414 
1.999998 6.475000 0.828511 0.536461 3.069414 
1.999998 6.465000 0.828511 0.535633 3.069414 
1.999998 6.455000 0.828511 0.534804 3.069414 
1.999998 6.445000 0.828511 0.533976 3.069414 
1.999998 6.435000 0.828511 0.533147 3.069414 
1.999998 6.425000 0.828511 0.532319 3.069414 
1.999998 6.415000 0.828511 0.531490 3.069414 
1.999998 6.405000 0.828511 0.530662 3.069414 
1.999998 6.395000 0.828511 0.529833 3.069414 
1.999998 6.385000 0.828511 0.529005 3.069414 
1.999998 6.375000 0.828511 0.528176 3.069414 
1.999998 6.365000 0.828511 0.527348 3.069414 
1.999998 6.355000 0.828511 0.526519 3.069414 
1.999998 6.345000 0.828511 0.525691 3.069414 
1.999998 6.335000 0.828511 0.524862 3.069414 
1.999998 6.325000 0.828511 0.524034 3.069414 
1.999998 6.315000 0.828511 0.523205 3.069414 
1.999998 6.305000 0.828511 0.522376 3.069414 
1.999998 6.295000 0.828511 0.521548 3.069414 
1.999998 6.285000 0.828511 0.520719 3.069414 
1.999998 6.275000 0.828511 0.519891 3.069414 
1.999998 6.265000 0.828511 0.519062 3.069414 
1.999998 6.255000 0.828511 0.518234 3.069414 
1.999998 6.245000 0.828511 0.517405 3.069414 
1.999998 6.235000 0.828511 0.516577 3.069414 
1.999998 6.225000 0.828511 0.515748 3.069414 
1.999998 6.215000 0.828511 0.514920 3.069414 
1.999998 6.205000 0.828511 0.514091 3.069414 
1.999998 6.195000 0.828511 0.513263 3.069414 
1.999998 6.185000 0.828511 0.512434 3.069414 
1.999998 6.175000 0.828511 0.511606 3.069414 
1.999998 6.165000 0.828511 0.510777 3.069414 
1.999998 6.155000 0.828511 0.509949 3.069414 
1.999998 6.145000 0.828511 0.509120 3.069414 
1.999998 6.135000 0.828511 0.508292 3.069414 
1.999998 6.125000 0.828511 0.507463 3.069414 
1.999998 6.115000 0.828511 0.506635 3.069414 
1.999998 6.105000 0.828511 0.505806 3.069414 
1.999998 6.095000 0.828511 0.504978 3.069414 
1.999998 6.085000 0.828511 0.504149 3.069414 
1.999998 6.075000 0.828511 0.503321 3.069414 
1.999998 6.065000 0.828511 0.502492 3.069414 
1.999998 6.055000 0.828511 0.501664 3.069414 
1.999998 6.045000 0.828511 0.500835 3.069414 
1.999998 6.035000 0.828511 0.500007 3.069414 
1.999998 6.025000 0.828511 0.499178 3.069414 
1.999998 6.015000 0.828511 0.498350 3.069414 
1.999998 6.005000 0.828511 0.497521 3.069414 
1.999998 5.995000 0.828511 0.496693 3.069414 
1.999998 5.985000 0.828511 0.495864 3.069414 
1.999998 5.975000 0.828511 0.495036 3.069414 
1.999998 5.965000 0.828511 0.494207 3.069414 
1.999998 5.955000 0.828511 0.493379 3.069414 
1.999998 5.945000 0.828511 0.492550 3.069414 
1.999998 5.935000 0.828511 0.491722 3.069414 
1.999998 5.925000 0.828511 0.490893 3.069414 
1.999998 5.915000 0.828511 0.490065 3.069414 
1.999998 5.905000 0.828511 0.489236 3.069414 
1.999998 5.895000 0.828511 0.488408 3.069414 
1.999998 5.885000 0.828511 0.487579 3.069414 
1.999998 5.875000 0.828511 0.486750 3.069414 
1.999998 5.865000 0.828511 0.485922 3.069414 
1.999998 5.855000 0.828511 0.485093 3.069414 
1.999998 5.845000 0.828511 0.484265 3.069414 
1.999998 5.835000 0.828511 0.483436 3.069414 
1.999998 5.825000 0.828511 0.482608 3.069414 
1.999998 5.815000 0.828511 0.481779 3.069414 
1.999998 5.805000 0.828511 0.480951 3.069414 
1.999998 5.795000 0.828511 0.480122 3.069414 
1.999998 5.785000 0.828511 0.479294 3.069414 
1.999998 5.775000 0.828511 0.478465 3.069414 
1.999998 5.765000 0.828511 0.477637 3.069414 
1.999998 5.755000 0.828511 0.476808 3.069414 
1.999998 5.745000 0.828511 0.475980 3.069414 
1.999998 5.735000 0.828511 0.475151 3.069414 
1.999998 5.725000 0.828511 0.474323 3.069414 
1.999998 5.715000 0.828511 0.473494 3.069414 
1.999998 5.705000 0.828511 0.472666 3.069414 
1.999998 5.695000 0.828511 0.471837 3.069414 
1.999998 5.685000 0.828511 0.471009 3.069414 
1.999998 5.675000 0.828511 0.470180 3.069414 
1.999998 5.665000 0.828511 0.469352 3.069414 
1.999998 5.655000 0.828511 0.468523 3.069414 
1.999998 5.645000 0.828511 0.467695 3.069414 
1.999998 5.635000 0.828511 0.466866 3.069414 
1.999998 5.625000 0.828511 0.466038 3.069414 
1.999998 5.615000 0.828511 0.465209 3.069414 
1.999998 5.605000 0.828511 0.464381 3.069414 
1.999998 5.595000 0.828511 0.463552 3.069414 
1.999998 5.585000 0.828511 0.462724 3.069414 
1.999998 5.575000 0.828511 0.461895 3.069414 
1.999998 5.565000 0.828511 0.461067 3.069414 
1.999998 5.555000 0.828511 0.460238 3.069414 
1.999998 5.545000 0.828511 0.459410 3.069414 
1.999998 5.535000 0.828511 0.458581 3.069414 
1.999998 5.525000 0.828511 0.457753 3.069414 
1.999998 5.515000 0.828511 0.456924 3.069414 
1.999998 5.505000 0.828511 0.456096 3.069414 
1.999998 5.495000 0.828511 0.455267 3.069414 
1.999998 5.485000 0.828511 0.454439 3.069414 
1.999998 5.475000 0.828511 0.453610 3.069414 
1.999998 5.465000 0.828511 0.452782 3.069414 
1.999998 5.455000 0.828511 0.451953 3.069414 
1.999998 5.445000 0.828511 0.451124 3.069414 
1.999998 5.435000 0.828511 0.450296 3.069414 
1.999998 5.425000 0.828511 0.449467 3.069414 
1.999998 5.415000 0.828511 0.448639 3.069414 
1.999998 5.405000 0.828511 0.447810 3.069414 
1.999998 5.395000 0.828511 0.446982 3.069414 
1.999998 5.385000 0.828511 0.446153 3.069414 
1.999998 5.375000 0.828511 0.445325 3.069414 
1.999998 5.365000 0.828511 0.444496 3.069414 
1.999998 5.355000 0.828511 0.443668 3.069414 
1.999998 5.345000 0.828511 0.442839 3.069414 
1.999998 5.335000 0.828511 0.442011 3.069414 
1.999998 5.325000 0.828511 0.441182 3.069414 
1.999998 5.315000 0.828511 0.440354 3.069414 
1.999998 5.305000 0.828511 0.439525 3.069414 
1.999998 5.295000 0.828511 0.438697 3.069414 
1.999998 5.285000 0.828511 0.437868 3.069414 
1.999998 5.275000 0.828511 0.437040 3.069414 
1.999998 5.265000 0.828511 0.436211 3.069414 
1.999998 5.255000 0.828511 0.435383 3.069414 
1.999998 5.245000 0.828511 0.434554 3.069414 
1.999998 5.235000 0.828511 0.433726 3.069414 
1.999998 5.225000 0.828511 0.432897 3.069414 
1.999998 5.215000 0.828511 0.432069 3.069414 
1.999998 5.205000 0.828511 0.431240 3.069414 
1.999998 5.195000 0.828511 0.430412 3.069414 
1.999998 5.185000 0.828511 0.429583 3.069414 
1.999998 5.175000 0.828511 0.428755 3.069414 
1.999998 5.165000 0.828511 0.427926 3.069414 
1.999998 5.155000 0.828511 0.427098 3.069414 
1.999998 5.145000 0.828511 0.426269 3.069414 
1.999998 5.135000 0.828511 0.425441 3.069414 
1.999998 5.125000 0.828511 0.424612 3.069414 
1.999998 5.115000 0.828511 0.423784 3.069414 
1.999998 5.105000 0.828511 0.422955 3.069414 
1.999998 5.095000 0.828511 0.422127 3.069414 
1.999998 5.085000 0.828511 0.421298 3.069414 
1.999998 5.075000 0.828511 0.420470 3.069414 
1.999998 5.065000 0.828511 0.419641 3.069414 
1.999998 5.055000 0.828511 0.418813 3.069414 
1.999998 5.045000 0.828511 0.417984 3.069414 
1.999998 5.035000 0.828511 0.417156 3.069414 
1.999998 5.025000 0.828511 0.416327 3.069414 
1.999998 5.015000 0.828511 0.415499 3.069414 
1.999998 5.005000 0.828511 0.414670 3.069414 
1.999998 4.995000 0.828511 0.413841 3.069414 
1.999998 4.985000 0.828511 0.413013 3.069414 
1.999998 4.975000 0.828511 0.412184 3.069414 
1.999998 4.965000 0.828511 0.411356 3.069414 
1.999998 4.955000 0.828511 0.410527 3.069414 
1.999998 4.945000 0.828511 0.409699 3.069414 
1.999998 4.935000 0.828511 0.408870 3.069414 
1.999998 4.925000 0.828511 0.408042 3.069414 
1.999998 4.915000 0.828511 0.407213 3.069414 
1.999998 4.905000 0.828511 0.406385 3.069414 
1.999998 4.895000 0.828511 0.405556 3.069414 
1.999998 4.885000 0.828511 0.404728 3.069414 
1.999998 4.875000 0.828511 0.403899 3.069414 
1.999998 4.865000 0.828511 0.403071 3.069414 
1.999998 4.855000 0.828511 0.402242 3.069414 
1.999998 4.845000 0.828511 0.401414 3.069414 
1.999998 4.835000 0.828511 0.400585 3.069414 
1.999998 4.825000 0.828511 0.399757 3.069414 
1.999998 4.815000 0.828511 0.398928 3.069414 
1.999998 4.805000 0.828511 0.398100 3.069414 
1.999998 4.795000 0.828511 0.397271 3.069414 
1.999998 4.785000 0.828511 0.396443 3.069414 
1.999998 4.775000 0.828511 0.395614 3.069414 
1.999998 4.765000 0.828511 0.394786 3.069414 
1.999998 4.755000 0.828511 0.393957 3.069414 
1.999998 4.745000 0.828511 0.393129 3.069414 
1.999998 4.735000 0.828511 0.392300 3.069414 
1.999998 4.725000 0.828511 0.391472 3.069414 
1.999998 4.715000 0.828511 0.390643 3.069414 
1.999998 4.705000 0.828511 0.389815 3.069414 
1.999998 4.695000 0.828511 0.388986 3.069414 
1.999998 4.685000 0.828511 0.388158 3.069414 
1.999998 4.675000 0.828511 0.387329 3.069414 
1.999998 4.665000 0.828511 0.386501 3.069414 
1.999998 4.655000 0.828511 0.385672 3.069414 
1.999998 4.645000 0.828511 0.384844 3.069414 
1.999998 4.635000 0.828511 0.384015 3.069414 
1.999998 4.625000 0.828511 0.383187 3.069414 
1.999998 4.615000 0.828511 0.382358 3.069414 
1.999998 4.605000 0.828511 0.381530 3.069414 
1.999998 4.595000 0.828511 0.380701 3.069414 
1.999998 4.585000 0.828511 0.379873 3.069414 
1.999998 4.575000 0.828511 0.379044 3.069414 
1.999998 4.565000 0.828511 0.378215 3.069414 
1.999998 4.555000 0.828511 0.377387 3.069414 
1.999998 4.545000 0.828511 0.376558 3.069414 
1.999998 4.535000 0.828511 0.375730 3.069414 
1.999998 4.525000 0.828511 0.374901 3.069414 
1.999998 4.515000 0.828511 0.374073 3.069414 
1.999998 4.505000 0.828511 0.373244 3.069414 
1.999998 4.495000 0.828511 0.372416 3.069414 
1.999998 4.485000 0.828511 0.371587 3.069414 
1.999998 4.475000 0.828511 0.370759 3.069414 
1.999998 4.465000 0.828511 0.369930 3.069414 
1.999998 4.455000 0.828511 0.369102 3.069414 
1.999998 4.445000 0.828511 0.368273 3.069414 
1.999998 4.435000 0.828511 0.367445 3.069414 
1.999998 4.425000 0.828511 0.366616 3.069414 
1.999998 4.415000 0.828511 0.365788 3.069414 
1.999998 4.405000 0.828511 0.364959 3.069414 
1.999998 4.395000 0.828511 0.364131 3.069414 
1.999998 4.385000 0.828511 0.363302 3.069414 
1.999998 4.375000 0.828511 0.362474 3.069414 
1.999998 4.365000 0.828511 0.361645 3.069414 
1.999998 4.355000 0.828511 0.360817 3.069414 
1.999998 4.345000 0.828511 0.359988 3.069414 
1.999998 4.335000 0.828511 0.359160 3.069414 
1.999998 4.325000 0.828511 0.358331 3.069414 
1.999998 4.315000 0.828511 0.357503 3.069414 
1.999998 4.305000 0.828511 0.356674 3.069414 
1.999998 4.295000 0.828511 0.355846 3.069414 
1.999998 4.285000 0.828511 0.355017 3.069414 
1.999998 4.275000 0.828511 0.354189 3.069414 
1.999998 4.265000 0.828511 0.353360 3.069414 
1.999998 4.255000 0.828511 0.352532 3.069414 
1.999998 4.245000 0.828511 0.351703 3.069414 
1.999998 4.235000 0.828511 0.350875 3.069414 
1.999998 4.225000 0.828511 0.350046 3.069414 
1.999998 4.215000 0.828511 0.349218 3.069414 
1.999998 4.205000 0.828511 0.348389 3.069414 
1.999998 4.195000 0.828511 0.347561 3.069414 
1.999998 4.185000 0.828511 0.346732 3.069414 
1.999998 4.175000 0.828511 0.345904 3.069414 
1.999998 4.165000 0.828511 0.345075 3.069414 
1.999998 4.155000 0.828511 0.344247 3.069414 
1.999998 4.145000 0.828511 0.343418 3.069414 
1.999998 4.135000 0.828511 0.342589 3.069414 
1.999998 4.125000 0.828511 0.341761 3.069414 
1.999998 4.115000 0.828511 0.340932 3.069414 
1.999998 4.105000 0.828511 0.340104 3.069414 
1.999998 4.095000 0.828511 0.339275 3.069414 
1.999998 4.085000 0.828511 0.338447 3.069414 
1.999998 4.075000 0.828511 0.337618 3.069414 
1.999998 4.065000 0.828511 0.336790 3.069414 
1.999998 4.055000 0.828511 0.335961 3.069414 
1.999998 4.045000 0.828511 0.335133 3.069414 
1.999998 4.035000 0.828511 0.334304 3.069414 
1.999998 4.025000 0.828511 0.333476 3.069414 
1.999998 4.015000 0.828511 0.332647 3.069414 
1.999998 4.005000 0.828511 0.331819 3.069414 
1.999998 3.995000 0.828511 0.330990 3.069414 
1.999998 3.985000 0.828511 0.330162 3.069414 
1.999998 3.975000 0.828511 0.329333 3.069414 
1.999998 3.965000 0.828511 0.328505 3.069414 
1.999998 3.955000 0.828511 0.327676 3.069414 
1.999998 3.945000 0.828511 0.326848 3.069414 
1.999998 3.935000 0.828511 0.326019 3.069414 
1.999998 3.925000 0.828511 0.325191 3.069414 
1.999998 3.915000 0.828511 0.324362 3.069414 
1.999998 3.905000 0.828511 0.323534 3.069414 
1.999998 3.895000 0.828511 0.322705 3.069414 
1.999998 3.885000 0.828511 0.321877 3.069414 
1.999998 3.875000 0.828511 0.321048 3.069414 
1.999998 3.865000 0.828511 0.320220 3.069414 
1.999998 3.855000 0.828511 0.319391 3.069414 
1.999998 3.845000 0.828511 0.318563 3.069414 
1.999998 3.835000 0.828511 0.317734 3.069414 
1.999998 3.825000 0.828511 0.316906 3.069414 
1.999998 3.815000 0.828511 0.316077 3.069414 
1.999998 3.805000 0.828511 0.315249 3.069414 
1.999998 3.795000 0.828511 0.314420 3.069414 
1.999998 3.785000 0.828511 0.313592 3.069414 
1.999998 3.775000 0.828511 0.312763 3.069414 
1.999998 3.765000 0.828511 0.311935 3.069414 
1.999998 3.755000 0.828511 0.311106 3.069414 
1.999998 3.745000 0.828511 0.310278 3.069414 
1.999998 3.735000 0.828511 0.309449 3.069414 
1.999998 3.725000 0.828511 0.308621 3.069414 
1.999998 3.715000 0.828511 0.307792 3.069414 
1.999998 3.705000 0.828511 0.306964 3.069414 
1.999998 3.695000 0.828511 0.306135 3.069414 
1.999998 3.685000 0.828511 0.305306 3.069414 
1.999998 3.675000 0.828511 0.304478 3.069414 
1.999998 3.665000 0.828511 0.303649 3.069414 
1.999998 3.655000 0.828511 0.302821 3.069414 
1.999998 3.645000 0.828511 0.301992 3.069414 
1.999998 3.635000 0.828511 0.301164 3.069414 
1.999998 3.625000 0.828511 0.300335 3.069414 
1.999998 3.615000 0.828511 0.299507 3.069414 
1.999998 3.605000 0.828511 0.298678 3.069414 
1.999998 3.595000 0.828511 0.297850 3.069414 
1.999998 3.585000 0.828511 0.297021 3.069414 
1.999998 3.575000 0.828511 0.296193 3.069414 
1.999998 3.565000 0.828511 0.295364 3.069414 
1.999998 3.555000 0.828511 0.294536 3.069414 
1.999998 3.545000 0.828511 0.293707 3.069414 
1.999998 3.535000 0.828511 0.292879 3.069414 
1.999998 3.525000 0.828511 0.292050 3.069414 
1.999998 3.515000 0.828511 0.291222 3.069414 
1.999998 3.505000 0.828511 0.290393 3.069414 
1.999998 3.495000 0.828511 0.289565 3.069414 
1.999998 3.485000 0.828511 0.288736 3.069414 
1.999998 3.475000 0.828511 0.287908 3.069414 
1.999998 3.465000 0.828511 0.287079 3.069414 
1.999998 3.455000 0.828511 0.286251 3.069414 
1.999998 3.445000 0.828511 0.285422 3.069414 
1.999998 3.435000 0.828511 0.284594 3.069414 
1.999998 3.425000 0.828511 0.283765 3.069414 
1.999998 3.415000 0.828511 0.282937 3.069414 
1.999998 3.405000 0.828511 0.282108 3.069414 
1.999998 3.395000 0.828511 0.281280 3.069414 
1.999998 3.385000 0.828511 0.280451 3.069414 
1.999998 3.375000 0.828511 0.279623 3.069414 
1.999998 3.365000 0.828511 0.278794 3.069414 
1.999998 3.355000 0.828511 0.277966 3.069414 
1.999998 3.345000 0.828511 0.277137 3.069414 
1.999998 3.335000 0.828511 0.276309 3.069414 
1.999998 3.325000 0.828511 0.275480 3.069414 
1.999998 3.315000 0.828511 0.274652 3.069414 
1.999998 3.305000 0.828511 0.273823 3.069414 
1.999998 3.295000 0.828511 0.272995 3.069414 
1.999998 3.285000 0.828511 0.272166 3.069414 
1.999998 3.275000 0.828511 0.271338 3.069414 
1.999998 3.265000 0.828511 0.270509 3.069414 
1.999998 3.255000 0.828511 0.269680 3.069414 
1.999998 3.245000 0.828511 0.268852 3.069414 
1.999998 3.235000 0.828511 0.268023 3.069414 
1.999998 3.225000 0.828511 0.267195 3.069414 
1.999998 3.215000 0.828511 0.266366 3.069414 
1.999998 3.205000 0.828511 0.265538 3.069414 
1.999998 3.195000 0.828511 0.264709 3.069414 
1.999998 3.185000 0.828511 0.263881 3.069414 
1.999998 3.175000 0.828511 0.263052 3.069414 
1.999998 3.165000 0.828511 0.262224 3.069414 
1.999998 3.155000 0.828511 0.261395 3.069414 
1.999998 3.145000 0.828511 0.260567 3.069414 
1.999998 3.135000 0.828511 0.259738 3.069414 
1.999998 3.125000 0.828511 0.258910 3.069414 
1.999998 3.115000 0.828511 0.258081 3.069414 
1.999998 3.105000 0.828511 0.257253 3.069414 
1.999998 3.095000 0.828511 0.256424 3.069414 
1.999998 3.085000 0.828511 0.255596 3.069414 
1.999998 3.075000 0.828511 0.254767 3.069414 
1.999989 3.065000 0.828511 0.253939 2.484090 
1.999989 3.055000 0.828511 0.253110 2.484090 
1.999989 3.045000 0.828511 0.252282 2.484090 
1.999989 3.035000 0.828511 0.251453 2.484090 
1.999989 3.025000 0.828511 0.250625 2.484090 
1.999989 3.015000 0.828511 0.249796 2.484090 
1.999989 3.005000 0.828511 0.248968 2.484090 
1.999989 2.995000 0.828511 0.248139 2.484090 
1.999989 2.985000 0.828511 0.247311 2.484090 
1.999989 2.975000 0.828511 0.246482 2.484090 
1.999989 2.965000 0.828511 0.245654 2.484090 
1.999989 2.955000 0.828511 0.244825 2.484090 
1.999989 2.945000 0.828511 0.243997 2.484090 
1.999989 2.935000 0.828511 0.243168 2.484090 
1.999989 2.925000 0.828511 0.242340 2.484090 
1.999989 2.915000 0.828511 0.241511 2.484090 
1.999989 2.905000 0.828511 0.240683 2.484090 
1.999989 2.895000 0.828511 0.239854 2.484090 
1.999989 2.885000 0.828511 0.239026 2.484090 
1.999989 2.875000 0.828511 0.238197 2.484090 
1.999989 2.865000 0.828511 0.237369 2.484090 
1.999989 2.855000 0.828511 0.236540 2.484090 
1.999989 2.845000 0.828511 0.235712 2.484090 
1.999989 2.835000 0.828511 0.234883 2.484090 
1.999989 2.825000 0.828511 0.234054 2.484090 
1.999989 2.815000 0.828511 0.233226 2.484090 
1.999989 2.805000 0.828511 0.232397 2.484090 
1.999989 2.795000 0.828511 0.231569 2.484090 
1.999989 2.785000 0.828511 0.230740 2.484090 
1.999989 2.775000 0.828511 0.229912 2.484090 
1.999989 2.765000 0.828511 0.229083 2.484090 
1.999989 2.755000 0.828511 0.228255 2.484090 
1.999989 2.745000 0.828511 0.227426 2.484090 
1.999989 2.735000 0.828511 0.226598 2.484090 
1.999989 2.725000 0.828511 0.225769 2.484090 
1.999989 2.715000 0.828511 0.224941 2.484090 
1.999989 2.705000 0.828511 0.224112 2.484090 
1.999989 2.695000 0.828511 0.223284 2.484090 
1.999989 2.685000 0.828511 0.222455 2.484090 
1.999989 2.675000 0.828511 0.221627 2.484090 
1.999989 2.665000 0.828511 0.220798 2.484090 
1.999989 2.655000 0.828511 0.219970 2.484090 
1.999989 2.645000 0.828511 0.219141 2.484090 
1.999989 2.635000 0.828511 0.218313 2.484090 
1.999989 2.625000 0.828511 0.217484 2.484090 
1.999989 2.615000 0.828511 0.216656 2.484090 
1.999989 2.605000 0.828511 0.215827 2.484090 
1.999989 2.595000 0.828511 0.214999 2.484090 
1.999989 2.585000 0.828511 0.214170 2.484090 
1.999989 2.575000 0.828511 0.213342 2.484090 
1.999989 2.565000 0.828511 0.212513 2.484090 
1.999989 2.555000 0.828511 0.211685 2.484090 
1.999989 2.545000 0.828511 0.210856 2.484090 
1.999989 2.535000 0.828511 0.210028 2.484090 
1.999989 2.525000 0.828511 0.209199 2.484090 
1.999989 2.515000 0.828511 0.208371 2.484090 
1.999989 2.505000 0.828511 0.207542 2.484090 
1.999989 2.495000 0.828511 0.206714 2.484090 
1.999989 2.485000 0.828511 0.205885 2.484090 
1.999973 2.475000 0.828511 0.205057 2.177288 
1.999973 2.465000 0.828511 0.204228 2.177288 
1.999973 2.455000 0.828511 0.203400 2.177288 
1.999973 2.445000 0.828511 0.202571 2.177288 
1.999973 2.435000 0.828511 0.201743 2.177288 
1.999973 2.425000 0.828511 0.200914 2.177288 
1.999973 2.415000 0.828511 0.200086 2.177288 
1.999973 2.405000 0.828511 0.199257 2.177288 
1.999973 2.395000 0.828511 0.198428 2.177288 
1.999973 2.385000 0.828511 0.197600 2.177288 
1.999973 2.375000 0.828511 0.196771 2.177288 
1.999973 2.365000 0.828511 0.195943 2.177288 
1.999973 2.355000 0.828511 0.195114 2.177288 
1.999973 2.345000 0.828511 0.194286 2.177288 
1.999973 2.335000 0.828511 0.193457 2.177288 
1.999973 2.325000 0.828511 0.192629 2.177288 
1.999973 2.315000 0.828511 0.191800 2.177288 
1.999973 2.305000 0.828511 0.190972 2.177288 
1.999973 2.295000 0.828511 0.190143 2.177288 
1.999973 2.285000 0.828511 0.189315 2.177288 
1.999973 2.275000 0.828511 0.188486 2.177288 
1.999973 2.265000 0.828511 0.187658 2.177288 
1.999973 2.255000 0.828511 0.186829 2.177288 
1.999973 2.245000 0.828511 0.186001 2.177288 
1.999973 2.235000 0.828511 0.185172 2.177288 
1.999973 2.225000 0.828511 0.184344 2.177288 
1.999973 2.215000 0.828511 0.183515 2.177288 
1.999973 2.205000 0.828511 0.182687 2.177288 
1.999973 2.195000 0.828511 0.181858 2.177288 
1.999973 2.185000 0.828511 0.181030 2.177288 
1.999949 2.175000 0.828511 0.180201 1.967969 
1.999949 2.165000 0.828511 0.179373 1.967969 
1.999949 2.155000 0.828511 0.178544 1.967969 
1.999949 2.145000 0.828511 0.177716 1.967969 
1.999949 2.135000 0.828511 0.176887 1.967969 
1.999949 2.125000 0.828511 0.176059 1.967969 
1.999949 2.115000 0.828511 0.175230 1.967969 
1.999949 2.105000 0.828511 0.174402 1.967969 
1.999949 2.095000 0.828511 0.173573 1.967969 
1.999949 2.085000 0.828511 0.172745 1.967969 
1.999949 2.075000 0.828511 0.171916 1.967969 
1.999949 2.065000 0.828511 0.171088 1.967969 
1.999949 2.055000 0.828511 0.170259 1.967969 
1.999949 2.045000 0.828511 0.169431 1.967969 
1.999949 2.035000 0.828511 0.168602 1.967969 
1.999949 2.025000 0.828511 0.167774 1.967969 
1.999949 2.015000 0.828511 0.166945 1.967969 
1.999949 2.005000 0.828511 0.166117 1.967969 
1.999949 1.995000 0.828511 0.165288 1.967969 
1.999949 1.985000 0.828511 0.164460 1.967969 
1.999949 1.975000 0.828511 0.163631 1.967969 
1.999917 1.965000 0.828511 0.162803 1.808898 
1.999917 1.955000 0.828511 0.161974 1.808898 
1.999917 1.945000 0.828511 0.161145 1.808898 
1.999917 1.935000 0.828511 0.160317 1.808898 
1.999917 1.925000 0.828511 0.159488 1.808898 
1.999917 1.915000 0.828511 0.158660 1.808898 
1.999917 1.905000 0.828511 0.157831 1.808898 
1.999917 1.895000 0.828511 0.157003 1.808898 
1.999917 1.885000 0.828511 0.156174 1.808898 
1.999917 1.875000 0.828511 0.155346 1.808898 
1.999917 1.865000 0.828511 0.154517 1.808898 
1.999917 1.855000 0.828511 0.153689 1.808898 
1.999917 1.845000 0.828511 0.152860 1.808898 
1.999917 1.835000 0.828511 0.152032 1.808898 
1.999917 1.825000 0.828511 0.151203 1.808898 
1.999917 1.815000 0.828511 0.150375 1.808898 
1.999878 1.805000 0.828511 0.149546 1.680557 
1.999878 1.795000 0.828511 0.148718 1.680557 
1.999878 1.785000 0.828511 0.147889 1.680557 
1.999878 1.775000 0.828511 0.147061 1.680557 
1.999878 1.765000 0.828511 0.146232 1.680557 
1.999878 1.755000 0.828511 0.145404 1.680557 
1.999878 1.745000 0.828511 0.144575 1.680557 
1.999878 1.735000 0.828511 0.143747 1.680557 
1.999878 1.725000 0.828511 0.142918 1.680557 
1.999878 1.715000 0.828511 0.142090 1.680557 
1.999878 1.705000 0.828511 0.141261 1.680557 
1.999878 1.695000 0.828511 0.140433 1.680557 
1.999878 1.685000 0.828511 0.139604 1.680557 
1.999832 1.675000 0.828511 0.138776 1.572971 
1.999832 1.665000 0.828511 0.137947 1.572971 
1.999832 1.655000 0.828511 0.137119 1.572971 
1.999832 1.645000 0.828511 0.136290 1.572971 
1.999832 1.635000 0.828511 0.135462 1.572971 
1.999832 1.625000 0.828511 0.134633 1.572971 
1.999832 1.615000 0.828511 0.133805 1.572971 
1.999832 1.605000 0.828511 0.132976 1.572971 
1.999832 1.595000 0.828511 0.132148 1.572971 
1.999832 1.585000 0.828511 0.131319 1.572971 
1.999832 1.575000 0.828511 0.130491 1.572971 
1.999778 1.565000 0.828511 0.129662 1.480350 
1.999778 1.555000 0.828511 0.128834 1.480350 
1.999778 1.545000 0.828511 0.128005 1.480350 
1.999778 1.535000 0.828511 0.127177 1.480350 
1.999778 1.525000 0.828511 0.126348 1.480350 
1.999778 1.515000 0.828511 0.125519 1.480350 
1.999778 1.505000 0.828511 0.124691 1.480350 
1.999778 1.495000 0.828511 0.123862 1.480350 
1.999778 1.485000 0.828511 0.123034 1.480350 
1.999717 1.475000 0.828511 0.122205 1.399033 
1.999717 1.465000 0.828511 0.121377 1.399033 
1.999717 1.455000 0.828511 0.120548 1.399033 
1.999717 1.445000 0.828511 0.119720 1.399033 
1.999717 1.435000 0.828511 0.118891 1.399033 
1.999717 1.425000 0.828511 0.118063 1.399033 
1.999717 1.415000 0.828511 0.117234 1.399033 
1.999717 1.405000 0.828511 0.116406 1.399033 
1.999648 1.395000 0.828511 0.115577 1.326556 
1.999648 1.385000 0.828511 0.114749 1.326556 
1.999648 1.375000 0.828511 0.113920 1.326556 
1.999648 1.365000 0.828511 0.113092 1.326556 
1.999648 1.355000 0.828511 0.112263 1.326556 
1.999648 1.345000 0.828511 0.111435 1.326556 
1.999648 1.335000 0.828511 0.110606 1.326556 
1.999571 1.325000 0.828511 0.109778 1.261182 
1.999571 1.315000 0.828511 0.108949 1.261182 
1.999571 1.305000 0.828511 0.108121 1.261182 
1.999571 1.295000 0.828511 0.107292 1.261182 
1.999571 1.285000 0.828511 0.106464 1.261182 
1.999571 1.275000 0.828511 0.105635 1.261182 
1.999571 1.265000 0.828511 0.104807 1.261182 
1.999488 1.255000 0.828511 0.103978 1.201642 
1.999488 1.245000 0.828511 0.103150 1.201642 
1.999488 1.235000 0.828511 0.102321 1.201642 
1.999488 1.225000 0.828511 0.101493 1.201642 
1.999488 1.215000 0.828511 0.100664 1.201642 
1.999488 1.205000 0.828511 0.099836 1.201642 
1.999396 1.195000 0.828511 0.099007 1.146977 
1.999396 1.185000 0.828511 0.098179 1.146977 
1.999396 1.175000 0.828511 0.097350 1.146977 
1.999396 1.165000 0.828511 0.096522 1.146977 
1.999396 1.155000 0.828511 0.095693 1.146977 
1.999297 1.145000 0.828511 0.094865 1.096447 
1.999297 1.135000 0.828511 0.094036 1.096447 
1.999297 1.125000 0.828511 0.093208 1.096447 
1.999297 1.115000 0.828511 0.092379 1.096447 
1.999297 1.105000 0.828511 0.091551 1.096447 
1.999191 1.095000 0.828511 0.090722 1.049469 
1.999191 1.085000 0.828511 0.089893 1.049469 
1.999191 1.075000 0.828511 0.089065 1.049469 
1.999191 1.065000 0.828511 0.088236 1.049469 
1.999191 1.055000 0.828511 0.087408 1.049469 
1.999077 1.045000 0.828511 0.086579 1.005576 
1.999077 1.035000 0.828511 0.085751 1.005576 
1.999077 1.025000 0.828511 0.084922 1.005576 
1.999077 1.015000 0.828511 0.084094 1.005576 
1.998956 1.005000 0.828511 0.083265 0.964386 
1.998956 0.995000 0.828511 0.082437 0.964386 
1.998956 0.985000 0.828511 0.081608 0.964386 
1.998956 0.975000 0.828511 0.080780 0.964386 
1.998956 0.965000 0.828511 0.079951 0.964386 
1.998828 0.955000 0.828511 0.079123 0.925584 
1.998828 0.945000 0.828511 0.078294 0.925584 
1.998828 0.935000 0.828511 0.077466 0.925584 
1.998691 0.925000 0.828511 0.076637 0.888908 
1.998691 0.915000 0.828511 0.075809 0.888908 
1.998691 0.905000 0.828511 0.074980 0.888908 
1.998691 0.895000 0.828511 0.074152 0.888908 
1.998548 0.885000 0.828511 0.073323 0.854135 
1.998548 0.875000 0.828511 0.072495 0.854135 
1.998548 0.865000 0.828511 0.071666 0.854135 
1.998548 0.855000 0.828511 0.070838 0.854135 
1.998397 0.845000 0.828511 0.070009 0.821076 
1.998397 0.835000 0.828511 0.069181 0.821076 
1.998397 0.825000 0.828511 0.068352 0.821076 
1.998238 0.815000 0.828511 0.067524 0.789571 
1.998238 0.805000 0.828511 0.066695 0.789571 
1.998238 0.795000 0.828511 0.065867 0.789571 
1.998072 0.785000 0.828511 0.065038 0.759478 
1.998072 0.775000 0.828511 0.064210 0.759478 
1.998072 0.765000 0.828511 0.063381 0.759478 
1.997898 0.755000 0.828511 0.062553 0.730675 
1.997898 0.745000 0.828511 0.061724 0.730675 
1.997898 0.735000 0.828511 0.060896 0.730675 
1.997717 0.725000 0.828511 0.060067 0.703056 
1.997717 0.715000 0.828511 0.059239 0.703056 
1.997717 0.705000 0.828511 0.058410 0.703056 
1.997529 0.695000 0.828511 0.057582 0.676526 
1.997529 0.685000 0.828511 0.056753 0.676526 
1.997332 0.675000 0.828511 0.055925 0.651003 
1.997332 0.665000 0.828511 0.055096 0.651003 
1.997332 0.655000 0.828511 0.054268 0.651003 
1.997129 0.645000 0.828511 0.053439 0.626410 
1.997129 0.635000 0.828511 0.052610 0.626410 
1.996918 0.625000 0.828511 0.051782 0.602684 
1.996918 0.615000 0.828511 0.050953 0.602684 
1.996918 0.605000 0.828511 0.050125 0.602684 
1.996699 0.595000 0.828511 0.049296 0.579763 
1.996699 0.585000 0.828511 0.048468 0.579763 
1.996473 0.575000 0.828511 0.047639 0.557595 
1.996473 0.565000 0.828511 0.046811 0.557595 
1.996240 0.555000 0.828511 0.045982 0.536130 
1.996240 0.545000 0.828511 0.045154 0.536130 
1.995999 0.535000 0.828511 0.044325 0.515326 
1.995999 0.525000 0.828511 0.043497 0.515326 
1.995750 0.515000 0.828511 0.042668 0.495141 
1.995750 0.505000 0.828511 0.041840 0.495141 
1.995494 0.495000 0.828511 0.041011 0.475540 
1.995494 0.485000 0.828511 0.040183 0.475540 
1.995231 0.475000 0.828511 0.039354 0.456489 
1.995231 0.465000 0.828511 0.038526 0.456489 
1.994960 0.455000 0.828511 0.037697 0.437958 
1.994960 0.445000 0.828511 0.036869 0.437958 
1.994681 0.435000 0.828511 0.036040 0.419919 
1.994681 0.425000 0.828511 0.035212 0.419919 
1.994395 0.415000 0.828511 0.034383 0.402345 
1.994395 0.405000 0.828511 0.033555 0.402345 
1.994102 0.395000 0.828511 0.032726 0.385212 
1.993801 0.385000 0.828511 0.031898 0.368500 
1.993801 0.375000 0.828511 0.031069 0.368500 
1.993492 0.365000 0.828511 0.030241 0.352186 
1.993492 0.355000 0.828511 0.029412 0.352186 
1.993176 0.345000 0.828511 0.028584 0.336252 
1.992853 0.335000 0.828511 0.027755 0.320681 
1.992853 0.325000 0.828511 0.026927 0.320681 
1.992522 0.315000 0.828511 0.026098 0.305455 
1.992183 0.305000 0.828511 0.025270 0.290559 
1.992183 0.295000 0.828511 0.024441 0.290559 
1.991837 0.285000 0.828511 0.023613 0.275980 
1.991483 0.275000 0.828511 0.022784 0.261702 
1.991483 0.265000 0.828511 0.021956 0.261702 
1.991122 0.255000 0.828511 0.021127 0.247714 
1.990754 0.245000 0.828511 0.020299 0.234004 
1.990754 0.235000 0.828511 0.019470 0.234004 
1.990377 0.225000 0.828511 0.018642 0.220560 
1.989994 0.215000 0.828511 0.017813 0.207372 
1.989603 0.205000 0.828511 0.016984 0.194430 
1.989603 0.195000 0.828511 0.016156 0.194430 
1.989204 0.185000 0.828511 0.015327 0.181725 
1.988798 0.175000 0.828511 0.014499 0.169248 
1.988384 0.165000 0.828511 0.013670 0.156990 
1.987963 0.155000 0.828511 0.012842 0.144943 
1.987963 0.145000 0.828511 0.012013 0.144943 
1.987534 0.135000 0.828511 0.011185 0.133100 
1.987097 0.125000 0.828511 0.010356 0.121455 
1.986654 0.115000 0.828511 0.009528 0.109999 
1.986202 0.105000 0.828511 0.008699 0.098727 
1.985743 0.095000 0.828511 0.007871 0.087632 
1.985277 0.085000 0.828511 0.007042 0.076709 
1.984803 0.075000 0.828511 0.006214 0.065953 
1.984321 0.065000 0.828511 0.005385 0.055357 
1.983832 0.055000 0.828511 0.004557 0.044917 
1.983832 0.045000 0.828511 0.003728 0.044917 
1.983335 0.035000 0.828511 0.002900 0.034628 
1.982831 0.025000 0.828511 0.002071 0.024485 
1.982319 0.015000 0.828511 0.001243 0.014484 
