1.999998 9.985000 0.384561 0.383984 2.557728 
1.999998 9.975000 0.384561 0.383600 2.557728 
1.999998 9.965000 0.384561 0.383215 2.557728 
1.999998 9.955000 0.384561 0.382830 2.557728 
1.999998 9.945000 0.384561 0.382446 2.557728 
1.999998 9.935000 0.384561 0.382061 2.557728 
1.999998 9.925000 0.384561 0.381677 2.557728 
1.999998 9.915000 0.384561 0.381292 2.557728 
1.999998 9.905000 0.384561 0.380908 2.557728 
1.999998 9.895000 0.384561 0.380523 2.557728 
1.999998 9.885000 0.384561 0.380139 2.557728 
1.999998 9.875000 0.384561 0.379754 2.557728 
1.999998 9.865000 0.384561 0.379369 2.557728 
1.999998 9.855000 0.384561 0.378985 2.557728 
1.999998 9.845000 0.384561 0.378600 2.557728 
1.999998 9.835000 0.384561 0.378216 2.557728 
1.999998 9.825000 0.384561 0.377831 2.557728 
1.999998 9.815000 0.384561 0.377447 2.557728 
1.999998 9.805000 0.384561 0.377062 2.557728 
1.999998 9.795000 0.384561 0.376677 2.557728 
1.999998 9.785000 0.384561 0.376293 2.557728 
1.999998 9.775000 0.384561 0.375908 2.557728 
1.999998 9.765000 0.384561 0.375524 2.557728 
1.999998 9.755000 0.384561 0.375139 2.557728 
1.999998 9.745000 0.384561 0.374755 2.557728 
1.999998 9.735000 0.384561 0.374370 2.557728 
1.999998 9.725000 0.384561 0.373986 2.557728 
1.999998 9.715000 0.384561 0.373601 2.557728 
1.999998 9.705000 0.384561 0.373216 2.557728 
1.999998 9.695000 0.384561 0.372832 2.557728 
1.999998 9.685000 0.384561 0.372447 2.557728 
1.999998 9.675000 0.384561 0.372063 2.557728 
1.999998 9.665000 0.384561 0.371678 2.557728 
1.999998 9.655000 0.384561 0.371294 2.557728 
1.999998 9.645000 0.384561 0.370909 2.557728 
1.999998 9.635000 0.384561 0.370524 2.557728 
1.999998 9.625000 0.384561 0.370140 2.557728 
1.999998 9.615000 0.384561 0.369755 2.557728 
1.999998 9.605000 0.384561 0.369371 2.557728 
1.999998 9.595000 0.384561 0.368986 2.557728 
1.999998 9.585000 0.384561 0.368602 2.557728 
1.999998 9.575000 0.384561 0.368217 2.557728 
1.999998 9.565000 0.384561 0.367833 2.557728 
1.999998 9.555000 0.384561 0.367448 2.557728 
1.999998 9.545000 0.384561 0.367063 2.557728 
1.999998 9.535000 0.384561 0.366679 2.557728 
1.999998 9.525000 0.384561 0.366294 2.557728 
1.999998 9.515000 0.384561 0.365910 2.557728 
1.999998 9.505000 0.384561 0.365525 2.557728 
1.999998 9.495000 0.384561 0.365141 2.557728 
1.999998 9.485000 0.384561 0.364756 2.557728 
1.999998 9.475000 0.384561 0.364372 2.557728 
1.999998 9.465000 0.384561 0.363987 2.557728 
1.999998 9.455000 0.384561 0.363602 2.557728 
1.999998 9.445000 0.384561 0.363218 2.557728 
1.999998 9.435000 0.384561 0.362833 2.557728 
1.999998 9.425000 0.384561 0.362449 2.557728 
1.999998 9.415000 0.384561 0.362064 2.557728 
1.999998 9.405000 0.384561 0.361680 2.557728 
1.999998 9.395000 0.384561 0.361295 2.557728 
1.999998 9.385000 0.384561 0.360910 2.557728 
1.999998 9.375000 0.384561 0.360526 2.557728 
1.999998 9.365000 0.384561 0.360141 2.557728 
1.999998 9.355000 0.384561 0.359757 2.557728 
1.999998 9.345000 0.384561 0.359372 2.557728 
1.999998 9.335000 0.384561 0.358988 2.557728 
1.999998 9.325000 0.384561 0.358603 2.557728 
1.999998 9.315000 0.384561 0.358219 2.557728 
1.999998 9.305000 0.384561 0.357834 2.557728 
1.999998 9.295000 0.384561 0.357449 2.557728 
1.999998 9.285000 0.384561 0.357065 2.557728 
1.999998 9.275000 0.384561 0.356680 2.557728 
1.999998 9.265000 0.384561 0.356296 2.557728 
1.999998 9.255000 0.384561 0.355911 2.557728 
1.999998 9.245000 0.384561 0.355527 2.557728 
1.999998 9.235000 0.384561 0.355142 2.557728 
1.999998 9.225000 0.384561 0.354757 2.557728 
1.999998 9.215000 0.384561 0.354373 2.557728 
1.999998 9.205000 0.384561 0.353988 2.557728 
1.999998 9.195000 0.384561 0.353604 2.557728 
1.999998 9.185000 0.384561 0.353219 2.557728 
1.999998 9.175000 0.384561 0.352835 2.557728 
1.999998 9.165000 0.384561 0.352450 2.557728 
1.999998 9.155000 0.384561 0.352066 2.557728 
1.999998 9.145000 0.384561 0.351681 2.557728 
1.999998 9.135000 0.384561 0.351296 2.557728 
1.999998 9.125000 0.384561 0.350912 2.557728 
1.999998 9.115000 0.384561 0.350527 2.557728 
1.999998 9.105000 0.384561 0.350143 2.557728 
1.999998 9.095000 0.384561 0.349758 2.557728 
1.999998 9.085000 0.384561 0.349374 2.557728 
1.999998 9.075000 0.384561 0.348989 2.557728 
1.999998 9.065000 0.384561 0.348605 2.557728 
1.999998 9.055000 0.384561 0.348220 2.557728 
1.999998 9.045000 0.384561 0.347835 2.557728 
1.999998 9.035000 0.384561 0.347451 2.557728 
1.999998 9.025000 0.384561 0.347066 2.557728 
1.999998 9.015000 0.384561 0.346682 2.557728 
1.999998 9.005000 0.384561 0.346297 2.557728 
1.999998 8.995000 0.384561 0.345913 2.557728 
1.999998 8.985000 0.384561 0.345528 2.557728 
1.999998 8.975000 0.384561 0.345143 2.557728 
1.999998 8.965000 0.384561 0.344759 2.557728 
1.999998 8.955000 0.384561 0.344374 2.557728 
1.999998 8.945000 0.384561 0.343990 2.557728 
1.999998 8.935000 0.384561 0.343605 2.557728 
1.999998 8.925000 0.384561 0.343221 2.557728 
1.999998 8.915000 0.384561 0.342836 2.557728 
1.999998 8.905000 0.384561 0.342452 2.557728 
1.999998 8.895000 0.384561 0.342067 2.557728 
1.999998 8.885000 0.384561 0.341682 2.557728 
1.999998 8.875000 0.384561 0.341298 2.557728 
1.999998 8.865000 0.384561 0.340913 2.557728 
1.999998 8.855000 0.384561 0.340529 2.557728 
1.999998 8.845000 0.384561 0.340144 2.557728 
1.999998 8.835000 0.384561 0.339760 2.557728 
1.999998 8.825000 0.384561 0.339375 2.557728 
1.999998 8.815000 0.384561 0.338990 2.557728 
1.999998 8.805000 0.384561 0.338606 2.557728 
1.999998 8.795000 0.384561 0.338221 2.557728 
1.999998 8.785000 0.384561 0.337837 2.557728 
1.999998 8.775000 0.384561 0.337452 2.557728 
1.999998 8.765000 0.384561 0.337068 2.557728 
1.999998 8.755000 0.384561 0.336683 2.557728 
1.999998 8.745000 0.384561 0.336299 2.557728 
1.999998 8.735000 0.384561 0.335914 2.557728 
1.999998 8.725000 0.384561 0.335529 2.557728 
1.999998 8.715000 0.384561 0.335145 2.557728 
1.999998 8.705000 0.384561 0.334760 2.557728 
1.999998 8.695000 0.384561 0.334376 2.557728 
1.999998 8.685000 0.384561 0.333991 2.557728 
1.999998 8.675000 0.384561 0.333607 2.557728 
1.999998 8.665000 0.384561 0.333222 2.557728 
1.999998 8.655000 0.384561 0.332838 2.557728 
1.999998 8.645000 0.384561 0.332453 2.557728 
1.999998 8.635000 0.384561 0.332068 2.557728 
1.999998 8.625000 0.384561 0.331684 2.557728 
1.999998 8.615000 0.384561 0.331299 2.557728 
1.999998 8.605000 0.384561 0.330915 2.557728 
1.999998 8.595000 0.384561 0.330530 2.557728 
1.999998 8.585000 0.384561 0.330146 2.557728 
1.999998 8.575000 0.384561 0.329761 2.557728 
1.999998 8.565000 0.384561 0.329376 2.557728 
1.999998 8.555000 0.384561 0.328992 2.557728 
1.999998 8.545000 0.384561 0.328607 2.557728 
1.999998 8.535000 0.384561 0.328223 2.557728 
1.999998 8.525000 0.384561 0.327838 2.557728 
1.999998 8.515000 0.384561 0.327454 2.557728 
1.999998 8.505000 0.384561 0.327069 2.557728 
1.999998 8.495000 0.384561 0.326685 2.557728 
1.999998 8.485000 0.384561 0.326300 2.557728 
1.999998 8.475000 0.384561 0.325915 2.557728 
1.999998 8.465000 0.384561 0.325531 2.557728 
1.999998 8.455000 0.384561 0.325146 2.557728 
1.999998 8.445000 0.384561 0.324762 2.557728 
1.999998 8.435000 0.384561 0.324377 2.557728 
1.999998 8.425000 0.384561 0.323993 2.557728 
1.999998 8.415000 0.384561 0.323608 2.557728 
1.999998 8.405000 0.384561 0.323223 2.557728 
1.999998 8.395000 0.384561 0.322839 2.557728 
1.999998 8.385000 0.384561 0.322454 2.557728 
1.999998 8.375000 0.384561 0.322070 2.557728 
1.999998 8.365000 0.384561 0.321685 2.557728 
1.999998 8.355000 0.384561 0.321301 2.557728 
1.999998 8.345000 0.384561 0.320916 2.557728 
1.999998 8.335000 0.384561 0.320532 2.557728 
1.999998 8.325000 0.384561 0.320147 2.557728 
1.999998 8.315000 0.384561 0.319762 2.557728 
1.999998 8.305000 0.384561 0.319378 2.557728 
1.999998 8.295000 0.384561 0.318993 2.557728 
1.999998 8.285000 0.384561 0.318609 2.557728 
1.999998 8.275000 0.384561 0.318224 2.557728 
1.999998 8.265000 0.384561 0.317840 2.557728 
1.999998 8.255000 0.384561 0.317455 2.557728 
1.999998 8.245000 0.384561 0.317071 2.557728 
1.999998 8.235000 0.384561 0.316686 2.557728 
1.999998 8.225000 0.384561 0.316301 2.557728 
1.999998 8.215000 0.384561 0.315917 2.557728 
1.999998 8.205000 0.384561 0.315532 2.557728 
1.999998 8.195000 0.384561 0.315148 2.557728 
1.999998 8.185000 0.384561 0.314763 2.557728 
1.999998 8.175000 0.384561 0.314379 2.557728 
1.999998 8.165000 0.384561 0.313994 2.557728 
1.999998 8.155000 0.384561 0.313609 2.557728 
1.999998 8.145000 0.384561 0.313225 2.557728 
1.999998 8.135000 0.384561 0.312840 2.557728 
1.999998 8.125000 0.384561 0.312456 2.557728 
1.999998 8.115000 0.384561 0.312071 2.557728 
1.999998 8.105000 0.384561 0.311687 2.557728 
1.999998 8.095000 0.384561 0.311302 2.557728 
1.999998 8.085000 0.384561 0.310918 2.557728 
1.999998 8.075000 0.384561 0.310533 2.557728 
1.999998 8.065000 0.384561 0.310148 2.557728 
1.999998 8.055000 0.384561 0.309764 2.557728 
1.999998 8.045000 0.384561 0.309379 2.557728 
1.999998 8.035000 0.384561 0.308995 2.557728 
1.999998 8.025000 0.384561 0.308610 2.557728 
1.999998 8.015000 0.384561 0.308226 2.557728 
1.999998 8.005000 0.384561 0.307841 2.557728 
1.999998 7.995000 0.384561 0.307456 2.557728 
1.999998 7.985000 0.384561 0.307072 2.557728 
1.999998 7.975000 0.384561 0.306687 2.557728 
1.999998 7.965000 0.384561 0.306303 2.557728 
1.999998 7.955000 0.384561 0.305918 2.557728 
1.999998 7.945000 0.384561 0.305534 2.557728 
1.999998 7.935000 0.384561 0.305149 2.557728 
1.999998 7.925000 0.384561 0.304765 2.557728 
1.999998 7.915000 0.384561 0.304380 2.557728 
1.999998 7.905000 0.384561 0.303995 2.557728 
1.999998 7.895000 0.384561 0.303611 2.557728 
1.999998 7.885000 0.384561 0.303226 2.557728 
1.999998 7.875000 0.384561 0.302842 2.557728 
1.999998 7.865000 0.384561 0.302457 2.557728 
1.999998 7.855000 0.384561 0.302073 2.557728 
1.999998 7.845000 0.384561 0.301688 2.557728 
1.999998 7.835000 0.384561 0.301304 2.557728 
1.999998 7.825000 0.384561 0.300919 2.557728 
1.999998 7.815000 0.384561 0.300534 2.557728 
1.999998 7.805000 0.384561 0.300150 2.557728 
1.999998 7.795000 0.384561 0.299765 2.557728 
1.999998 7.785000 0.384561 0.299381 2.557728 
1.999998 7.775000 0.384561 0.298996 2.557728 
1.999998 7.765000 0.384561 0.298612 2.557728 
1.999998 7.755000 0.384561 0.298227 2.557728 
1.999998 7.745000 0.384561 0.297842 2.557728 
1.999998 7.735000 0.384561 0.297458 2.557728 
1.999998 7.725000 0.384561 0.297073 2.557728 
1.999998 7.715000 0.384561 0.296689 2.557728 
1.999998 7.705000 0.384561 0.296304 2.557728 
1.999998 7.695000 0.384561 0.295920 2.557728 
1.999998 7.685000 0.384561 0.295535 2.557728 
1.999998 7.675000 0.384561 0.295151 2.557728 
1.999998 7.665000 0.384561 0.294766 2.557728 
1.999998 7.655000 0.384561 0.294381 2.557728 
1.999998 7.645000 0.384561 0.293997 2.557728 
1.999998 7.635000 0.384561 0.293612 2.557728 
1.999998 7.625000 0.384561 0.293228 2.557728 
1.999998 7.615000 0.384561 0.292843 2.557728 
1.999998 7.605000 0.384561 0.292459 2.557728 
1.999998 7.595000 0.384561 0.292074 2.557728 
1.999998 7.585000 0.384561 0.291689 2.557728 
1.999998 7.575000 0.384561 0.291305 2.557728 
1.999998 7.565000 0.384561 0.290920 2.557728 
1.999998 7.555000 0.384561 0.290536 2.557728 
1.999998 7.545000 0.384561 0.290151 2.557728 
1.999998 7.535000 0.384561 0.289767 2.557728 
1.999998 7.525000 0.384561 0.289382 2.557728 
1.999998 7.515000 0.384561 0.288998 2.557728 
1.999998 7.505000 0.384561 0.288613 2.557728 
1.999998 7.495000 0.384561 0.288228 2.557728 
1.999998 7.485000 0.384561 0.287844 2.557728 
1.999998 7.475000 0.384561 0.287459 2.557728 
1.999998 7.465000 0.384561 0.287075 2.557728 
1.999998 7.455000 0.384561 0.286690 2.557728 
1.999998 7.445000 0.384561 0.286306 2.557728 
1.999998 7.435000 0.384561 0.285921 2.557728 
1.999998 7.425000 0.384561 0.285537 2.557728 
1.999998 7.415000 0.384561 0.285152 2.557728 
1.999998 7.405000 0.384561 0.284767 2.557728 
1.999998 7.395000 0.384561 0.284383 2.557728 
1.999998 7.385000 0.384561 0.283998 2.557728 
1.999998 7.375000 0.384561 0.283614 2.557728 
1.999998 7.365000 0.384561 0.283229 2.557728 
1.999998 7.355000 0.384561 0.282845 2.557728 
1.999998 7.345000 0.384561 0.282460 2.557728 
1.999998 7.335000 0.384561 0.282075 2.557728 
1.999998 7.325000 0.384561 0.281691 2.557728 
1.999998 7.315000 0.384561 0.281306 2.557728 
1.999998 7.305000 0.384561 0.280922 2.557728 
1.999998 7.295000 0.384561 0.280537 2.557728 
1.999998 7.285000 0.384561 0.280153 2.557728 
1.999998 7.275000 0.384561 0.279768 2.557728 
1.999998 7.265000 0.384561 0.279384 2.557728 
1.999998 7.255000 0.384561 0.278999 2.557728 
1.999998 7.245000 0.384561 0.278614 2.557728 
1.999998 7.235000 0.384561 0.278230 2.557728 
1.999998 7.225000 0.384561 0.277845 2.557728 
1.999998 7.215000 0.384561 0.277461 2.557728 
1.999998 7.205000 0.384561 0.277076 2.557728 
1.999998 7.195000 0.384561 0.276692 2.557728 
1.999998 7.185000 0.384561 0.276307 2.557728 
1.999998 7.175000 0.384561 0.275922 2.557728 
1.999998 7.165000 0.384561 0.275538 2.557728 
1.999998 7.155000 0.384561 0.275153 2.557728 
1.999998 7.145000 0.384561 0.274769 2.557728 
1.999998 7.135000 0.384561 0.274384 2.557728 
1.999998 7.125000 0.384561 0.274000 2.557728 
1.999998 7.115000 0.384561 0.273615 2.557728 
1.999998 7.105000 0.384561 0.273231 2.557728 
1.999998 7.095000 0.384561 0.272846 2.557728 
1.999998 7.085000 0.384561 0.272461 2.557728 
1.999998 7.075000 0.384561 0.272077 2.557728 
1.999998 7.065000 0.384561 0.271692 2.557728 
1.999998 7.055000 0.384561 0.271308 2.557728 
1.999998 7.045000 0.384561 0.270923 2.557728 
1.999998 7.035000 0.384561 0.270539 2.557728 
1.999998 7.025000 0.384561 0.270154 2.557728 
1.999998 7.015000 0.384561 0.269770 2.557728 
1.999998 7.005000 0.384561 0.269385 2.557728 
1.999998 6.995000 0.384561 0.269000 2.557728 
1.999998 6.985000 0.384561 0.268616 2.557728 
1.999998 6.975000 0.384561 0.268231 2.557728 
1.999998 6.965000 0.384561 0.267847 2.557728 
1.999998 6.955000 0.384561 0.267462 2.557728 
1.999998 6.945000 0.384561 0.267078 2.557728 
1.999998 6.935000 0.384561 0.266693 2.557728 
1.999998 6.925000 0.384561 0.266308 2.557728 
1.999998 6.915000 0.384561 0.265924 2.557728 
1.999998 6.905000 0.384561 0.265539 2.557728 
1.999998 6.895000 0.384561 0.265155 2.557728 
1.999998 6.885000 0.384561 0.264770 2.557728 
1.999998 6.875000 0.384561 0.264386 2.557728 
1.999998 6.865000 0.384561 0.264001 2.557728 
1.999998 6.855000 0.384561 0.263617 2.557728 
1.999998 6.845000 0.384561 0.263232 2.557728 
1.999998 6.835000 0.384561 0.262847 2.557728 
1.999998 6.825000 0.384561 0.262463 2.557728 
1.999998 6.815000 0.384561 0.262078 2.557728 
1.999998 6.805000 0.384561 0.261694 2.557728 
1.999998 6.795000 0.384561 0.261309 2.557728 
1.999998 6.785000 0.384561 0.260925 2.557728 
1.999998 6.775000 0.384561 0.260540 2.557728 
1.999998 6.765000 0.384561 0.260155 2.557728 
1.999998 6.755000 0.384561 0.259771 2.557728 
1.999998 6.745000 0.384561 0.259386 2.557728 
1.999998 6.735000 0.384561 0.259002 2.557728 
1.999998 6.725000 0.384561 0.258617 2.557728 
1.999998 6.715000 0.384561 0.258233 2.557728 
1.999998 6.705000 0.384561 0.257848 2.557728 
1.999998 6.695000 0.384561 0.257464 2.557728 
1.999998 6.685000 0.384561 0.257079 2.557728 
1.999998 6.675000 0.384561 0.256694 2.557728 
1.999998 6.665000 0.384561 0.256310 2.557728 
1.999998 6.655000 0.384561 0.255925 2.557728 
1.999998 6.645000 0.384561 0.255541 2.557728 
1.999998 6.635000 0.384561 0.255156 2.557728 
1.999998 6.625000 0.384561 0.254772 2.557728 
1.999998 6.615000 0.384561 0.254387 2.557728 
1.999998 6.605000 0.384561 0.254003 2.557728 
1.999998 6.595000 0.384561 0.253618 2.557728 
1.999998 6.585000 0.384561 0.253233 2.557728 
1.999998 6.575000 0.384561 0.252849 2.557728 
1.999998 6.565000 0.384561 0.252464 2.557728 
1.999998 6.555000 0.384561 0.252080 2.557728 
1.999998 6.545000 0.384561 0.251695 2.557728 
1.999998 6.535000 0.384561 0.251311 2.557728 
1.999998 6.525000 0.384561 0.250926 2.557728 
1.999998 6.515000 0.384561 0.250541 2.557728 
1.999998 6.505000 0.384561 0.250157 2.557728 
1.999998 6.495000 0.384561 0.249772 2.557728 
1.999998 6.485000 0.384561 0.249388 2.557728 
1.999998 6.475000 0.384561 0.249003 2.557728 
1.999998 6.465000 0.384561 0.248619 2.557728 
1.999998 6.455000 0.384561 0.248234 2.557728 
1.999998 6.445000 0.384561 0.247850 2.557728 
1.999998 6.435000 0.384561 0.247465 2.557728 
1.999998 6.425000 0.384561 0.247080 2.557728 
1.999998 6.415000 0.384561 0.246696 2.557728 
1.999998 6.405000 0.384561 0.246311 2.557728 
1.999998 6.395000 0.384561 0.245927 2.557728 
1.999998 6.385000 0.384561 0.245542 2.557728 
1.999998 6.375000 0.384561 0.245158 2.557728 
1.999998 6.365000 0.384561 0.244773 2.557728 
1.999998 6.355000 0.384561 0.244388 2.557728 
1.999998 6.345000 0.384561 0.244004 2.557728 
1.999998 6.335000 0.384561 0.243619 2.557728 
1.999998 6.325000 0.384561 0.243235 2.557728 
1.999998 6.315000 0.384561 0.242850 2.557728 
1.999998 6.305000 0.384561 0.242466 2.557728 
1.999998 6.295000 0.384561 0.242081 2.557728 
1.999998 6.285000 0.384561 0.241697 2.557728 
1.999998 6.275000 0.384561 0.241312 2.557728 
1.999998 6.265000 0.384561 0.240927 2.557728 
1.999998 6.255000 0.384561 0.240543 2.557728 
1.999998 6.245000 0.384561 0.240158 2.557728 
1.999998 6.235000 0.384561 0.239774 2.557728 
1.999998 6.225000 0.384561 0.239389 2.557728 
1.999998 6.215000 0.384561 0.239005 2.557728 
1.999998 6.205000 0.384561 0.238620 2.557728 
1.999998 6.195000 0.384561 0.238236 2.557728 
1.999998 6.185000 0.384561 0.237851 2.557728 
1.999998 6.175000 0.384561 0.237466 2.557728 
1.999998 6.165000 0.384561 0.237082 2.557728 
1.999998 6.155000 0.384561 0.236697 2.557728 
1.999998 6.145000 0.384561 0.236313 2.557728 
1.999998 6.135000 0.384561 0.235928 2.557728 
1.999998 6.125000 0.384561 0.235544 2.557728 
1.999998 6.115000 0.384561 0.235159 2.557728 
1.999998 6.105000 0.384561 0.234774 2.557728 
1.999998 6.095000 0.384561 0.234390 2.557728 
1.999998 6.085000 0.384561 0.234005 2.557728 
1.999998 6.075000 0.384561 0.233621 2.557728 
1.999998 6.065000 0.384561 0.233236 2.557728 
1.999998 6.055000 0.384561 0.232852 2.557728 
1.999998 6.045000 0.384561 0.232467 2.557728 
1.999998 6.035000 0.384561 0.232083 2.557728 
1.999998 6.025000 0.384561 0.231698 2.557728 
1.999998 6.015000 0.384561 0.231313 2.557728 
1.999998 6.005000 0.384561 0.230929 2.557728 
1.999998 5.995000 0.384561 0.230544 2.557728 
1.999998 5.985000 0.384561 0.230160 2.557728 
1.999998 5.975000 0.384561 0.229775 2.557728 
1.999998 5.965000 0.384561 0.229391 2.557728 
1.999998 5.955000 0.384561 0.229006 2.557728 
1.999998 5.945000 0.384561 0.228621 2.557728 
1.999998 5.935000 0.384561 0.228237 2.557728 
1.999998 5.925000 0.384561 0.227852 2.557728 
1.999998 5.915000 0.384561 0.227468 2.557728 
1.999998 5.905000 0.384561 0.227083 2.557728 
1.999998 5.895000 0.384561 0.226699 2.557728 
1.999998 5.885000 0.384561 0.226314 2.557728 
1.999998 5.875000 0.384561 0.225930 2.557728 
1.999998 5.865000 0.384561 0.225545 2.557728 
1.999998 5.855000 0.384561 0.225160 2.557728 
1.999998 5.845000 0.384561 0.224776 2.557728 
1.999998 5.835000 0.384561 0.224391 2.557728 
1.999998 5.825000 0.384561 0.224007 2.557728 
1.999998 5.815000 0.384561 0.223622 2.557728 
1.999998 5.805000 0.384561 0.223238 2.557728 
1.999998 5.795000 0.384561 0.222853 2.557728 
1.999998 5.785000 0.384561 0.222469 2.557728 
1.999998 5.775000 0.384561 0.222084 2.557728 
1.999998 5.765000 0.384561 0.221699 2.557728 
1.999998 5.755000 0.384561 0.221315 2.557728 
1.999998 5.745000 0.384561 0.220930 2.557728 
1.999998 5.735000 0.384561 0.220546 2.557728 
1.999998 5.725000 0.384561 0.220161 2.557728 
1.999998 5.715000 0.384561 0.219777 2.557728 
1.999998 5.705000 0.384561 0.219392 2.557728 
1.999998 5.695000 0.384561 0.219007 2.557728 
1.999998 5.685000 0.384561 0.218623 2.557728 
1.999998 5.675000 0.384561 0.218238 2.557728 
1.999998 5.665000 0.384561 0.217854 2.557728 
1.999998 5.655000 0.384561 0.217469 2.557728 
1.999998 5.645000 0.384561 0.217085 2.557728 
1.999998 5.635000 0.384561 0.216700 2.557728 
1.999998 5.625000 0.384561 0.216316 2.557728 
1.999998 5.615000 0.384561 0.215931 2.557728 
1.999998 5.605000 0.384561 0.215546 2.557728 
1.999998 5.595000 0.384561 0.215162 2.557728 
1.999998 5.585000 0.384561 0.214777 2.557728 
1.999998 5.575000 0.384561 0.214393 2.557728 
1.999998 5.565000 0.384561 0.214008 2.557728 
1.999998 5.555000 0.384561 0.213624 2.557728 
1.999998 5.545000 0.384561 0.213239 2.557728 
1.999998 5.535000 0.384561 0.212854 2.557728 
1.999998 5.525000 0.384561 0.212470 2.557728 
1.999998 5.515000 0.384561 0.212085 2.557728 
1.999998 5.505000 0.384561 0.211701 2.557728 
1.999998 5.495000 0.384561 0.211316 2.557728 
1.999998 5.485000 0.384561 0.210932 2.557728 
1.999998 5.475000 0.384561 0.210547 2.557728 
1.999998 5.465000 0.384561 0.210163 2.557728 
1.999998 5.455000 0.384561 0.209778 2.557728 
1.999998 5.445000 0.384561 0.209393 2.557728 
1.999998 5.435000 0.384561 0.209009 2.557728 
1.999998 5.425000 0.384561 0.208624 2.557728 
1.999998 5.415000 0.384561 0.208240 2.557728 
1.999998 5.405000 0.384561 0.207855 2.557728 
1.999998 5.395000 0.384561 0.207471 2.557728 
1.999998 5.385000 0.384561 0.207086 2.557728 
1.999998 5.375000 0.384561 0.206702 2.557728 
1.999998 5.365000 0.384561 0.206317 2.557728 
1.999998 5.355000 0.384561 0.205932 2.557728 
1.999998 5.345000 0.384561 0.205548 2.557728 
1.999998 5.335000 0.384561 0.205163 2.557728 
1.999998 5.325000 0.384561 0.204779 2.557728 
1.999998 5.315000 0.384561 0.204394 2.557728 
1.999998 5.305000 0.384561 0.204010 2.557728 
1.999998 5.295000 0.384561 0.203625 2.557728 
1.999998 5.285000 0.384561 0.203240 2.557728 
1.999998 5.275000 0.384561 0.202856 2.557728 
1.999998 5.265000 0.384561 0.202471 2.557728 
1.999998 5.255000 0.384561 0.202087 2.557728 
1.999998 5.245000 0.384561 0.201702 2.557728 
1.999998 5.235000 0.384561 0.201318 2.557728 
1.999998 5.225000 0.384561 0.200933 2.557728 
1.999998 5.215000 0.384561 0.200549 2.557728 
1.999998 5.205000 0.384561 0.200164 2.557728 
1.999998 5.195000 0.384561 0.199779 2.557728 
1.999998 5.185000 0.384561 0.199395 2.557728 
1.999998 5.175000 0.384561 0.199010 2.557728 
1.999998 5.165000 0.384561 0.198626 2.557728 
1.999998 5.155000 0.384561 0.198241 2.557728 
1.999998 5.145000 0.384561 0.197857 2.557728 
1.999998 5.135000 0.384561 0.197472 2.557728 
1.999998 5.125000 0.384561 0.197087 2.557728 
1.999998 5.115000 0.384561 0.196703 2.557728 
1.999998 5.105000 0.384561 0.196318 2.557728 
1.999998 5.095000 0.384561 0.195934 2.557728 
1.999998 5.085000 0.384561 0.195549 2.557728 
1.999998 5.075000 0.384561 0.195165 2.557728 
1.999998 5.065000 0.384561 0.194780 2.557728 
1.999998 5.055000 0.384561 0.194396 2.557728 
1.999998 5.045000 0.384561 0.194011 2.557728 
1.999998 5.035000 0.384561 0.193626 2.557728 
1.999998 5.025000 0.384561 0.193242 2.557728 
1.999998 5.015000 0.384561 0.192857 2.557728 
1.999998 5.005000 0.384561 0.192473 2.557728 
1.999998 4.995000 0.384561 0.192088 2.557728 
1.999998 4.985000 0.384561 0.191704 2.557728 
1.999998 4.975000 0.384561 0.191319 2.557728 
1.999998 4.965000 0.384561 0.190935 2.557728 
1.999998 4.955000 0.384561 0.190550 2.557728 
1.999998 4.945000 0.384561 0.190165 2.557728 
1.999998 4.935000 0.384561 0.189781 2.557728 
1.999998 4.925000 0.384561 0.189396 2.557728 
1.999998 4.915000 0.384561 0.189012 2.557728 
1.999998 4.905000 0.384561 0.188627 2.557728 
1.999998 4.895000 0.384561 0.188243 2.557728 
1.999998 4.885000 0.384561 0.187858 2.557728 
1.999998 4.875000 0.384561 0.187473 2.557728 
1.999998 4.865000 0.384561 0.187089 2.557728 
1.999998 4.855000 0.384561 0.186704 2.557728 
1.999998 4.845000 0.384561 0.186320 2.557728 
1.999998 4.835000 0.384561 0.185935 2.557728 
1.999998 4.825000 0.384561 0.185551 2.557728 
1.999998 4.815000 0.384561 0.185166 2.557728 
1.999998 4.805000 0.384561 0.184782 2.557728 
1.999998 4.795000 0.384561 0.184397 2.557728 
1.999998 4.785000 0.384561 0.184012 2.557728 
1.999998 4.775000 0.384561 0.183628 2.557728 
1.999998 4.765000 0.384561 0.183243 2.557728 
1.999998 4.755000 0.384561 0.182859 2.557728 
1.999998 4.745000 0.384561 0.182474 2.557728 
1.999998 4.735000 0.384561 0.182090 2.557728 
1.999998 4.725000 0.384561 0.181705 2.557728 
1.999998 4.715000 0.384561 0.181320 2.557728 
1.999998 4.705000 0.384561 0.180936 2.557728 
1.999998 4.695000 0.384561 0.180551 2.557728 
1.999998 4.685000 0.384561 0.180167 2.557728 
1.999998 4.675000 0.384561 0.179782 2.557728 
1.999998 4.665000 0.384561 0.179398 2.557728 
1.999998 4.655000 0.384561 0.179013 2.557728 
1.999998 4.645000 0.384561 0.178629 2.557728 
1.999998 4.635000 0.384561 0.178244 2.557728 
1.999998 4.625000 0.384561 0.177859 2.557728 
1.999998 4.615000 0.384561 0.177475 2.557728 
1.999998 4.605000 0.384561 0.177090 2.557728 
1.999998 4.595000 0.384561 0.176706 2.557728 
1.999998 4.585000 0.384561 0.176321 2.557728 
1.999998 4.575000 0.384561 0.175937 2.557728 
1.999998 4.565000 0.384561 0.175552 2.557728 
1.999998 4.555000 0.384561 0.175168 2.557728 
1.999998 4.545000 0.384561 0.174783 2.557728 
1.999998 4.535000 0.384561 0.174398 2.557728 
1.999998 4.525000 0.384561 0.174014 2.557728 
1.999998 4.515000 0.384561 0.173629 2.557728 
1.999998 4.505000 0.384561 0.173245 2.557728 
1.999998 4.495000 0.384561 0.172860 2.557728 
1.999998 4.485000 0.384561 0.172476 2.557728 
1.999998 4.475000 0.384561 0.172091 2.557728 
1.999998 4.465000 0.384561 0.171706 2.557728 
1.999998 4.455000 0.384561 0.171322 2.557728 
1.999998 4.445000 0.384561 0.170937 2.557728 
1.999998 4.435000 0.384561 0.170553 2.557728 
1.999998 4.425000 0.384561 0.170168 2.557728 
1.999998 4.415000 0.384561 0.169784 2.557728 
1.999998 4.405000 0.384561 0.169399 2.557728 
1.999998 4.395000 0.384561 0.169015 2.557728 
1.999998 4.385000 0.384561 0.168630 2.557728 
1.999998 4.375000 0.384561 0.168245 2.557728 
1.999998 4.365000 0.384561 0.167861 2.557728 
1.999998 4.355000 0.384561 0.167476 2.557728 
1.999998 4.345000 0.384561 0.167092 2.557728 
1.999998 4.335000 0.384561 0.166707 2.557728 
1.999998 4.325000 0.384561 0.166323 2.557728 
1.999998 4.315000 0.384561 0.165938 2.557728 
1.999998 4.305000 0.384561 0.165553 2.557728 
1.999998 4.295000 0.384561 0.165169 2.557728 
1.999998 4.285000 0.384561 0.164784 2.557728 
1.999998 4.275000 0.384561 0.164400 2.557728 
1.999998 4.265000 0.384561 0.164015 2.557728 
1.999998 4.255000 0.384561 0.163631 2.557728 
1.999998 4.245000 0.384561 0.163246 2.557728 
1.999998 4.235000 0.384561 0.162862 2.557728 
1.999998 4.225000 0.384561 0.162477 2.557728 
1.999998 4.215000 0.384561 0.162092 2.557728 
1.999998 4.205000 0.384561 0.161708 2.557728 
1.999998 4.195000 0.384561 0.161323 2.557728 
1.999998 4.185000 0.384561 0.160939 2.557728 
1.999998 4.175000 0.384561 0.160554 2.557728 
1.999998 4.165000 0.384561 0.160170 2.557728 
1.999998 4.155000 0.384561 0.159785 2.557728 
1.999998 4.145000 0.384561 0.159401 2.557728 
1.999998 4.135000 0.384561 0.159016 2.557728 
1.999998 4.125000 0.384561 0.158631 2.557728 
1.999998 4.115000 0.384561 0.158247 2.557728 
1.999998 4.105000 0.384561 0.157862 2.557728 
1.999998 4.095000 0.384561 0.157478 2.557728 
1.999998 4.085000 0.384561 0.157093 2.557728 
1.999998 4.075000 0.384561 0.156709 2.557728 
1.999998 4.065000 0.384561 0.156324 2.557728 
1.999998 4.055000 0.384561 0.155939 2.557728 
1.999998 4.045000 0.384561 0.155555 2.557728 
1.999998 4.035000 0.384561 0.155170 2.557728 
1.999998 4.025000 0.384561 0.154786 2.557728 
1.999998 4.015000 0.384561 0.154401 2.557728 
1.999998 4.005000 0.384561 0.154017 2.557728 
1.999998 3.995000 0.384561 0.153632 2.557728 
1.999998 3.985000 0.384561 0.153248 2.557728 
1.999998 3.975000 0.384561 0.152863 2.557728 
1.999998 3.965000 0.384561 0.152478 2.557728 
1.999998 3.955000 0.384561 0.152094 2.557728 
1.999998 3.945000 0.384561 0.151709 2.557728 
1.999998 3.935000 0.384561 0.151325 2.557728 
1.999998 3.925000 0.384561 0.150940 2.557728 
1.999998 3.915000 0.384561 0.150556 2.557728 
1.999998 3.905000 0.384561 0.150171 2.557728 
1.999998 3.895000 0.384561 0.149786 2.557728 
1.999998 3.885000 0.384561 0.149402 2.557728 
1.999998 3.875000 0.384561 0.149017 2.557728 
1.999998 3.865000 0.384561 0.148633 2.557728 
1.999998 3.855000 0.384561 0.148248 2.557728 
1.999998 3.845000 0.384561 0.147864 2.557728 
1.999998 3.835000 0.384561 0.147479 2.557728 
1.999998 3.825000 0.384561 0.147095 2.557728 
1.999998 3.815000 0.384561 0.146710 2.557728 
1.999998 3.805000 0.384561 0.146325 2.557728 
1.999998 3.795000 0.384561 0.145941 2.557728 
1.999998 3.785000 0.384561 0.145556 2.557728 
1.999998 3.775000 0.384561 0.145172 2.557728 
1.999998 3.765000 0.384561 0.144787 2.557728 
1.999998 3.755000 0.384561 0.144403 2.557728 
1.999998 3.745000 0.384561 0.144018 2.557728 
1.999998 3.735000 0.384561 0.143634 2.557728 
1.999998 3.725000 0.384561 0.143249 2.557728 
1.999998 3.715000 0.384561 0.142864 2.557728 
1.999998 3.705000 0.384561 0.142480 2.557728 
1.999998 3.695000 0.384561 0.142095 2.557728 
1.999998 3.685000 0.384561 0.141711 2.557728 
1.999998 3.675000 0.384561 0.141326 2.557728 
1.999998 3.665000 0.384561 0.140942 2.557728 
1.999998 3.655000 0.384561 0.140557 2.557728 
1.999998 3.645000 0.384561 0.140172 2.557728 
1.999998 3.635000 0.384561 0.139788 2.557728 
1.999998 3.625000 0.384561 0.139403 2.557728 
1.999998 3.615000 0.384561 0.139019 2.557728 
1.999998 3.605000 0.384561 0.138634 2.557728 
1.999998 3.595000 0.384561 0.138250 2.557728 
1.999998 3.585000 0.384561 0.137865 2.557728 
1.999998 3.575000 0.384561 0.137481 2.557728 
1.999998 3.565000 0.384561 0.137096 2.557728 
1.999998 3.555000 0.384561 0.136711 2.557728 
1.999998 3.545000 0.384561 0.136327 2.557728 
1.999998 3.535000 0.384561 0.135942 2.557728 
1.999998 3.525000 0.384561 0.135558 2.557728 
1.999998 3.515000 0.384561 0.135173 2.557728 
1.999998 3.505000 0.384561 0.134789 2.557728 
1.999998 3.495000 0.384561 0.134404 2.557728 
1.999998 3.485000 0.384561 0.134019 2.557728 
1.999998 3.475000 0.384561 0.133635 2.557728 
1.999998 3.465000 0.384561 0.133250 2.557728 
1.999998 3.455000 0.384561 0.132866 2.557728 
1.999998 3.445000 0.384561 0.132481 2.557728 
1.999998 3.435000 0.384561 0.132097 2.557728 
1.999998 3.425000 0.384561 0.131712 2.557728 
1.999998 3.415000 0.384561 0.131328 2.557728 
1.999998 3.405000 0.384561 0.130943 2.557728 
1.999998 3.395000 0.384561 0.130558 2.557728 
1.999998 3.385000 0.384561 0.130174 2.557728 
1.999998 3.375000 0.384561 0.129789 2.557728 
1.999998 3.365000 0.384561 0.129405 2.557728 
1.999998 3.355000 0.384561 0.129020 2.557728 
1.999998 3.345000 0.384561 0.128636 2.557728 
1.999998 3.335000 0.384561 0.128251 2.557728 
1.999998 3.325000 0.384561 0.127867 2.557728 
1.999998 3.315000 0.384561 0.127482 2.557728 
1.999998 3.305000 0.384561 0.127097 2.557728 
1.999998 3.295000 0.384561 0.126713 2.557728 
1.999998 3.285000 0.384561 0.126328 2.557728 
1.999998 3.275000 0.384561 0.125944 2.557728 
1.999998 3.265000 0.384561 0.125559 2.557728 
1.999998 3.255000 0.384561 0.125175 2.557728 
1.999998 3.245000 0.384561 0.124790 2.557728 
1.999998 3.235000 0.384561 0.124405 2.557728 
1.999998 3.225000 0.384561 0.124021 2.557728 
1.999998 3.215000 0.384561 0.123636 2.557728 
1.999998 3.205000 0.384561 0.123252 2.557728 
1.999998 3.195000 0.384561 0.122867 2.557728 
1.999998 3.185000 0.384561 0.122483 2.557728 
1.999998 3.175000 0.384561 0.122098 2.557728 
1.999998 3.165000 0.384561 0.121714 2.557728 
1.999998 3.155000 0.384561 0.121329 2.557728 
1.999998 3.145000 0.384561 0.120944 2.557728 
1.999998 3.135000 0.384561 0.120560 2.557728 
1.999998 3.125000 0.384561 0.120175 2.557728 
1.999998 3.115000 0.384561 0.119791 2.557728 
1.999998 3.105000 0.384561 0.119406 2.557728 
1.999998 3.095000 0.384561 0.119022 2.557728 
1.999998 3.085000 0.384561 0.118637 2.557728 
1.999998 3.075000 0.384561 0.118252 2.557728 
1.999998 3.065000 0.384561 0.117868 2.557728 
1.999998 3.055000 0.384561 0.117483 2.557728 
1.999998 3.045000 0.384561 0.117099 2.557728 
1.999998 3.035000 0.384561 0.116714 2.557728 
1.999998 3.025000 0.384561 0.116330 2.557728 
1.999998 3.015000 0.384561 0.115945 2.557728 
1.999998 3.005000 0.384561 0.115561 2.557728 
1.999998 2.995000 0.384561 0.115176 2.557728 
1.999998 2.985000 0.384561 0.114791 2.557728 
1.999998 2.975000 0.384561 0.114407 2.557728 
1.999998 2.965000 0.384561 0.114022 2.557728 
1.999998 2.955000 0.384561 0.113638 2.557728 
1.999998 2.945000 0.384561 0.113253 2.557728 
1.999998 2.935000 0.384561 0.112869 2.557728 
1.999998 2.925000 0.384561 0.112484 2.557728 
1.999998 2.915000 0.384561 0.112100 2.557728 
1.999998 2.905000 0.384561 0.111715 2.557728 
1.999998 2.895000 0.384561 0.111330 2.557728 
1.999998 2.885000 0.384561 0.110946 2.557728 
1.999998 2.875000 0.384561 0.110561 2.557728 
1.999998 2.865000 0.384561 0.110177 2.557728 
1.999998 2.855000 0.384561 0.109792 2.557728 
1.999998 2.845000 0.384561 0.109408 2.557728 
1.999998 2.835000 0.384561 0.109023 2.557728 
1.999998 2.825000 0.384561 0.108638 2.557728 
1.999998 2.815000 0.384561 0.108254 2.557728 
1.999998 2.805000 0.384561 0.107869 2.557728 
1.999998 2.795000 0.384561 0.107485 2.557728 
1.999998 2.785000 0.384561 0.107100 2.557728 
1.999998 2.775000 0.384561 0.106716 2.557728 
1.999998 2.765000 0.384561 0.106331 2.557728 
1.999998 2.755000 0.384561 0.105947 2.557728 
1.999998 2.745000 0.384561 0.105562 2.557728 
1.999998 2.735000 0.384561 0.105177 2.557728 
1.999998 2.725000 0.384561 0.104793 2.557728 
1.999998 2.715000 0.384561 0.104408 2.557728 
1.999998 2.705000 0.384561 0.104024 2.557728 
1.999998 2.695000 0.384561 0.103639 2.557728 
1.999998 2.685000 0.384561 0.103255 2.557728 
1.999998 2.675000 0.384561 0.102870 2.557728 
1.999998 2.665000 0.384561 0.102485 2.557728 
1.999998 2.655000 0.384561 0.102101 2.557728 
1.999998 2.645000 0.384561 0.101716 2.557728 
1.999998 2.635000 0.384561 0.101332 2.557728 
1.999998 2.625000 0.384561 0.100947 2.557728 
1.999998 2.615000 0.384561 0.100563 2.557728 
1.999998 2.605000 0.384561 0.100178 2.557728 
1.999998 2.595000 0.384561 0.099794 2.557728 
1.999998 2.585000 0.384561 0.099409 2.557728 
1.999998 2.575000 0.384561 0.099024 2.557728 
1.999998 2.565000 0.384561 0.098640 2.557728 
1.999989 2.555000 0.384561 0.098255 1.972404 
1.999989 2.545000 0.384561 0.097871 1.972404 
1.999989 2.535000 0.384561 0.097486 1.972404 
1.999989 2.525000 0.384561 0.097102 1.972404 
1.999989 2.515000 0.384561 0.096717 1.972404 
1.999989 2.505000 0.384561 0.096333 1.972404 
1.999989 2.495000 0.384561 0.095948 1.972404 
1.999989 2.485000 0.384561 0.095563 1.972404 
1.999989 2.475000 0.384561 0.095179 1.972404 
1.999989 2.465000 0.384561 0.094794 1.972404 
1.999989 2.455000 0.384561 0.094410 1.972404 
1.999989 2.445000 0.384561 0.094025 1.972404 
1.999989 2.435000 0.384561 0.093641 1.972404 
1.999989 2.425000 0.384561 0.093256 1.972404 
1.999989 2.415000 0.384561 0.092871 1.972404 
1.999989 2.405000 0.384561 0.092487 1.972404 
1.999989 2.395000 0.384561 0.092102 1.972404 
1.999989 2.385000 0.384561 0.091718 1.972404 
1.999989 2.375000 0.384561 0.091333 1.972404 
1.999989 2.365000 0.384561 0.090949 1.972404 
1.999989 2.355000 0.384561 0.090564 1.972404 
1.999989 2.345000 0.384561 0.090180 1.972404 
1.999989 2.335000 0.384561 0.089795 1.972404 
1.999989 2.325000 0.384561 0.089410 1.972404 
1.999989 2.315000 0.384561 0.089026 1.972404 
1.999989 2.305000 0.384561 0.088641 1.972404 
1.999989 2.295000 0.384561 0.088257 1.972404 
1.999989 2.285000 0.384561 0.087872 1.972404 
1.999989 2.275000 0.384561 0.087488 1.972404 
1.999989 2.265000 0.384561 0.087103 1.972404 
1.999989 2.255000 0.384561 0.086718 1.972404 
1.999989 2.245000 0.384561 0.086334 1.972404 
1.999989 2.235000 0.384561 0.085949 1.972404 
1.999989 2.225000 0.384561 0.085565 1.972404 
1.999989 2.215000 0.384561 0.085180 1.972404 
1.999989 2.205000 0.384561 0.084796 1.972404 
1.999989 2.195000 0.384561 0.084411 1.972404 
1.999989 2.185000 0.384561 0.084027 1.972404 
1.999989 2.175000 0.384561 0.083642 1.972404 
1.999989 2.165000 0.384561 0.083257 1.972404 
1.999989 2.155000 0.384561 0.082873 1.972404 
1.999989 2.145000 0.384561 0.082488 1.972404 
1.999989 2.135000 0.384561 0.082104 1.972404 
1.999989 2.125000 0.384561 0.081719 1.972404 
1.999989 2.115000 0.384561 0.081335 1.972404 
1.999989 2.105000 0.384561 0.080950 1.972404 
1.999989 2.095000 0.384561 0.080566 1.972404 
1.999989 2.085000 0.384561 0.080181 1.972404 
1.999989 2.075000 0.384561 0.079796 1.972404 
1.999989 2.065000 0.384561 0.079412 1.972404 
1.999989 2.055000 0.384561 0.079027 1.972404 
1.999989 2.045000 0.384561 0.078643 1.972404 
1.999989 2.035000 0.384561 0.078258 1.972404 
1.999989 2.025000 0.384561 0.077874 1.972404 
1.999989 2.015000 0.384561 0.077489 1.972404 
1.999989 2.005000 0.384561 0.077104 1.972404 
1.999989 1.995000 0.384561 0.076720 1.972404 
1.999989 1.985000 0.384561 0.076335 1.972404 
1.999989 1.975000 0.384561 0.075951 1.972404 
1.999973 1.965000 0.384561 0.075566 1.665602 
1.999973 1.955000 0.384561 0.075182 1.665602 
1.999973 1.945000 0.384561 0.074797 1.665602 
1.999973 1.935000 0.384561 0.074413 1.665602 
1.999973 1.925000 0.384561 0.074028 1.665602 
1.999973 1.915000 0.384561 0.073643 1.665602 
1.999973 1.905000 0.384561 0.073259 1.665602 
1.999973 1.895000 0.384561 0.072874 1.665602 
1.999973 1.885000 0.384561 0.072490 1.665602 
1.999973 1.875000 0.384561 0.072105 1.665602 
1.999973 1.865000 0.384561 0.071721 1.665602 
1.999973 1.855000 0.384561 0.071336 1.665602 
1.999973 1.845000 0.384561 0.070951 1.665602 
1.999973 1.835000 0.384561 0.070567 1.665602 
1.999973 1.825000 0.384561 0.070182 1.665602 
1.999973 1.815000 0.384561 0.069798 1.665602 
1.999973 1.805000 0.384561 0.069413 1.665602 
1.999973 1.795000 0.384561 0.069029 1.665602 
1.999973 1.785000 0.384561 0.068644 1.665602 
1.999973 1.775000 0.384561 0.068260 1.665602 
1.999973 1.765000 0.384561 0.067875 1.665602 
1.999973 1.755000 0.384561 0.067490 1.665602 
1.999973 1.745000 0.384561 0.067106 1.665602 
1.999973 1.735000 0.384561 0.066721 1.665602 
1.999973 1.725000 0.384561 0.066337 1.665602 
1.999973 1.715000 0.384561 0.065952 1.665602 
1.999973 1.705000 0.384561 0.065568 1.665602 
1.999973 1.695000 0.384561 0.065183 1.665602 
1.999973 1.685000 0.384561 0.064799 1.665602 
1.999973 1.675000 0.384561 0.064414 1.665602 
1.999949 1.665000 0.384561 0.064029 1.456284 
1.999949 1.655000 0.384561 0.063645 1.456284 
1.999949 1.645000 0.384561 0.063260 1.456284 
1.999949 1.635000 0.384561 0.062876 1.456284 
1.999949 1.625000 0.384561 0.062491 1.456284 
1.999949 1.615000 0.384561 0.062107 1.456284 
1.999949 1.605000 0.384561 0.061722 1.456284 
1.999949 1.595000 0.384561 0.061337 1.456284 
1.999949 1.585000 0.384561 0.060953 1.456284 
1.999949 1.575000 0.384561 0.060568 1.456284 
1.999949 1.565000 0.384561 0.060184 1.456284 
1.999949 1.555000 0.384561 0.059799 1.456284 
1.999949 1.545000 0.384561 0.059415 1.456284 
1.999949 1.535000 0.384561 0.059030 1.456284 
1.999949 1.525000 0.384561 0.058646 1.456284 
1.999949 1.515000 0.384561 0.058261 1.456284 
1.999949 1.505000 0.384561 0.057876 1.456284 
1.999949 1.495000 0.384561 0.057492 1.456284 
1.999949 1.485000 0.384561 0.057107 1.456284 
1.999949 1.475000 0.384561 0.056723 1.456284 
1.999949 1.465000 0.384561 0.056338 1.456284 
1.999917 1.455000 0.384561 0.055954 1.297212 
1.999917 1.445000 0.384561 0.055569 1.297212 
1.999917 1.435000 0.384561 0.055184 1.297212 
1.999917 1.425000 0.384561 0.054800 1.297212 
1.999917 1.415000 0.384561 0.054415 1.297212 
1.999917 1.405000 0.384561 0.054031 1.297212 
1.999917 1.395000 0.384561 0.053646 1.297212 
1.999917 1.385000 0.384561 0.053262 1.297212 
1.999917 1.375000 0.384561 0.052877 1.297212 
1.999917 1.365000 0.384561 0.052493 1.297212 
1.999917 1.355000 0.384561 0.052108 1.297212 
1.999917 1.345000 0.384561 0.051723 1.297212 
1.999917 1.335000 0.384561 0.051339 1.297212 
1.999917 1.325000 0.384561 0.050954 1.297212 
1.999917 1.315000 0.384561 0.050570 1.297212 
1.999917 1.305000 0.384561 0.050185 1.297212 
1.999878 1.295000 0.384561 0.049801 1.168871 
1.999878 1.285000 0.384561 0.049416 1.168871 
1.999878 1.275000 0.384561 0.049032 1.168871 
1.999878 1.265000 0.384561 0.048647 1.168871 
1.999878 1.255000 0.384561 0.048262 1.168871 
1.999878 1.245000 0.384561 0.047878 1.168871 
1.999878 1.235000 0.384561 0.047493 1.168871 
1.999878 1.225000 0.384561 0.047109 1.168871 
1.999878 1.215000 0.384561 0.046724 1.168871 
1.999878 1.205000 0.384561 0.046340 1.168871 
1.999878 1.195000 0.384561 0.045955 1.168871 
1.999878 1.185000 0.384561 0.045570 1.168871 
1.999878 1.175000 0.384561 0.045186 1.168871 
1.999832 1.165000 0.384561 0.044801 1.061285 
1.999832 1.155000 0.384561 0.044417 1.061285 
1.999832 1.145000 0.384561 0.044032 1.061285 
1.999832 1.135000 0.384561 0.043648 1.061285 
1.999832 1.125000 0.384561 0.043263 1.061285 
1.999832 1.115000 0.384561 0.042879 1.061285 
1.999832 1.105000 0.384561 0.042494 1.061285 
1.999832 1.095000 0.384561 0.042109 1.061285 
1.999832 1.085000 0.384561 0.041725 1.061285 
1.999832 1.075000 0.384561 0.041340 1.061285 
1.999832 1.065000 0.384561 0.040956 1.061285 
1.999778 1.055000 0.384561 0.040571 0.968665 
1.999778 1.045000 0.384561 0.040187 0.968665 
1.999778 1.035000 0.384561 0.039802 0.968665 
1.999778 1.025000 0.384561 0.039417 0.968665 
1.999778 1.015000 0.384561 0.039033 0.968665 
1.999778 1.005000 0.384561 0.038648 0.968665 
1.999778 0.995000 0.384561 0.038264 0.968665 
1.999778 0.985000 0.384561 0.037879 0.968665 
1.999778 0.975000 0.384561 0.037495 0.968665 
1.999717 0.965000 0.384561 0.037110 0.887347 
1.999717 0.955000 0.384561 0.036726 0.887347 
1.999717 0.945000 0.384561 0.036341 0.887347 
1.999717 0.935000 0.384561 0.035956 0.887347 
1.999717 0.925000 0.384561 0.035572 0.887347 
1.999717 0.915000 0.384561 0.035187 0.887347 
1.999717 0.905000 0.384561 0.034803 0.887347 
1.999717 0.895000 0.384561 0.034418 0.887347 
1.999648 0.885000 0.384561 0.034034 0.814870 
1.999648 0.875000 0.384561 0.033649 0.814870 
1.999648 0.865000 0.384561 0.033265 0.814870 
1.999648 0.855000 0.384561 0.032880 0.814870 
1.999648 0.845000 0.384561 0.032495 0.814870 
1.999648 0.835000 0.384561 0.032111 0.814870 
1.999648 0.825000 0.384561 0.031726 0.814870 
1.999648 0.815000 0.384561 0.031342 0.814870 
1.999571 0.805000 0.384561 0.030957 0.749497 
1.999571 0.795000 0.384561 0.030573 0.749497 
1.999571 0.785000 0.384561 0.030188 0.749497 
1.999571 0.775000 0.384561 0.029803 0.749497 
1.999571 0.765000 0.384561 0.029419 0.749497 
1.999571 0.755000 0.384561 0.029034 0.749497 
1.999488 0.745000 0.384561 0.028650 0.689956 
1.999488 0.735000 0.384561 0.028265 0.689956 
1.999488 0.725000 0.384561 0.027881 0.689956 
1.999488 0.715000 0.384561 0.027496 0.689956 
1.999488 0.705000 0.384561 0.027112 0.689956 
1.999488 0.695000 0.384561 0.026727 0.689956 
1.999396 0.685000 0.384561 0.026342 0.635291 
1.999396 0.675000 0.384561 0.025958 0.635291 
1.999396 0.665000 0.384561 0.025573 0.635291 
1.999396 0.655000 0.384561 0.025189 0.635291 
1.999396 0.645000 0.384561 0.024804 0.635291 
1.999297 0.635000 0.384561 0.024420 0.584761 
1.999297 0.625000 0.384561 0.024035 0.584761 
1.999297 0.615000 0.384561 0.023650 0.584761 
1.999297 0.605000 0.384561 0.023266 0.584761 
1.999297 0.595000 0.384561 0.022881 0.584761 
1.999297 0.585000 0.384561 0.022497 0.584761 
1.999191 0.575000 0.384561 0.022112 0.537784 
1.999191 0.565000 0.384561 0.021728 0.537784 
1.999191 0.555000 0.384561 0.021343 0.537784 
1.999191 0.545000 0.384561 0.020959 0.537784 
1.999077 0.535000 0.384561 0.020574 0.493891 
1.999077 0.525000 0.384561 0.020189 0.493891 
1.999077 0.515000 0.384561 0.019805 0.493891 
1.999077 0.505000 0.384561 0.019420 0.493891 
1.999077 0.495000 0.384561 0.019036 0.493891 
1.998956 0.485000 0.384561 0.018651 0.452701 
1.998956 0.475000 0.384561 0.018267 0.452701 
1.998956 0.465000 0.384561 0.017882 0.452701 
1.998956 0.455000 0.384561 0.017498 0.452701 
1.998828 0.445000 0.384561 0.017113 0.413899 
1.998828 0.435000 0.384561 0.016728 0.413899 
1.998828 0.425000 0.384561 0.016344 0.413899 
1.998828 0.415000 0.384561 0.015959 0.413899 
1.998691 0.405000 0.384561 0.015575 0.377222 
1.998691 0.395000 0.384561 0.015190 0.377222 
1.998691 0.385000 0.384561 0.014806 0.377222 
1.998548 0.375000 0.384561 0.014421 0.342449 
1.998548 0.365000 0.384561 0.014036 0.342449 
1.998548 0.355000 0.384561 0.013652 0.342449 
1.998548 0.345000 0.384561 0.013267 0.342449 
1.998397 0.335000 0.384561 0.012883 0.309391 
1.998397 0.325000 0.384561 0.012498 0.309391 
1.998397 0.315000 0.384561 0.012114 0.309391 
1.998238 0.305000 0.384561 0.011729 0.277885 
1.998238 0.295000 0.384561 0.011345 0.277885 
1.998238 0.285000 0.384561 0.010960 0.277885 
1.998072 0.275000 0.384561 0.010575 0.247792 
1.998072 0.265000 0.384561 0.010191 0.247792 
1.998072 0.255000 0.384561 0.009806 0.247792 
1.997898 0.245000 0.384561 0.009422 0.218990 
1.997898 0.235000 0.384561 0.009037 0.218990 
1.997898 0.225000 0.384561 0.008653 0.218990 
1.997717 0.215000 0.384561 0.008268 0.191371 
1.997717 0.205000 0.384561 0.007883 0.191371 
1.997717 0.195000 0.384561 0.007499 0.191371 
1.997529 0.185000 0.384561 0.007114 0.164841 
1.997529 0.175000 0.384561 0.006730 0.164841 
1.997529 0.165000 0.384561 0.006345 0.164841 
1.997332 0.155000 0.384561 0.005961 0.139317 
1.997332 0.145000 0.384561 0.005576 0.139317 
1.997129 0.135000 0.384561 0.005192 0.114725 
1.997129 0.125000 0.384561 0.004807 0.114725 
1.997129 0.115000 0.384561 0.004422 0.114725 
1.996918 0.105000 0.384561 0.004038 0.090998 
1.996918 0.095000 0.384561 0.003653 0.090998 
1.996699 0.085000 0.384561 0.003269 0.068077 
1.996699 0.075000 0.384561 0.002884 0.068077 
1.996473 0.065000 0.384561 0.002500 0.045909 
1.996473 0.055000 0.384561 0.002115 0.045909 
1.996240 0.045000 0.384561 0.001731 0.024445 
1.996240 0.035000 0.384561 0.001346 0.024445 
1.996240 0.025000 0.384561 0.000961 0.024445 
1.995999 0.015000 0.384561 0.000577 0.003640 
