1.999998 9.985000 28.334694 28.292192 5.424288 
1.999998 9.975000 28.334694 28.263857 5.424288 
1.999998 9.965000 28.334694 28.235523 5.424288 
1.999998 9.955000 28.334694 28.207188 5.424288 
1.999998 9.945000 28.334694 28.178853 5.424288 
1.999998 9.935000 28.334694 28.150518 5.424288 
1.999998 9.925000 28.334694 28.122184 5.424288 
1.999998 9.915000 28.334694 28.093849 5.424288 
1.999998 9.905000 28.334694 28.065514 5.424288 
1.999998 9.895000 28.334694 28.037180 5.424288 
1.999998 9.885000 28.334694 28.008845 5.424288 
1.999998 9.875000 28.334694 27.980510 5.424288 
1.999998 9.865000 28.334694 27.952176 5.424288 
1.999998 9.855000 28.334694 27.923841 5.424288 
1.999998 9.845000 28.334694 27.895506 5.424288 
1.999998 9.835000 28.334694 27.867171 5.424288 
1.999998 9.825000 28.334694 27.838837 5.424288 
1.999998 9.815000 28.334694 27.810502 5.424288 
1.999998 9.805000 28.334694 27.782167 5.424288 
1.999998 9.795000 28.334694 27.753833 5.424288 
1.999998 9.785000 28.334694 27.725498 5.424288 
1.999998 9.775000 28.334694 27.697163 5.424288 
1.999998 9.765000 28.334694 27.668829 5.424288 
1.999998 9.755000 28.334694 27.640494 5.424288 
1.999998 9.745000 28.334694 27.612159 5.424288 
1.999998 9.735000 28.334694 27.583825 5.424288 
1.999998 9.725000 28.334694 27.555490 5.424288 
1.999998 9.715000 28.334694 27.527155 5.424288 
1.999998 9.705000 28.334694 27.498820 5.424288 
1.999998 9.695000 28.334694 27.470486 5.424288 
1.999998 9.685000 28.334694 27.442151 5.424288 
1.999998 9.675000 28.334694 27.413816 5.424288 
1.999998 9.665000 28.334694 27.385482 5.424288 
1.999998 9.655000 28.334694 27.357147 5.424288 
1.999998 9.645000 28.334694 27.328812 5.424288 
1.999998 9.635000 28.334694 27.300478 5.424288 
1.999998 9.625000 28.334694 27.272143 5.424288 
1.999998 9.615000 28.334694 27.243808 5.424288 
1.999998 9.605000 28.334694 27.215474 5.424288 
1.999998 9.595000 28.334694 27.187139 5.424288 
1.999998 9.585000 28.334694 27.158804 5.424288 
1.999998 9.575000 28.334694 27.130469 5.424288 
1.999998 9.565000 28.334694 27.102135 5.424288 
1.999998 9.555000 28.334694 27.073800 5.424288 
1.999998 9.545000 28.334694 27.045465 5.424288 
1.999998 9.535000 28.334694 27.017131 5.424288 
1.999998 9.525000 28.334694 26.988796 5.424288 
1.999998 9.515000 28.334694 26.960461 5.424288 
1.999998 9.505000 28.334694 26.932127 5.424288 
1.999998 9.495000 28.334694 26.903792 5.424288 
1.999998 9.485000 28.334694 26.875457 5.424288 
1.999998 9.475000 28.334694 26.847123 5.424288 
1.999998 9.465000 28.334694 26.818788 5.424288 
1.999998 9.455000 28.334694 26.790453 5.424288 
1.999998 9.445000 28.334694 26.762118 5.424288 
1.999998 9.435000 28.334694 26.733784 5.424288 
1.999998 9.425000 28.334694 26.705449 5.424288 
1.999998 9.415000 28.334694 26.677114 5.424288 
1.999998 9.405000 28.334694 26.648780 5.424288 
1.999998 9.395000 28.334694 26.620445 5.424288 
1.999998 9.385000 28.334694 26.592110 5.424288 
1.999998 9.375000 28.334694 26.563776 5.424288 
1.999998 9.365000 28.334694 26.535441 5.424288 
1.999998 9.355000 28.334694 26.507106 5.424288 
1.999998 9.345000 28.334694 26.478771 5.424288 
1.999998 9.335000 28.334694 26.450437 5.424288 
1.999998 9.325000 28.334694 26.422102 5.424288 
1.999998 9.315000 28.334694 26.393767 5.424288 
1.999998 9.305000 28.334694 26.365433 5.424288 
1.999998 9.295000 28.334694 26.337098 5.424288 
1.999998 9.285000 28.334694 26.308763 5.424288 
1.999998 9.275000 28.334694 26.280429 5.424288 
1.999998 9.265000 28.334694 26.252094 5.424288 
1.999998 9.255000 28.334694 26.223759 5.424288 
1.999998 9.245000 28.334694 26.195425 5.424288 
1.999998 9.235000 28.334694 26.167090 5.424288 
1.999998 9.225000 28.334694 26.138755 5.424288 
1.999998 9.215000 28.334694 26.110420 5.424288 
1.999998 9.205000 28.334694 26.082086 5.424288 
1.999998 9.195000 28.334694 26.053751 5.424288 
1.999998 9.185000 28.334694 26.025416 5.424288 
1.999998 9.175000 28.334694 25.997082 5.424288 
1.999998 9.165000 28.334694 25.968747 5.424288 
1.999998 9.155000 28.334694 25.940412 5.424288 
1.999998 9.145000 28.334694 25.912078 5.424288 
1.999998 9.135000 28.334694 25.883743 5.424288 
1.999998 9.125000 28.334694 25.855408 5.424288 
1.999998 9.115000 28.334694 25.827074 5.424288 
1.999998 9.105000 28.334694 25.798739 5.424288 
1.999998 9.095000 28.334694 25.770404 5.424288 
1.999998 9.085000 28.334694 25.742069 5.424288 
1.999998 9.075000 28.334694 25.713735 5.424288 
1.999998 9.065000 28.334694 25.685400 5.424288 
1.999998 9.055000 28.334694 25.657065 5.424288 
1.999998 9.045000 28.334694 25.628731 5.424288 
1.999998 9.035000 28.334694 25.600396 5.424288 
1.999998 9.025000 28.334694 25.572061 5.424288 
1.999998 9.015000 28.334694 25.543727 5.424288 
1.999998 9.005000 28.334694 25.515392 5.424288 
1.999998 8.995000 28.334694 25.487057 5.424288 
1.999998 8.985000 28.334694 25.458723 5.424288 
1.999998 8.975000 28.334694 25.430388 5.424288 
1.999998 8.965000 28.334694 25.402053 5.424288 
1.999998 8.955000 28.334694 25.373718 5.424288 
1.999998 8.945000 28.334694 25.345384 5.424288 
1.999998 8.935000 28.334694 25.317049 5.424288 
1.999998 8.925000 28.334694 25.288714 5.424288 
1.999998 8.915000 28.334694 25.260380 5.424288 
1.999998 8.905000 28.334694 25.232045 5.424288 
1.999998 8.895000 28.334694 25.203710 5.424288 
1.999998 8.885000 28.334694 25.175376 5.424288 
1.999998 8.875000 28.334694 25.147041 5.424288 
1.999998 8.865000 28.334694 25.118706 5.424288 
1.999998 8.855000 28.334694 25.090371 5.424288 
1.999998 8.845000 28.334694 25.062037 5.424288 
1.999998 8.835000 28.334694 25.033702 5.424288 
1.999998 8.825000 28.334694 25.005367 5.424288 
1.999998 8.815000 28.334694 24.977033 5.424288 
1.999998 8.805000 28.334694 24.948698 5.424288 
1.999998 8.795000 28.334694 24.920363 5.424288 
1.999998 8.785000 28.334694 24.892029 5.424288 
1.999998 8.775000 28.334694 24.863694 5.424288 
1.999998 8.765000 28.334694 24.835359 5.424288 
1.999998 8.755000 28.334694 24.807025 5.424288 
1.999998 8.745000 28.334694 24.778690 5.424288 
1.999998 8.735000 28.334694 24.750355 5.424288 
1.999998 8.725000 28.334694 24.722020 5.424288 
1.999998 8.715000 28.334694 24.693686 5.424288 
1.999998 8.705000 28.334694 24.665351 5.424288 
1.999998 8.695000 28.334694 24.637016 5.424288 
1.999998 8.685000 28.334694 24.608682 5.424288 
1.999998 8.675000 28.334694 24.580347 5.424288 
1.999998 8.665000 28.334694 24.552012 5.424288 
1.999998 8.655000 28.334694 24.523678 5.424288 
1.999998 8.645000 28.334694 24.495343 5.424288 
1.999998 8.635000 28.334694 24.467008 5.424288 
1.999998 8.625000 28.334694 24.438674 5.424288 
1.999998 8.615000 28.334694 24.410339 5.424288 
1.999998 8.605000 28.334694 24.382004 5.424288 
1.999998 8.595000 28.334694 24.353669 5.424288 
1.999998 8.585000 28.334694 24.325335 5.424288 
1.999998 8.575000 28.334694 24.297000 5.424288 
1.999998 8.565000 28.334694 24.268665 5.424288 
1.999998 8.555000 28.334694 24.240331 5.424288 
1.999998 8.545000 28.334694 24.211996 5.424288 
1.999998 8.535000 28.334694 24.183661 5.424288 
1.999998 8.525000 28.334694 24.155327 5.424288 
1.999998 8.515000 28.334694 24.126992 5.424288 
1.999998 8.505000 28.334694 24.098657 5.424288 
1.999998 8.495000 28.334694 24.070323 5.424288 
1.999998 8.485000 28.334694 24.041988 5.424288 
1.999998 8.475000 28.334694 24.013653 5.424288 
1.999998 8.465000 28.334694 23.985318 5.424288 
1.999998 8.455000 28.334694 23.956984 5.424288 
1.999998 8.445000 28.334694 23.928649 5.424288 
1.999998 8.435000 28.334694 23.900314 5.424288 
1.999998 8.425000 28.334694 23.871980 5.424288 
1.999998 8.415000 28.334694 23.843645 5.424288 
1.999998 8.405000 28.334694 23.815310 5.424288 
1.999998 8.395000 28.334694 23.786976 5.424288 
1.999998 8.385000 28.334694 23.758641 5.424288 
1.999998 8.375000 28.334694 23.730306 5.424288 
1.999998 8.365000 28.334694 23.701971 5.424288 
1.999998 8.355000 28.334694 23.673637 5.424288 
1.999998 8.345000 28.334694 23.645302 5.424288 
1.999998 8.335000 28.334694 23.616967 5.424288 
1.999998 8.325000 28.334694 23.588633 5.424288 
1.999998 8.315000 28.334694 23.560298 5.424288 
1.999998 8.305000 28.334694 23.531963 5.424288 
1.999998 8.295000 28.334694 23.503629 5.424288 
1.999998 8.285000 28.334694 23.475294 5.424288 
1.999998 8.275000 28.334694 23.446959 5.424288 
1.999998 8.265000 28.334694 23.418625 5.424288 
1.999998 8.255000 28.334694 23.390290 5.424288 
1.999998 8.245000 28.334694 23.361955 5.424288 
1.999998 8.235000 28.334694 23.333620 5.424288 
1.999998 8.225000 28.334694 23.305286 5.424288 
1.999998 8.215000 28.334694 23.276951 5.424288 
1.999998 8.205000 28.334694 23.248616 5.424288 
1.999998 8.195000 28.334694 23.220282 5.424288 
1.999998 8.185000 28.334694 23.191947 5.424288 
1.999998 8.175000 28.334694 23.163612 5.424288 
1.999998 8.165000 28.334694 23.135278 5.424288 
1.999998 8.155000 28.334694 23.106943 5.424288 
1.999998 8.145000 28.334694 23.078608 5.424288 
1.999998 8.135000 28.334694 23.050274 5.424288 
1.999998 8.125000 28.334694 23.021939 5.424288 
1.999998 8.115000 28.334694 22.993604 5.424288 
1.999998 8.105000 28.334694 22.965269 5.424288 
1.999998 8.095000 28.334694 22.936935 5.424288 
1.999998 8.085000 28.334694 22.908600 5.424288 
1.999998 8.075000 28.334694 22.880265 5.424288 
1.999998 8.065000 28.334694 22.851931 5.424288 
1.999998 8.055000 28.334694 22.823596 5.424288 
1.999998 8.045000 28.334694 22.795261 5.424288 
1.999998 8.035000 28.334694 22.766927 5.424288 
1.999998 8.025000 28.334694 22.738592 5.424288 
1.999998 8.015000 28.334694 22.710257 5.424288 
1.999998 8.005000 28.334694 22.681922 5.424288 
1.999998 7.995000 28.334694 22.653588 5.424288 
1.999998 7.985000 28.334694 22.625253 5.424288 
1.999998 7.975000 28.334694 22.596918 5.424288 
1.999998 7.965000 28.334694 22.568584 5.424288 
1.999998 7.955000 28.334694 22.540249 5.424288 
1.999998 7.945000 28.334694 22.511914 5.424288 
1.999998 7.935000 28.334694 22.483580 5.424288 
1.999998 7.925000 28.334694 22.455245 5.424288 
1.999998 7.915000 28.334694 22.426910 5.424288 
1.999998 7.905000 28.334694 22.398576 5.424288 
1.999998 7.895000 28.334694 22.370241 5.424288 
1.999998 7.885000 28.334694 22.341906 5.424288 
1.999998 7.875000 28.334694 22.313571 5.424288 
1.999998 7.865000 28.334694 22.285237 5.424288 
1.999998 7.855000 28.334694 22.256902 5.424288 
1.999998 7.845000 28.334694 22.228567 5.424288 
1.999998 7.835000 28.334694 22.200233 5.424288 
1.999998 7.825000 28.334694 22.171898 5.424288 
1.999998 7.815000 28.334694 22.143563 5.424288 
1.999998 7.805000 28.334694 22.115229 5.424288 
1.999998 7.795000 28.334694 22.086894 5.424288 
1.999998 7.785000 28.334694 22.058559 5.424288 
1.999998 7.775000 28.334694 22.030225 5.424288 
1.999998 7.765000 28.334694 22.001890 5.424288 
1.999998 7.755000 28.334694 21.973555 5.424288 
1.999998 7.745000 28.334694 21.945220 5.424288 
1.999998 7.735000 28.334694 21.916886 5.424288 
1.999998 7.725000 28.334694 21.888551 5.424288 
1.999998 7.715000 28.334694 21.860216 5.424288 
1.999998 7.705000 28.334694 21.831882 5.424288 
1.999998 7.695000 28.334694 21.803547 5.424288 
1.999998 7.685000 28.334694 21.775212 5.424288 
1.999998 7.675000 28.334694 21.746878 5.424288 
1.999998 7.665000 28.334694 21.718543 5.424288 
1.999998 7.655000 28.334694 21.690208 5.424288 
1.999998 7.645000 28.334694 21.661874 5.424288 
1.999998 7.635000 28.334694 21.633539 5.424288 
1.999998 7.625000 28.334694 21.605204 5.424288 
1.999998 7.615000 28.334694 21.576869 5.424288 
1.999998 7.605000 28.334694 21.548535 5.424288 
1.999998 7.595000 28.334694 21.520200 5.424288 
1.999998 7.585000 28.334694 21.491865 5.424288 
1.999998 7.575000 28.334694 21.463531 5.424288 
1.999998 7.565000 28.334694 21.435196 5.424288 
1.999998 7.555000 28.334694 21.406861 5.424288 
1.999998 7.545000 28.334694 21.378527 5.424288 
1.999998 7.535000 28.334694 21.350192 5.424288 
1.999998 7.525000 28.334694 21.321857 5.424288 
1.999998 7.515000 28.334694 21.293522 5.424288 
1.999998 7.505000 28.334694 21.265188 5.424288 
1.999998 7.495000 28.334694 21.236853 5.424288 
1.999998 7.485000 28.334694 21.208518 5.424288 
1.999998 7.475000 28.334694 21.180184 5.424288 
1.999998 7.465000 28.334694 21.151849 5.424288 
1.999998 7.455000 28.334694 21.123514 5.424288 
1.999998 7.445000 28.334694 21.095180 5.424288 
1.999998 7.435000 28.334694 21.066845 5.424288 
1.999998 7.425000 28.334694 21.038510 5.424288 
1.999998 7.415000 28.334694 21.010176 5.424288 
1.999998 7.405000 28.334694 20.981841 5.424288 
1.999998 7.395000 28.334694 20.953506 5.424288 
1.999998 7.385000 28.334694 20.925171 5.424288 
1.999998 7.375000 28.334694 20.896837 5.424288 
1.999998 7.365000 28.334694 20.868502 5.424288 
1.999998 7.355000 28.334694 20.840167 5.424288 
1.999998 7.345000 28.334694 20.811833 5.424288 
1.999998 7.335000 28.334694 20.783498 5.424288 
1.999998 7.325000 28.334694 20.755163 5.424288 
1.999998 7.315000 28.334694 20.726829 5.424288 
1.999998 7.305000 28.334694 20.698494 5.424288 
1.999998 7.295000 28.334694 20.670159 5.424288 
1.999998 7.285000 28.334694 20.641825 5.424288 
1.999998 7.275000 28.334694 20.613490 5.424288 
1.999998 7.265000 28.334694 20.585155 5.424288 
1.999998 7.255000 28.334694 20.556820 5.424288 
1.999998 7.245000 28.334694 20.528486 5.424288 
1.999998 7.235000 28.334694 20.500151 5.424288 
1.999998 7.225000 28.334694 20.471816 5.424288 
1.999998 7.215000 28.334694 20.443482 5.424288 
1.999998 7.205000 28.334694 20.415147 5.424288 
1.999998 7.195000 28.334694 20.386812 5.424288 
1.999998 7.185000 28.334694 20.358478 5.424288 
1.999998 7.175000 28.334694 20.330143 5.424288 
1.999998 7.165000 28.334694 20.301808 5.424288 
1.999998 7.155000 28.334694 20.273474 5.424288 
1.999998 7.145000 28.334694 20.245139 5.424288 
1.999998 7.135000 28.334694 20.216804 5.424288 
1.999998 7.125000 28.334694 20.188469 5.424288 
1.999998 7.115000 28.334694 20.160135 5.424288 
1.999998 7.105000 28.334694 20.131800 5.424288 
1.999998 7.095000 28.334694 20.103465 5.424288 
1.999998 7.085000 28.334694 20.075131 5.424288 
1.999998 7.075000 28.334694 20.046796 5.424288 
1.999998 7.065000 28.334694 20.018461 5.424288 
1.999998 7.055000 28.334694 19.990127 5.424288 
1.999998 7.045000 28.334694 19.961792 5.424288 
1.999998 7.035000 28.334694 19.933457 5.424288 
1.999998 7.025000 28.334694 19.905122 5.424288 
1.999998 7.015000 28.334694 19.876788 5.424288 
1.999998 7.005000 28.334694 19.848453 5.424288 
1.999998 6.995000 28.334694 19.820118 5.424288 
1.999998 6.985000 28.334694 19.791784 5.424288 
1.999998 6.975000 28.334694 19.763449 5.424288 
1.999998 6.965000 28.334694 19.735114 5.424288 
1.999998 6.955000 28.334694 19.706780 5.424288 
1.999998 6.945000 28.334694 19.678445 5.424288 
1.999998 6.935000 28.334694 19.650110 5.424288 
1.999998 6.925000 28.334694 19.621776 5.424288 
1.999998 6.915000 28.334694 19.593441 5.424288 
1.999998 6.905000 28.334694 19.565106 5.424288 
1.999998 6.895000 28.334694 19.536771 5.424288 
1.999998 6.885000 28.334694 19.508437 5.424288 
1.999998 6.875000 28.334694 19.480102 5.424288 
1.999998 6.865000 28.334694 19.451767 5.424288 
1.999998 6.855000 28.334694 19.423433 5.424288 
1.999998 6.845000 28.334694 19.395098 5.424288 
1.999998 6.835000 28.334694 19.366763 5.424288 
1.999998 6.825000 28.334694 19.338429 5.424288 
1.999998 6.815000 28.334694 19.310094 5.424288 
1.999998 6.805000 28.334694 19.281759 5.424288 
1.999998 6.795000 28.334694 19.253425 5.424288 
1.999998 6.785000 28.334694 19.225090 5.424288 
1.999998 6.775000 28.334694 19.196755 5.424288 
1.999998 6.765000 28.334694 19.168420 5.424288 
1.999998 6.755000 28.334694 19.140086 5.424288 
1.999998 6.745000 28.334694 19.111751 5.424288 
1.999998 6.735000 28.334694 19.083416 5.424288 
1.999998 6.725000 28.334694 19.055082 5.424288 
1.999998 6.715000 28.334694 19.026747 5.424288 
1.999998 6.705000 28.334694 18.998412 5.424288 
1.999998 6.695000 28.334694 18.970078 5.424288 
1.999998 6.685000 28.334694 18.941743 5.424288 
1.999998 6.675000 28.334694 18.913408 5.424288 
1.999998 6.665000 28.334694 18.885074 5.424288 
1.999998 6.655000 28.334694 18.856739 5.424288 
1.999998 6.645000 28.334694 18.828404 5.424288 
1.999998 6.635000 28.334694 18.800069 5.424288 
1.999998 6.625000 28.334694 18.771735 5.424288 
1.999998 6.615000 28.334694 18.743400 5.424288 
1.999998 6.605000 28.334694 18.715065 5.424288 
1.999998 6.595000 28.334694 18.686731 5.424288 
1.999998 6.585000 28.334694 18.658396 5.424288 
1.999998 6.575000 28.334694 18.630061 5.424288 
1.999998 6.565000 28.334694 18.601727 5.424288 
1.999998 6.555000 28.334694 18.573392 5.424288 
1.999998 6.545000 28.334694 18.545057 5.424288 
1.999998 6.535000 28.334694 18.516722 5.424288 
1.999998 6.525000 28.334694 18.488388 5.424288 
1.999998 6.515000 28.334694 18.460053 5.424288 
1.999998 6.505000 28.334694 18.431718 5.424288 
1.999998 6.495000 28.334694 18.403384 5.424288 
1.999998 6.485000 28.334694 18.375049 5.424288 
1.999998 6.475000 28.334694 18.346714 5.424288 
1.999998 6.465000 28.334694 18.318380 5.424288 
1.999998 6.455000 28.334694 18.290045 5.424288 
1.999998 6.445000 28.334694 18.261710 5.424288 
1.999998 6.435000 28.334694 18.233376 5.424288 
1.999998 6.425000 28.334694 18.205041 5.424288 
1.999998 6.415000 28.334694 18.176706 5.424288 
1.999998 6.405000 28.334694 18.148371 5.424288 
1.999998 6.395000 28.334694 18.120037 5.424288 
1.999998 6.385000 28.334694 18.091702 5.424288 
1.999998 6.375000 28.334694 18.063367 5.424288 
1.999998 6.365000 28.334694 18.035033 5.424288 
1.999998 6.355000 28.334694 18.006698 5.424288 
1.999998 6.345000 28.334694 17.978363 5.424288 
1.999998 6.335000 28.334694 17.950029 5.424288 
1.999998 6.325000 28.334694 17.921694 5.424288 
1.999998 6.315000 28.334694 17.893359 5.424288 
1.999998 6.305000 28.334694 17.865025 5.424288 
1.999998 6.295000 28.334694 17.836690 5.424288 
1.999998 6.285000 28.334694 17.808355 5.424288 
1.999998 6.275000 28.334694 17.780020 5.424288 
1.999998 6.265000 28.334694 17.751686 5.424288 
1.999998 6.255000 28.334694 17.723351 5.424288 
1.999998 6.245000 28.334694 17.695016 5.424288 
1.999998 6.235000 28.334694 17.666682 5.424288 
1.999998 6.225000 28.334694 17.638347 5.424288 
1.999998 6.215000 28.334694 17.610012 5.424288 
1.999998 6.205000 28.334694 17.581678 5.424288 
1.999998 6.195000 28.334694 17.553343 5.424288 
1.999998 6.185000 28.334694 17.525008 5.424288 
1.999998 6.175000 28.334694 17.496674 5.424288 
1.999998 6.165000 28.334694 17.468339 5.424288 
1.999998 6.155000 28.334694 17.440004 5.424288 
1.999998 6.145000 28.334694 17.411669 5.424288 
1.999998 6.135000 28.334694 17.383335 5.424288 
1.999998 6.125000 28.334694 17.355000 5.424288 
1.999998 6.115000 28.334694 17.326665 5.424288 
1.999998 6.105000 28.334694 17.298331 5.424288 
1.999998 6.095000 28.334694 17.269996 5.424288 
1.999998 6.085000 28.334694 17.241661 5.424288 
1.999998 6.075000 28.334694 17.213327 5.424288 
1.999998 6.065000 28.334694 17.184992 5.424288 
1.999998 6.055000 28.334694 17.156657 5.424288 
1.999998 6.045000 28.334694 17.128322 5.424288 
1.999998 6.035000 28.334694 17.099988 5.424288 
1.999998 6.025000 28.334694 17.071653 5.424288 
1.999998 6.015000 28.334694 17.043318 5.424288 
1.999998 6.005000 28.334694 17.014984 5.424288 
1.999998 5.995000 28.334694 16.986649 5.424288 
1.999998 5.985000 28.334694 16.958314 5.424288 
1.999998 5.975000 28.334694 16.929980 5.424288 
1.999998 5.965000 28.334694 16.901645 5.424288 
1.999998 5.955000 28.334694 16.873310 5.424288 
1.999998 5.945000 28.334694 16.844976 5.424288 
1.999998 5.935000 28.334694 16.816641 5.424288 
1.999998 5.925000 28.334694 16.788306 5.424288 
1.999998 5.915000 28.334694 16.759971 5.424288 
1.999998 5.905000 28.334694 16.731637 5.424288 
1.999998 5.895000 28.334694 16.703302 5.424288 
1.999998 5.885000 28.334694 16.674967 5.424288 
1.999998 5.875000 28.334694 16.646633 5.424288 
1.999998 5.865000 28.334694 16.618298 5.424288 
1.999998 5.855000 28.334694 16.589963 5.424288 
1.999998 5.845000 28.334694 16.561629 5.424288 
1.999998 5.835000 28.334694 16.533294 5.424288 
1.999998 5.825000 28.334694 16.504959 5.424288 
1.999998 5.815000 28.334694 16.476625 5.424288 
1.999998 5.805000 28.334694 16.448290 5.424288 
1.999998 5.795000 28.334694 16.419955 5.424288 
1.999998 5.785000 28.334694 16.391620 5.424288 
1.999998 5.775000 28.334694 16.363286 5.424288 
1.999998 5.765000 28.334694 16.334951 5.424288 
1.999998 5.755000 28.334694 16.306616 5.424288 
1.999998 5.745000 28.334694 16.278282 5.424288 
1.999998 5.735000 28.334694 16.249947 5.424288 
1.999998 5.725000 28.334694 16.221612 5.424288 
1.999998 5.715000 28.334694 16.193278 5.424288 
1.999998 5.705000 28.334694 16.164943 5.424288 
1.999998 5.695000 28.334694 16.136608 5.424288 
1.999998 5.685000 28.334694 16.108274 5.424288 
1.999998 5.675000 28.334694 16.079939 5.424288 
1.999998 5.665000 28.334694 16.051604 5.424288 
1.999998 5.655000 28.334694 16.023269 5.424288 
1.999998 5.645000 28.334694 15.994935 5.424288 
1.999998 5.635000 28.334694 15.966600 5.424288 
1.999998 5.625000 28.334694 15.938265 5.424288 
1.999998 5.615000 28.334694 15.909931 5.424288 
1.999998 5.605000 28.334694 15.881596 5.424288 
1.999998 5.595000 28.334694 15.853261 5.424288 
1.999998 5.585000 28.334694 15.824927 5.424288 
1.999998 5.575000 28.334694 15.796592 5.424288 
1.999998 5.565000 28.334694 15.768257 5.424288 
1.999998 5.555000 28.334694 15.739922 5.424288 
1.999998 5.545000 28.334694 15.711588 5.424288 
1.999998 5.535000 28.334694 15.683253 5.424288 
1.999998 5.525000 28.334694 15.654918 5.424288 
1.999998 5.515000 28.334694 15.626584 5.424288 
1.999998 5.505000 28.334694 15.598249 5.424288 
1.999998 5.495000 28.334694 15.569914 5.424288 
1.999998 5.485000 28.334694 15.541580 5.424288 
1.999998 5.475000 28.334694 15.513245 5.424288 
1.999998 5.465000 28.334694 15.484910 5.424288 
1.999998 5.455000 28.334694 15.456576 5.424288 
1.999998 5.445000 28.334694 15.428241 5.424288 
1.999998 5.435000 28.334694 15.399906 5.424288 
1.999989 5.415000 28.334694 15.343237 4.838964 
1.999989 5.405000 28.334694 15.314902 4.838964 
1.999989 5.395000 28.334694 15.286567 4.838964 
1.999989 5.385000 28.334694 15.258233 4.838964 
1.999989 5.375000 28.334694 15.229898 4.838964 
1.999989 5.365000 28.334694 15.201563 4.838964 
1.999989 5.355000 28.334694 15.173229 4.838964 
1.999989 5.345000 28.334694 15.144894 4.838964 
1.999989 5.335000 28.334694 15.116559 4.838964 
1.999989 5.325000 28.334694 15.088225 4.838964 
1.999989 5.315000 28.334694 15.059890 4.838964 
1.999989 5.305000 28.334694 15.031555 4.838964 
1.999989 5.295000 28.334694 15.003220 4.838964 
1.999989 5.285000 28.334694 14.974886 4.838964 
1.999989 5.275000 28.334694 14.946551 4.838964 
1.999989 5.265000 28.334694 14.918216 4.838964 
1.999989 5.255000 28.334694 14.889882 4.838964 
1.999989 5.245000 28.334694 14.861547 4.838964 
1.999989 5.235000 28.334694 14.833212 4.838964 
1.999989 5.225000 28.334694 14.804878 4.838964 
1.999989 5.215000 28.334694 14.776543 4.838964 
1.999989 5.205000 28.334694 14.748208 4.838964 
1.999989 5.195000 28.334694 14.719874 4.838964 
1.999989 5.185000 28.334694 14.691539 4.838964 
1.999989 5.175000 28.334694 14.663204 4.838964 
1.999989 5.165000 28.334694 14.634869 4.838964 
1.999989 5.155000 28.334694 14.606535 4.838964 
1.999989 5.145000 28.334694 14.578200 4.838964 
1.999989 5.135000 28.334694 14.549865 4.838964 
1.999989 5.125000 28.334694 14.521531 4.838964 
1.999989 5.115000 28.334694 14.493196 4.838964 
1.999989 5.105000 28.334694 14.464861 4.838964 
1.999989 5.095000 28.334694 14.436527 4.838964 
1.999989 5.085000 28.334694 14.408192 4.838964 
1.999989 5.075000 28.334694 14.379857 4.838964 
1.999989 5.065000 28.334694 14.351522 4.838964 
1.999989 5.055000 28.334694 14.323188 4.838964 
1.999989 5.045000 28.334694 14.294853 4.838964 
1.999989 5.035000 28.334694 14.266518 4.838964 
1.999989 5.025000 28.334694 14.238184 4.838964 
1.999989 5.015000 28.334694 14.209849 4.838964 
1.999989 5.005000 28.334694 14.181514 4.838964 
1.999989 4.995000 28.334694 14.153180 4.838964 
1.999989 4.985000 28.334694 14.124845 4.838964 
1.999989 4.975000 28.334694 14.096510 4.838964 
1.999989 4.965000 28.334694 14.068176 4.838964 
1.999989 4.955000 28.334694 14.039841 4.838964 
1.999989 4.945000 28.334694 14.011506 4.838964 
1.999989 4.935000 28.334694 13.983171 4.838964 
1.999989 4.925000 28.334694 13.954837 4.838964 
1.999989 4.915000 28.334694 13.926502 4.838964 
1.999989 4.905000 28.334694 13.898167 4.838964 
1.999989 4.895000 28.334694 13.869833 4.838964 
1.999989 4.885000 28.334694 13.841498 4.838964 
1.999989 4.875000 28.334694 13.813163 4.838964 
1.999989 4.865000 28.334694 13.784829 4.838964 
1.999989 4.855000 28.334694 13.756494 4.838964 
1.999989 4.845000 28.334694 13.728159 4.838964 
1.999973 4.835000 28.334694 13.699825 4.532162 
1.999973 4.825000 28.334694 13.671490 4.532162 
1.999973 4.815000 28.334694 13.643155 4.532162 
1.999973 4.805000 28.334694 13.614820 4.532162 
1.999973 4.795000 28.334694 13.586486 4.532162 
1.999973 4.785000 28.334694 13.558151 4.532162 
1.999973 4.775000 28.334694 13.529816 4.532162 
1.999973 4.765000 28.334694 13.501482 4.532162 
1.999973 4.755000 28.334694 13.473147 4.532162 
1.999973 4.745000 28.334694 13.444812 4.532162 
1.999973 4.735000 28.334694 13.416478 4.532162 
1.999973 4.725000 28.334694 13.388143 4.532162 
1.999973 4.715000 28.334694 13.359808 4.532162 
1.999973 4.705000 28.334694 13.331473 4.532162 
1.999973 4.695000 28.334694 13.303139 4.532162 
1.999973 4.685000 28.334694 13.274804 4.532162 
1.999973 4.675000 28.334694 13.246469 4.532162 
1.999973 4.665000 28.334694 13.218135 4.532162 
1.999973 4.655000 28.334694 13.189800 4.532162 
1.999973 4.645000 28.334694 13.161465 4.532162 
1.999973 4.635000 28.334694 13.133131 4.532162 
1.999973 4.625000 28.334694 13.104796 4.532162 
1.999973 4.615000 28.334694 13.076461 4.532162 
1.999973 4.605000 28.334694 13.048127 4.532162 
1.999973 4.595000 28.334694 13.019792 4.532162 
1.999973 4.585000 28.334694 12.991457 4.532162 
1.999973 4.575000 28.334694 12.963122 4.532162 
1.999973 4.565000 28.334694 12.934788 4.532162 
1.999973 4.555000 28.334694 12.906453 4.532162 
1.999973 4.545000 28.334694 12.878118 4.532162 
1.999973 4.535000 28.334694 12.849784 4.532162 
1.999949 4.525000 28.334694 12.821449 4.322844 
1.999949 4.515000 28.334694 12.793114 4.322844 
1.999949 4.505000 28.334694 12.764780 4.322844 
1.999949 4.495000 28.334694 12.736445 4.322844 
1.999949 4.485000 28.334694 12.708110 4.322844 
1.999949 4.475000 28.334694 12.679776 4.322844 
1.999949 4.465000 28.334694 12.651441 4.322844 
1.999949 4.455000 28.334694 12.623106 4.322844 
1.999949 4.445000 28.334694 12.594771 4.322844 
1.999949 4.435000 28.334694 12.566437 4.322844 
1.999949 4.425000 28.334694 12.538102 4.322844 
1.999949 4.415000 28.334694 12.509767 4.322844 
1.999949 4.405000 28.334694 12.481433 4.322844 
1.999949 4.395000 28.334694 12.453098 4.322844 
1.999949 4.385000 28.334694 12.424763 4.322844 
1.999949 4.375000 28.334694 12.396429 4.322844 
1.999949 4.365000 28.334694 12.368094 4.322844 
1.999949 4.355000 28.334694 12.339759 4.322844 
1.999949 4.345000 28.334694 12.311425 4.322844 
1.999949 4.335000 28.334694 12.283090 4.322844 
1.999949 4.325000 28.334694 12.254755 4.322844 
1.999917 4.315000 28.334694 12.226420 4.163772 
1.999917 4.305000 28.334694 12.198086 4.163772 
1.999917 4.295000 28.334694 12.169751 4.163772 
1.999917 4.285000 28.334694 12.141416 4.163772 
1.999917 4.275000 28.334694 12.113082 4.163772 
1.999917 4.265000 28.334694 12.084747 4.163772 
1.999917 4.255000 28.334694 12.056412 4.163772 
1.999917 4.245000 28.334694 12.028078 4.163772 
1.999917 4.235000 28.334694 11.999743 4.163772 
1.999917 4.225000 28.334694 11.971408 4.163772 
1.999917 4.215000 28.334694 11.943073 4.163772 
1.999917 4.205000 28.334694 11.914739 4.163772 
1.999917 4.195000 28.334694 11.886404 4.163772 
1.999917 4.185000 28.334694 11.858069 4.163772 
1.999917 4.175000 28.334694 11.829735 4.163772 
1.999917 4.165000 28.334694 11.801400 4.163772 
1.999878 4.155000 28.334694 11.773065 4.035431 
1.999878 4.145000 28.334694 11.744731 4.035431 
1.999878 4.135000 28.334694 11.716396 4.035431 
1.999878 4.125000 28.334694 11.688061 4.035431 
1.999878 4.115000 28.334694 11.659727 4.035431 
1.999878 4.105000 28.334694 11.631392 4.035431 
1.999878 4.095000 28.334694 11.603057 4.035431 
1.999878 4.085000 28.334694 11.574722 4.035431 
1.999878 4.075000 28.334694 11.546388 4.035431 
1.999878 4.065000 28.334694 11.518053 4.035431 
1.999878 4.055000 28.334694 11.489718 4.035431 
1.999878 4.045000 28.334694 11.461384 4.035431 
1.999832 4.035000 28.334694 11.433049 3.927845 
1.999832 4.025000 28.334694 11.404714 3.927845 
1.999832 4.015000 28.334694 11.376380 3.927845 
1.999832 4.005000 28.334694 11.348045 3.927845 
1.999832 3.995000 28.334694 11.319710 3.927845 
1.999832 3.985000 28.334694 11.291376 3.927845 
1.999832 3.975000 28.334694 11.263041 3.927845 
1.999832 3.965000 28.334694 11.234706 3.927845 
1.999832 3.955000 28.334694 11.206371 3.927845 
1.999832 3.945000 28.334694 11.178037 3.927845 
1.999832 3.935000 28.334694 11.149702 3.927845 
1.999778 3.925000 28.334694 11.121367 3.835225 
1.999778 3.915000 28.334694 11.093033 3.835225 
1.999778 3.905000 28.334694 11.064698 3.835225 
1.999778 3.895000 28.334694 11.036363 3.835225 
1.999778 3.885000 28.334694 11.008029 3.835225 
1.999778 3.875000 28.334694 10.979694 3.835225 
1.999778 3.865000 28.334694 10.951359 3.835225 
1.999778 3.855000 28.334694 10.923025 3.835225 
1.999778 3.845000 28.334694 10.894690 3.835225 
1.999717 3.835000 28.334694 10.866355 3.753907 
1.999717 3.825000 28.334694 10.838020 3.753907 
1.999717 3.815000 28.334694 10.809686 3.753907 
1.999717 3.805000 28.334694 10.781351 3.753907 
1.999717 3.795000 28.334694 10.753016 3.753907 
1.999717 3.785000 28.334694 10.724682 3.753907 
1.999717 3.775000 28.334694 10.696347 3.753907 
1.999717 3.765000 28.334694 10.668012 3.753907 
1.999717 3.755000 28.334694 10.639678 3.753907 
1.999648 3.745000 28.334694 10.611343 3.681430 
1.999648 3.735000 28.334694 10.583008 3.681430 
1.999648 3.725000 28.334694 10.554673 3.681430 
1.999648 3.715000 28.334694 10.526339 3.681430 
1.999648 3.705000 28.334694 10.498004 3.681430 
1.999648 3.695000 28.334694 10.469669 3.681430 
1.999648 3.685000 28.334694 10.441335 3.681430 
1.999572 3.675000 28.334694 10.413000 3.616057 
1.999572 3.665000 28.334694 10.384665 3.616057 
1.999572 3.655000 28.334694 10.356331 3.616057 
1.999572 3.645000 28.334694 10.327996 3.616057 
1.999572 3.635000 28.334694 10.299661 3.616057 
1.999572 3.625000 28.334694 10.271327 3.616057 
1.999488 3.615000 28.334694 10.242992 3.556516 
1.999488 3.605000 28.334694 10.214657 3.556516 
1.999488 3.595000 28.334694 10.186322 3.556516 
1.999488 3.585000 28.334694 10.157988 3.556516 
1.999488 3.575000 28.334694 10.129653 3.556516 
1.999488 3.565000 28.334694 10.101318 3.556516 
1.999396 3.555000 28.334694 10.072984 3.501851 
1.999396 3.545000 28.334694 10.044649 3.501851 
1.999396 3.535000 28.334694 10.016314 3.501851 
1.999396 3.525000 28.334694 9.987980 3.501851 
1.999396 3.515000 28.334694 9.959645 3.501851 
1.999396 3.505000 28.334694 9.931310 3.501851 
1.999298 3.495000 28.334694 9.902976 3.451321 
1.999298 3.485000 28.334694 9.874641 3.451321 
1.999298 3.475000 28.334694 9.846306 3.451321 
1.999298 3.465000 28.334694 9.817971 3.451321 
1.999298 3.455000 28.334694 9.789637 3.451321 
1.999191 3.445000 28.334694 9.761302 3.404344 
1.999191 3.435000 28.334694 9.732967 3.404344 
1.999191 3.425000 28.334694 9.704633 3.404344 
1.999191 3.415000 28.334694 9.676298 3.404344 
1.999191 3.405000 28.334694 9.647963 3.404344 
1.999078 3.395000 28.334694 9.619629 3.360451 
1.999078 3.385000 28.334694 9.591294 3.360451 
1.999078 3.375000 28.334694 9.562959 3.360451 
1.999078 3.365000 28.334694 9.534625 3.360451 
1.998956 3.355000 28.334694 9.506290 3.319261 
1.998956 3.345000 28.334694 9.477955 3.319261 
1.998956 3.335000 28.334694 9.449620 3.319261 
1.998956 3.325000 28.334694 9.421286 3.319261 
1.998828 3.315000 28.334694 9.392951 3.280459 
1.998828 3.305000 28.334694 9.364616 3.280459 
1.998828 3.295000 28.334694 9.336282 3.280459 
1.998828 3.285000 28.334694 9.307947 3.280459 
1.998692 3.275000 28.334694 9.279612 3.243782 
1.998692 3.265000 28.334694 9.251278 3.243782 
1.998692 3.255000 28.334694 9.222943 3.243782 
1.998692 3.245000 28.334694 9.194608 3.243782 
1.998548 3.235000 28.334694 9.166273 3.209009 
1.998548 3.225000 28.334694 9.137939 3.209009 
1.998548 3.215000 28.334694 9.109604 3.209009 
1.998397 3.205000 28.334694 9.081269 3.175951 
1.998397 3.195000 28.334694 9.052935 3.175951 
1.998397 3.185000 28.334694 9.024600 3.175951 
1.998238 3.175000 28.334694 8.996265 3.144445 
1.998238 3.165000 28.334694 8.967931 3.144445 
1.998238 3.155000 28.334694 8.939596 3.144445 
1.998238 3.145000 28.334694 8.911261 3.144445 
1.998072 3.135000 28.334694 8.882927 3.114352 
1.998072 3.125000 28.334694 8.854592 3.114352 
1.998072 3.115000 28.334694 8.826257 3.114352 
1.997899 3.105000 28.334694 8.797922 3.085550 
1.997899 3.095000 28.334694 8.769588 3.085550 
1.997718 3.085000 28.334694 8.741253 3.057931 
1.997718 3.075000 28.334694 8.712918 3.057931 
1.997718 3.065000 28.334694 8.684584 3.057931 
1.997529 3.055000 28.334694 8.656249 3.031401 
1.997529 3.045000 28.334694 8.627914 3.031401 
1.997529 3.035000 28.334694 8.599580 3.031401 
1.997333 3.025000 28.334694 8.571245 3.005877 
1.997333 3.015000 28.334694 8.542910 3.005877 
1.997129 3.005000 28.334694 8.514576 2.981285 
1.997129 2.995000 28.334694 8.486241 2.981285 
1.997129 2.985000 28.334694 8.457906 2.981285 
1.996918 2.975000 28.334694 8.429571 2.957558 
1.996918 2.965000 28.334694 8.401237 2.957558 
1.996700 2.955000 28.334694 8.372902 2.934638 
1.996700 2.945000 28.334694 8.344567 2.934638 
1.996700 2.935000 28.334694 8.316233 2.934638 
1.996474 2.925000 28.334694 8.287898 2.912469 
1.996474 2.915000 28.334694 8.259563 2.912469 
1.996241 2.905000 28.334694 8.231229 2.891005 
1.996241 2.895000 28.334694 8.202894 2.891005 
1.996000 2.885000 28.334694 8.174559 2.870200 
1.996000 2.875000 28.334694 8.146225 2.870200 
1.995751 2.865000 28.334694 8.117890 2.850016 
1.995751 2.855000 28.334694 8.089555 2.850016 
1.995495 2.845000 28.334694 8.061220 2.830415 
1.995495 2.835000 28.334694 8.032886 2.830415 
1.995232 2.825000 28.334694 8.004551 2.811364 
1.995232 2.815000 28.334694 7.976216 2.811364 
1.994961 2.805000 28.334694 7.947882 2.792833 
1.994961 2.795000 28.334694 7.919547 2.792833 
1.994682 2.785000 28.334694 7.891212 2.774793 
1.994682 2.775000 28.334694 7.862878 2.774793 
1.994396 2.765000 28.334694 7.834543 2.757220 
1.994103 2.755000 28.334694 7.806208 2.740087 
1.994103 2.745000 28.334694 7.777873 2.740087 
1.993802 2.735000 28.334694 7.749539 2.723375 
1.993802 2.725000 28.334694 7.721204 2.723375 
1.993493 2.715000 28.334694 7.692869 2.707061 
1.993178 2.705000 28.334694 7.664535 2.691127 
1.993178 2.695000 28.334694 7.636200 2.691127 
1.992854 2.685000 28.334694 7.607865 2.675556 
1.992523 2.675000 28.334694 7.579531 2.660330 
1.992523 2.665000 28.334694 7.551196 2.660330 
1.992185 2.655000 28.334694 7.522861 2.645434 
1.991839 2.645000 28.334694 7.494527 2.630855 
1.991839 2.635000 28.334694 7.466192 2.630855 
1.991485 2.625000 28.334694 7.437857 2.616577 
1.991124 2.615000 28.334694 7.409522 2.602589 
1.991124 2.605000 28.334694 7.381188 2.602589 
1.990755 2.595000 28.334694 7.352853 2.588879 
1.990379 2.585000 28.334694 7.324518 2.575435 
1.989996 2.575000 28.334694 7.296184 2.562247 
1.989996 2.565000 28.334694 7.267849 2.562247 
1.989605 2.555000 28.334694 7.239514 2.549306 
1.989206 2.545000 28.334694 7.211180 2.536601 
1.988800 2.535000 28.334694 7.182845 2.524123 
1.988800 2.525000 28.334694 7.154510 2.524123 
1.988386 2.515000 28.334694 7.126176 2.511865 
1.987965 2.505000 28.334694 7.097841 2.499819 
1.987536 2.495000 28.334694 7.069506 2.487976 
1.987100 2.485000 28.334694 7.041171 2.476330 
1.986656 2.475000 28.334694 7.012837 2.464874 
1.986656 2.465000 28.334694 6.984502 2.464874 
1.986205 2.455000 28.334694 6.956167 2.453602 
1.985746 2.445000 28.334694 6.927833 2.442508 
1.985280 2.435000 28.334694 6.899498 2.431585 
1.984806 2.425000 28.334694 6.871163 2.420828 
1.984324 2.415000 28.334694 6.842829 2.410232 
1.983835 2.405000 28.334694 6.814494 2.399792 
1.983338 2.395000 28.334694 6.786159 2.389503 
1.982834 2.385000 28.334694 6.757825 2.379361 
1.982322 2.375000 28.334694 6.729490 2.369360 
1.981803 2.365000 28.334694 6.701155 2.359498 
1.981276 2.355000 28.334694 6.672820 2.349769 
1.980742 2.345000 28.334694 6.644486 2.340170 
1.980200 2.335000 28.334694 6.616151 2.330697 
1.979650 2.325000 28.334694 6.587816 2.321347 
1.979093 2.315000 28.334694 6.559482 2.312116 
1.978528 2.305000 28.334694 6.531147 2.303001 
1.977956 2.295000 28.334694 6.502812 2.294000 
1.976789 2.285000 28.334694 6.474478 2.276323 
1.976194 2.275000 28.334694 6.446143 2.267642 
1.975591 2.265000 28.334694 6.417808 2.259062 
1.974981 2.255000 28.334694 6.389473 2.250582 
1.974363 2.245000 28.334694 6.361139 2.242198 
1.973738 2.235000 28.334694 6.332804 2.233908 
1.972464 2.225000 28.334694 6.304469 2.217600 
1.971816 2.215000 28.334694 6.276135 2.209579 
1.971160 2.205000 28.334694 6.247800 2.201642 
1.970497 2.195000 28.334694 6.219465 2.193789 
1.969147 2.185000 28.334694 6.191131 2.178324 
1.968461 2.175000 28.334694 6.162796 2.170709 
1.967767 2.165000 28.334694 6.134461 2.163170 
1.966356 2.155000 28.334694 6.106127 2.148311 
1.965639 2.145000 28.334694 6.077792 2.140989 
1.964915 2.135000 28.334694 6.049457 2.133737 
1.963443 2.125000 28.334694 6.021122 2.119433 
1.962696 2.115000 28.334694 5.992788 2.112379 
1.961178 2.105000 28.334694 5.964453 2.098460 
1.960408 2.095000 28.334694 5.936118 2.091593 
1.959630 2.085000 28.334694 5.907784 2.084785 
1.958051 2.075000 28.334694 5.879449 2.071344 
1.957249 2.065000 28.334694 5.851114 2.064708 
1.955624 2.055000 28.334694 5.822780 2.051600 
1.953968 2.045000 28.334694 5.794445 2.038704 
1.953129 2.035000 28.334694 5.766110 2.032332 
1.951427 2.025000 28.334694 5.737776 2.019738 
1.950564 2.015000 28.334694 5.709441 2.013513 
1.948816 2.005000 28.334694 5.681106 2.001203 
1.947037 1.995000 28.334694 5.652771 1.989075 
1.946135 1.985000 28.334694 5.624437 1.983076 
1.944310 1.975000 28.334694 5.596102 1.971207 
1.942453 1.965000 28.334694 5.567767 1.959504 
1.941513 1.955000 28.334694 5.539433 1.953712 
1.939610 1.945000 28.334694 5.511098 1.942246 
1.937676 1.935000 28.334694 5.482763 1.930931 
1.935711 1.925000 28.334694 5.454429 1.919763 
1.934716 1.915000 28.334694 5.426094 1.914231 
1.932704 1.905000 28.334694 5.397759 1.903273 
1.930661 1.895000 28.334694 5.369425 1.892448 
1.928586 1.885000 28.334694 5.341090 1.881753 
1.926480 1.875000 28.334694 5.312755 1.871184 
1.924343 1.865000 28.334694 5.284420 1.860736 
1.922175 1.855000 28.334694 5.256086 1.850405 
1.919975 1.845000 28.334694 5.227751 1.840189 
1.917743 1.835000 28.334694 5.199416 1.830082 
1.915480 1.825000 28.334694 5.171082 1.820083 
1.913186 1.815000 28.334694 5.142747 1.810187 
1.910860 1.805000 28.334694 5.114412 1.800391 
1.908502 1.795000 28.334694 5.086078 1.790692 
1.906112 1.785000 28.334694 5.057743 1.781088 
1.903691 1.775000 28.334694 5.029408 1.771575 
1.901238 1.765000 28.334694 5.001073 1.762151 
1.898753 1.755000 28.334694 4.972739 1.752812 
1.896236 1.745000 28.334694 4.944404 1.743557 
1.893687 1.735000 28.334694 4.916069 1.734384 
1.889804 1.725000 28.334694 4.887735 1.720770 
1.887175 1.715000 28.334694 4.859400 1.711788 
1.884514 1.705000 28.334694 4.831065 1.702879 
1.881821 1.695000 28.334694 4.802731 1.694042 
1.877720 1.685000 28.334694 4.774396 1.680913 
1.874946 1.675000 28.334694 4.746061 1.672244 
1.872140 1.665000 28.334694 4.717727 1.663638 
1.867869 1.655000 28.334694 4.689392 1.650846 
1.864981 1.645000 28.334694 4.661057 1.642393 
1.862061 1.635000 28.334694 4.632722 1.633997 
1.857619 1.625000 28.334694 4.604388 1.621508 
1.854616 1.615000 28.334694 4.576053 1.613249 
1.850051 1.605000 28.334694 4.547718 1.600958 
1.846967 1.595000 28.334694 4.519384 1.592827 
1.843849 1.585000 28.334694 4.491049 1.584744 
1.839111 1.575000 28.334694 4.462714 1.572708 
1.835910 1.565000 28.334694 4.434380 1.564740 
1.831047 1.555000 28.334694 4.406045 1.552870 
1.826109 1.545000 28.334694 4.377710 1.541094 
1.822775 1.535000 28.334694 4.349376 1.533293 
1.817711 1.525000 28.334694 4.321041 1.521664 
1.814293 1.515000 28.334694 4.292706 1.513958 
1.809102 1.505000 28.334694 4.264371 1.502465 
1.805600 1.495000 28.334694 4.236037 1.494846 
1.800282 1.485000 28.334694 4.207702 1.483480 
1.794888 1.475000 28.334694 4.179367 1.472184 
1.791249 1.465000 28.334694 4.151033 1.464691 
1.785726 1.455000 28.334694 4.122698 1.453506 
1.780125 1.445000 28.334694 4.094363 1.442382 
1.770619 1.425000 28.334694 4.037694 1.423973 
1.764810 1.415000 28.334694 4.009359 1.412999 
1.758923 1.405000 28.334694 3.981024 1.402076 
1.754955 1.395000 28.334694 3.952690 1.394821 
1.748936 1.385000 28.334694 3.924355 1.383977 
1.742838 1.375000 28.334694 3.896020 1.373175 
1.736660 1.365000 28.334694 3.867686 1.362414 
1.730402 1.355000 28.334694 3.839351 1.351691 
1.726185 1.345000 28.334694 3.811016 1.344562 
1.719792 1.335000 28.334694 3.782682 1.333896 
1.713318 1.325000 28.334694 3.754347 1.323261 
1.706763 1.315000 28.334694 3.726012 1.312654 
1.700126 1.305000 28.334694 3.697678 1.302074 
1.693407 1.295000 28.334694 3.669343 1.291517 
1.688881 1.285000 28.334694 3.641008 1.284491 
1.682024 1.275000 28.334694 3.612673 1.273968 
1.675083 1.265000 28.334694 3.584339 1.263463 
1.668058 1.255000 28.334694 3.556004 1.252973 
1.660950 1.245000 28.334694 3.527669 1.242495 
1.653756 1.235000 28.334694 3.499335 1.232028 
1.646478 1.225000 28.334694 3.471000 1.221570 
1.641578 1.215000 28.334694 3.442665 1.214601 
1.634157 1.205000 28.334694 3.414331 1.204151 
1.626649 1.195000 28.334694 3.385996 1.193704 
1.619055 1.185000 28.334694 3.357661 1.183257 
1.611373 1.175000 28.334694 3.329327 1.172809 
1.603603 1.165000 28.334694 3.300992 1.162356 
1.595745 1.155000 28.334694 3.272657 1.151897 
1.590457 1.145000 28.334694 3.244322 1.144920 
1.582451 1.135000 28.334694 3.215988 1.134446 
1.574355 1.125000 28.334694 3.187653 1.123959 
1.566169 1.115000 28.334694 3.159318 1.113459 
1.557892 1.105000 28.334694 3.130984 1.102942 
1.549523 1.095000 28.334694 3.102649 1.092407 
1.541063 1.085000 28.334694 3.074314 1.081851 
1.535371 1.075000 28.334694 3.045980 1.074801 
1.526756 1.065000 28.334694 3.017645 1.064205 
1.518047 1.055000 28.334694 2.989310 1.053583 
1.509244 1.045000 28.334694 2.960976 1.042932 
1.500346 1.035000 28.334694 2.932641 1.032249 
1.491352 1.025000 28.334694 2.904306 1.021533 
1.485303 1.015000 28.334694 2.875971 1.014369 
1.476148 1.005000 28.334694 2.847637 1.003591 
1.466896 0.995000 28.334694 2.819302 0.992773 
1.457546 0.985000 28.334694 2.790967 0.981913 
1.451257 0.975000 28.334694 2.762633 0.974648 
1.441741 0.965000 28.334694 2.734298 0.963712 
1.432126 0.955000 28.334694 2.705963 0.952726 
1.422409 0.945000 28.334694 2.677629 0.941689 
1.415874 0.935000 28.334694 2.649294 0.934301 
1.405987 0.925000 28.334694 2.620959 0.923171 
1.395997 0.915000 28.334694 2.592624 0.911982 
1.389279 0.905000 28.334694 2.564290 0.904489 
1.379115 0.895000 28.334694 2.535955 0.893195 
1.368845 0.885000 28.334694 2.507620 0.881835 
1.361940 0.875000 28.334694 2.479286 0.874223 
1.351492 0.865000 28.334694 2.450951 0.862745 
1.340936 0.855000 28.334694 2.422616 0.851192 
1.333839 0.845000 28.334694 2.394282 0.843447 
1.323101 0.835000 28.334694 2.365947 0.831761 
1.315880 0.825000 28.334694 2.337612 0.823925 
1.304957 0.815000 28.334694 2.309278 0.812098 
1.297613 0.805000 28.334694 2.280943 0.804163 
1.286502 0.795000 28.334694 2.252608 0.792185 
1.279031 0.785000 28.334694 2.224273 0.784146 
1.267728 0.775000 28.334694 2.195939 0.772005 
1.260129 0.765000 28.334694 2.167604 0.763854 
1.248632 0.755000 28.334694 2.139269 0.751541 
1.240902 0.745000 28.334694 2.110935 0.743271 
1.233118 0.735000 28.334694 2.082600 0.734951 
1.221344 0.725000 28.334694 2.054265 0.722375 
1.213426 0.715000 28.334694 2.025931 0.713924 
1.201449 0.705000 28.334694 1.997596 0.701145 
1.193395 0.695000 28.334694 1.969261 0.692555 
1.185286 0.685000 28.334694 1.940927 0.683906 
1.173018 0.675000 28.334694 1.912592 0.670821 
1.164769 0.665000 28.334694 1.884257 0.662019 
1.156463 0.655000 28.334694 1.855922 0.653153 
1.148099 0.645000 28.334694 1.827588 0.644222 
1.135446 0.635000 28.334694 1.799253 0.630698 
1.126937 0.625000 28.334694 1.770918 0.621595 
1.118370 0.615000 28.334694 1.742584 0.612419 
1.109743 0.605000 28.334694 1.714249 0.603169 
1.101056 0.595000 28.334694 1.685914 0.593843 
1.092309 0.585000 28.334694 1.657580 0.584439 
1.083501 0.575000 28.334694 1.629245 0.574955 
1.070173 0.565000 28.334694 1.600910 0.560573 
1.061209 0.555000 28.334694 1.572576 0.550878 
1.052183 0.545000 28.334694 1.544241 0.541095 
1.043094 0.535000 28.334694 1.515906 0.531221 
1.033940 0.525000 28.334694 1.487571 0.521253 
1.024721 0.515000 28.334694 1.459237 0.511189 
1.015438 0.505000 28.334694 1.430902 0.501026 
1.006088 0.495000 28.334694 1.402567 0.490762 
0.996671 0.485000 28.334694 1.374233 0.480392 
0.987188 0.475000 28.334694 1.345898 0.469915 
0.982420 0.465000 28.334694 1.317563 0.464635 
0.972834 0.455000 28.334694 1.289229 0.453990 
0.963179 0.445000 28.334694 1.260894 0.443228 
0.953455 0.435000 28.334694 1.232559 0.432347 
0.943659 0.425000 28.334694 1.204224 0.421343 
0.933793 0.415000 28.334694 1.175890 0.410212 
0.928832 0.405000 28.334694 1.147555 0.404597 
0.918857 0.395000 28.334694 1.119220 0.393267 
0.908809 0.385000 28.334694 1.090886 0.381799 
0.898687 0.375000 28.334694 1.062551 0.370190 
0.893597 0.365000 28.334694 1.034216 0.364331 
0.883362 0.355000 28.334694 1.005882 0.352500 
0.873050 0.345000 28.334694 0.977547 0.340514 
0.867866 0.335000 28.334694 0.949212 0.334462 
0.857438 0.325000 28.334694 0.920878 0.322237 
0.846932 0.315000 28.334694 0.892543 0.309843 
0.841649 0.305000 28.334694 0.864208 0.303582 
0.831023 0.295000 28.334694 0.835873 0.290926 
0.825679 0.285000 28.334694 0.807539 0.284530 
0.814931 0.275000 28.334694 0.779204 0.271598 
0.804100 0.265000 28.334694 0.750869 0.258473 
0.798653 0.255000 28.334694 0.722535 0.251837 
0.787695 0.245000 28.334694 0.694200 0.238409 
0.782185 0.235000 28.334694 0.665865 0.231617 
0.776653 0.225000 28.334694 0.637531 0.224771 
0.765523 0.215000 28.334694 0.609196 0.210913 
0.759925 0.205000 28.334694 0.580861 0.203900 
0.748663 0.195000 28.334694 0.552527 0.189697 
0.742998 0.185000 28.334694 0.524192 0.182505 
0.731601 0.175000 28.334694 0.495857 0.167936 
0.725868 0.165000 28.334694 0.467522 0.160556 
0.720112 0.155000 28.334694 0.439188 0.153111 
0.708529 0.145000 28.334694 0.410853 0.138018 
0.702702 0.135000 28.334694 0.382518 0.130367 
0.696852 0.125000 28.334694 0.354184 0.122645 
0.690977 0.115000 28.334694 0.325849 0.114851 
0.679155 0.105000 28.334694 0.297514 0.099037 
0.673207 0.095000 28.334694 0.269180 0.091015 
0.667234 0.085000 28.334694 0.240845 0.082913 
0.661236 0.075000 28.334694 0.212510 0.074730 
0.649164 0.065000 28.334694 0.184176 0.058113 
0.643090 0.055000 28.334694 0.155841 0.049674 
0.636989 0.045000 28.334694 0.127506 0.041147 
0.630863 0.035000 28.334694 0.099171 0.032528 
0.624710 0.025000 28.334694 0.070837 0.023816 
0.612325 0.015000 28.334694 0.042502 0.006102 
