2.000000 9.985000 71.488092 71.380860 2.225858 
2.000000 9.975000 71.488092 71.309372 2.225858 
2.000000 9.965000 71.488092 71.237884 2.225858 
2.000000 9.955000 71.488092 71.166396 2.225858 
2.000000 9.945000 71.488092 71.094908 2.225858 
2.000000 9.935000 71.488092 71.023419 2.225858 
2.000000 9.925000 71.488092 70.951931 2.225858 
2.000000 9.915000 71.488092 70.880443 2.225858 
2.000000 9.905000 71.488092 70.808955 2.225858 
2.000000 9.895000 71.488092 70.737467 2.225858 
2.000000 9.885000 71.488092 70.665979 2.225858 
2.000000 9.875000 71.488092 70.594491 2.225858 
2.000000 9.865000 71.488092 70.523003 2.225858 
2.000000 9.855000 71.488092 70.451515 2.225858 
2.000000 9.845000 71.488092 70.380027 2.225858 
2.000000 9.835000 71.488092 70.308539 2.225858 
2.000000 9.825000 71.488092 70.237050 2.225858 
2.000000 9.815000 71.488092 70.165562 2.225858 
2.000000 9.805000 71.488092 70.094074 2.225858 
2.000000 9.795000 71.488092 70.022586 2.225858 
2.000000 9.785000 71.488092 69.951098 2.225858 
2.000000 9.775000 71.488092 69.879610 2.225858 
2.000000 9.765000 71.488092 69.808122 2.225858 
2.000000 9.755000 71.488092 69.736634 2.225858 
2.000000 9.745000 71.488092 69.665146 2.225858 
2.000000 9.735000 71.488092 69.593658 2.225858 
2.000000 9.725000 71.488092 69.522170 2.225858 
2.000000 9.715000 71.488092 69.450681 2.225858 
2.000000 9.705000 71.488092 69.379193 2.225858 
2.000000 9.695000 71.488092 69.307705 2.225858 
2.000000 9.685000 71.488092 69.236217 2.225858 
2.000000 9.675000 71.488092 69.164729 2.225858 
2.000000 9.665000 71.488092 69.093241 2.225858 
2.000000 9.655000 71.488092 69.021753 2.225858 
2.000000 9.645000 71.488092 68.950265 2.225858 
2.000000 9.635000 71.488092 68.878777 2.225858 
2.000000 9.625000 71.488092 68.807289 2.225858 
2.000000 9.615000 71.488092 68.735800 2.225858 
2.000000 9.605000 71.488092 68.664312 2.225858 
2.000000 9.595000 71.488092 68.592824 2.225858 
2.000000 9.585000 71.488092 68.521336 2.225858 
2.000000 9.575000 71.488092 68.449848 2.225858 
2.000000 9.565000 71.488092 68.378360 2.225858 
2.000000 9.555000 71.488092 68.306872 2.225858 
2.000000 9.545000 71.488092 68.235384 2.225858 
2.000000 9.535000 71.488092 68.163896 2.225858 
2.000000 9.525000 71.488092 68.092408 2.225858 
2.000000 9.515000 71.488092 68.020920 2.225858 
2.000000 9.505000 71.488092 67.949431 2.225858 
2.000000 9.495000 71.488092 67.877943 2.225858 
2.000000 9.485000 71.488092 67.806455 2.225858 
2.000000 9.475000 71.488092 67.734967 2.225858 
2.000000 9.465000 71.488092 67.663479 2.225858 
2.000000 9.455000 71.488092 67.591991 2.225858 
2.000000 9.445000 71.488092 67.520503 2.225858 
2.000000 9.435000 71.488092 67.449015 2.225858 
2.000000 9.425000 71.488092 67.377527 2.225858 
2.000000 9.415000 71.488092 67.306039 2.225858 
2.000000 9.405000 71.488092 67.234551 2.225858 
2.000000 9.395000 71.488092 67.163062 2.225858 
2.000000 9.385000 71.488092 67.091574 2.225858 
2.000000 9.375000 71.488092 67.020086 2.225858 
2.000000 9.365000 71.488092 66.948598 2.225858 
2.000000 9.355000 71.488092 66.877110 2.225858 
2.000000 9.345000 71.488092 66.805622 2.225858 
2.000000 9.335000 71.488092 66.734134 2.225858 
2.000000 9.325000 71.488092 66.662646 2.225858 
2.000000 9.315000 71.488092 66.591158 2.225858 
2.000000 9.305000 71.488092 66.519670 2.225858 
2.000000 9.295000 71.488092 66.448182 2.225858 
2.000000 9.285000 71.488092 66.376693 2.225858 
2.000000 9.275000 71.488092 66.305205 2.225858 
2.000000 9.265000 71.488092 66.233717 2.225858 
2.000000 9.255000 71.488092 66.162229 2.225858 
2.000000 9.245000 71.488092 66.090741 2.225858 
2.000000 9.235000 71.488092 66.019253 2.225858 
2.000000 9.225000 71.488092 65.947765 2.225858 
2.000000 9.215000 71.488092 65.876277 2.225858 
2.000000 9.205000 71.488092 65.804789 2.225858 
2.000000 9.195000 71.488092 65.733301 2.225858 
2.000000 9.185000 71.488092 65.661813 2.225858 
2.000000 9.175000 71.488092 65.590324 2.225858 
2.000000 9.165000 71.488092 65.518836 2.225858 
2.000000 9.155000 71.488092 65.447348 2.225858 
2.000000 9.145000 71.488092 65.375860 2.225858 
2.000000 9.135000 71.488092 65.304372 2.225858 
2.000000 9.125000 71.488092 65.232884 2.225858 
2.000000 9.115000 71.488092 65.161396 2.225858 
2.000000 9.105000 71.488092 65.089908 2.225858 
2.000000 9.095000 71.488092 65.018420 2.225858 
2.000000 9.085000 71.488092 64.946932 2.225858 
2.000000 9.075000 71.488092 64.875444 2.225858 
2.000000 9.065000 71.488092 64.803955 2.225858 
2.000000 9.055000 71.488092 64.732467 2.225858 
2.000000 9.045000 71.488092 64.660979 2.225858 
2.000000 9.035000 71.488092 64.589491 2.225858 
2.000000 9.025000 71.488092 64.518003 2.225858 
2.000000 9.015000 71.488092 64.446515 2.225858 
2.000000 9.005000 71.488092 64.375027 2.225858 
2.000000 8.995000 71.488092 64.303539 2.225858 
2.000000 8.985000 71.488092 64.232051 2.225858 
2.000000 8.975000 71.488092 64.160563 2.225858 
2.000000 8.965000 71.488092 64.089075 2.225858 
2.000000 8.955000 71.488092 64.017586 2.225858 
2.000000 8.945000 71.488092 63.946098 2.225858 
2.000000 8.935000 71.488092 63.874610 2.225858 
2.000000 8.925000 71.488092 63.803122 2.225858 
2.000000 8.915000 71.488092 63.731634 2.225858 
2.000000 8.905000 71.488092 63.660146 2.225858 
2.000000 8.895000 71.488092 63.588658 2.225858 
2.000000 8.885000 71.488092 63.517170 2.225858 
2.000000 8.875000 71.488092 63.445682 2.225858 
2.000000 8.865000 71.488092 63.374194 2.225858 
2.000000 8.855000 71.488092 63.302705 2.225858 
2.000000 8.845000 71.488092 63.231217 2.225858 
2.000000 8.835000 71.488092 63.159729 2.225858 
2.000000 8.825000 71.488092 63.088241 2.225858 
2.000000 8.815000 71.488092 63.016753 2.225858 
2.000000 8.805000 71.488092 62.945265 2.225858 
2.000000 8.795000 71.488092 62.873777 2.225858 
2.000000 8.785000 71.488092 62.802289 2.225858 
2.000000 8.775000 71.488092 62.730801 2.225858 
2.000000 8.765000 71.488092 62.659313 2.225858 
2.000000 8.755000 71.488092 62.587825 2.225858 
2.000000 8.745000 71.488092 62.516336 2.225858 
2.000000 8.735000 71.488092 62.444848 2.225858 
2.000000 8.725000 71.488092 62.373360 2.225858 
2.000000 8.715000 71.488092 62.301872 2.225858 
2.000000 8.705000 71.488092 62.230384 2.225858 
2.000000 8.695000 71.488092 62.158896 2.225858 
2.000000 8.685000 71.488092 62.087408 2.225858 
2.000000 8.675000 71.488092 62.015920 2.225858 
2.000000 8.665000 71.488092 61.944432 2.225858 
2.000000 8.655000 71.488092 61.872944 2.225858 
2.000000 8.645000 71.488092 61.801456 2.225858 
2.000000 8.635000 71.488092 61.729967 2.225858 
2.000000 8.625000 71.488092 61.658479 2.225858 
2.000000 8.615000 71.488092 61.586991 2.225858 
2.000000 8.605000 71.488092 61.515503 2.225858 
2.000000 8.595000 71.488092 61.444015 2.225858 
2.000000 8.585000 71.488092 61.372527 2.225858 
2.000000 8.575000 71.488092 61.301039 2.225858 
2.000000 8.565000 71.488092 61.229551 2.225858 
2.000000 8.555000 71.488092 61.158063 2.225858 
2.000000 8.545000 71.488092 61.086575 2.225858 
2.000000 8.535000 71.488092 61.015087 2.225858 
2.000000 8.525000 71.488092 60.943598 2.225858 
2.000000 8.515000 71.488092 60.872110 2.225858 
2.000000 8.505000 71.488092 60.800622 2.225858 
2.000000 8.495000 71.488092 60.729134 2.225858 
2.000000 8.485000 71.488092 60.657646 2.225858 
2.000000 8.475000 71.488092 60.586158 2.225858 
2.000000 8.465000 71.488092 60.514670 2.225858 
2.000000 8.455000 71.488092 60.443182 2.225858 
2.000000 8.445000 71.488092 60.371694 2.225858 
2.000000 8.435000 71.488092 60.300206 2.225858 
2.000000 8.425000 71.488092 60.228718 2.225858 
2.000000 8.415000 71.488092 60.157229 2.225858 
2.000000 8.405000 71.488092 60.085741 2.225858 
2.000000 8.395000 71.488092 60.014253 2.225858 
2.000000 8.385000 71.488092 59.942765 2.225858 
2.000000 8.375000 71.488092 59.871277 2.225858 
2.000000 8.365000 71.488092 59.799789 2.225858 
2.000000 8.355000 71.488092 59.728301 2.225858 
2.000000 8.345000 71.488092 59.656813 2.225858 
2.000000 8.335000 71.488092 59.585325 2.225858 
2.000000 8.325000 71.488092 59.513837 2.225858 
2.000000 8.315000 71.488092 59.442349 2.225858 
2.000000 8.305000 71.488092 59.370860 2.225858 
2.000000 8.295000 71.488092 59.299372 2.225858 
2.000000 8.285000 71.488092 59.227884 2.225858 
2.000000 8.275000 71.488092 59.156396 2.225858 
2.000000 8.265000 71.488092 59.084908 2.225858 
2.000000 8.255000 71.488092 59.013420 2.225858 
2.000000 8.245000 71.488092 58.941932 2.225858 
2.000000 8.235000 71.488092 58.870444 2.225858 
2.000000 8.225000 71.488092 58.798956 2.225858 
2.000000 8.215000 71.488092 58.727468 2.225858 
2.000000 8.205000 71.488092 58.655980 2.225858 
2.000000 8.195000 71.488092 58.584491 2.225858 
2.000000 8.185000 71.488092 58.513003 2.225858 
2.000000 8.175000 71.488092 58.441515 2.225858 
2.000000 8.165000 71.488092 58.370027 2.225858 
2.000000 8.155000 71.488092 58.298539 2.225858 
2.000000 8.145000 71.488092 58.227051 2.225858 
2.000000 8.135000 71.488092 58.155563 2.225858 
2.000000 8.125000 71.488092 58.084075 2.225858 
2.000000 8.115000 71.488092 58.012587 2.225858 
2.000000 8.105000 71.488092 57.941099 2.225858 
2.000000 8.095000 71.488092 57.869611 2.225858 
2.000000 8.085000 71.488092 57.798122 2.225858 
2.000000 8.075000 71.488092 57.726634 2.225858 
2.000000 8.065000 71.488092 57.655146 2.225858 
2.000000 8.055000 71.488092 57.583658 2.225858 
2.000000 8.045000 71.488092 57.512170 2.225858 
2.000000 8.035000 71.488092 57.440682 2.225858 
2.000000 8.025000 71.488092 57.369194 2.225858 
2.000000 8.015000 71.488092 57.297706 2.225858 
2.000000 8.005000 71.488092 57.226218 2.225858 
2.000000 7.995000 71.488092 57.154730 2.225858 
2.000000 7.985000 71.488092 57.083241 2.225858 
2.000000 7.975000 71.488092 57.011753 2.225858 
2.000000 7.965000 71.488092 56.940265 2.225858 
2.000000 7.955000 71.488092 56.868777 2.225858 
2.000000 7.945000 71.488092 56.797289 2.225858 
2.000000 7.935000 71.488092 56.725801 2.225858 
2.000000 7.925000 71.488092 56.654313 2.225858 
2.000000 7.915000 71.488092 56.582825 2.225858 
2.000000 7.905000 71.488092 56.511337 2.225858 
2.000000 7.895000 71.488092 56.439849 2.225858 
2.000000 7.885000 71.488092 56.368361 2.225858 
2.000000 7.875000 71.488092 56.296872 2.225858 
2.000000 7.865000 71.488092 56.225384 2.225858 
2.000000 7.855000 71.488092 56.153896 2.225858 
2.000000 7.845000 71.488092 56.082408 2.225858 
2.000000 7.835000 71.488092 56.010920 2.225858 
2.000000 7.825000 71.488092 55.939432 2.225858 
2.000000 7.815000 71.488092 55.867944 2.225858 
2.000000 7.805000 71.488092 55.796456 2.225858 
2.000000 7.795000 71.488092 55.724968 2.225858 
2.000000 7.785000 71.488092 55.653480 2.225858 
2.000000 7.775000 71.488092 55.581992 2.225858 
2.000000 7.765000 71.488092 55.510503 2.225858 
2.000000 7.755000 71.488092 55.439015 2.225858 
2.000000 7.745000 71.488092 55.367527 2.225858 
2.000000 7.735000 71.488092 55.296039 2.225858 
2.000000 7.725000 71.488092 55.224551 2.225858 
2.000000 7.715000 71.488092 55.153063 2.225858 
2.000000 7.705000 71.488092 55.081575 2.225858 
2.000000 7.695000 71.488092 55.010087 2.225858 
2.000000 7.685000 71.488092 54.938599 2.225858 
2.000000 7.675000 71.488092 54.867111 2.225858 
2.000000 7.665000 71.488092 54.795623 2.225858 
2.000000 7.655000 71.488092 54.724134 2.225858 
2.000000 7.645000 71.488092 54.652646 2.225858 
2.000000 7.635000 71.488092 54.581158 2.225858 
2.000000 7.625000 71.488092 54.509670 2.225858 
2.000000 7.615000 71.488092 54.438182 2.225858 
2.000000 7.605000 71.488092 54.366694 2.225858 
2.000000 7.595000 71.488092 54.295206 2.225858 
2.000000 7.585000 71.488092 54.223718 2.225858 
2.000000 7.575000 71.488092 54.152230 2.225858 
2.000000 7.565000 71.488092 54.080742 2.225858 
2.000000 7.555000 71.488092 54.009254 2.225858 
2.000000 7.545000 71.488092 53.937765 2.225858 
2.000000 7.535000 71.488092 53.866277 2.225858 
2.000000 7.525000 71.488092 53.794789 2.225858 
2.000000 7.515000 71.488092 53.723301 2.225858 
2.000000 7.505000 71.488092 53.651813 2.225858 
2.000000 7.495000 71.488092 53.580325 2.225858 
2.000000 7.485000 71.488092 53.508837 2.225858 
2.000000 7.475000 71.488092 53.437349 2.225858 
2.000000 7.465000 71.488092 53.365861 2.225858 
2.000000 7.455000 71.488092 53.294373 2.225858 
2.000000 7.445000 71.488092 53.222885 2.225858 
2.000000 7.435000 71.488092 53.151396 2.225858 
2.000000 7.425000 71.488092 53.079908 2.225858 
2.000000 7.415000 71.488092 53.008420 2.225858 
2.000000 7.405000 71.488092 52.936932 2.225858 
2.000000 7.395000 71.488092 52.865444 2.225858 
2.000000 7.385000 71.488092 52.793956 2.225858 
2.000000 7.375000 71.488092 52.722468 2.225858 
2.000000 7.365000 71.488092 52.650980 2.225858 
2.000000 7.355000 71.488092 52.579492 2.225858 
2.000000 7.345000 71.488092 52.508004 2.225858 
2.000000 7.335000 71.488092 52.436516 2.225858 
2.000000 7.325000 71.488092 52.365027 2.225858 
2.000000 7.315000 71.488092 52.293539 2.225858 
2.000000 7.305000 71.488092 52.222051 2.225858 
2.000000 7.295000 71.488092 52.150563 2.225858 
2.000000 7.285000 71.488092 52.079075 2.225858 
2.000000 7.275000 71.488092 52.007587 2.225858 
2.000000 7.265000 71.488092 51.936099 2.225858 
2.000000 7.255000 71.488092 51.864611 2.225858 
2.000000 7.245000 71.488092 51.793123 2.225858 
2.000000 7.235000 71.488092 51.721635 2.225858 
2.000000 7.225000 71.488092 51.650146 2.225858 
2.000000 7.215000 71.488092 51.578658 2.225858 
2.000000 7.205000 71.488092 51.507170 2.225858 
2.000000 7.195000 71.488092 51.435682 2.225858 
2.000000 7.185000 71.488092 51.364194 2.225858 
2.000000 7.175000 71.488092 51.292706 2.225858 
2.000000 7.165000 71.488092 51.221218 2.225858 
2.000000 7.155000 71.488092 51.149730 2.225858 
2.000000 7.145000 71.488092 51.078242 2.225858 
2.000000 7.135000 71.488092 51.006754 2.225858 
2.000000 7.125000 71.488092 50.935266 2.225858 
2.000000 7.115000 71.488092 50.863777 2.225858 
2.000000 7.105000 71.488092 50.792289 2.225858 
2.000000 7.095000 71.488092 50.720801 2.225858 
2.000000 7.085000 71.488092 50.649313 2.225858 
2.000000 7.075000 71.488092 50.577825 2.225858 
2.000000 7.065000 71.488092 50.506337 2.225858 
2.000000 7.055000 71.488092 50.434849 2.225858 
2.000000 7.045000 71.488092 50.363361 2.225858 
2.000000 7.035000 71.488092 50.291873 2.225858 
2.000000 7.025000 71.488092 50.220385 2.225858 
2.000000 7.015000 71.488092 50.148897 2.225858 
2.000000 7.005000 71.488092 50.077408 2.225858 
2.000000 6.995000 71.488092 50.005920 2.225858 
2.000000 6.985000 71.488092 49.934432 2.225858 
2.000000 6.975000 71.488092 49.862944 2.225858 
2.000000 6.965000 71.488092 49.791456 2.225858 
2.000000 6.955000 71.488092 49.719968 2.225858 
2.000000 6.945000 71.488092 49.648480 2.225858 
2.000000 6.935000 71.488092 49.576992 2.225858 
2.000000 6.925000 71.488092 49.505504 2.225858 
2.000000 6.915000 71.488092 49.434016 2.225858 
2.000000 6.905000 71.488092 49.362528 2.225858 
2.000000 6.895000 71.488092 49.291039 2.225858 
2.000000 6.885000 71.488092 49.219551 2.225858 
2.000000 6.875000 71.488092 49.148063 2.225858 
2.000000 6.865000 71.488092 49.076575 2.225858 
2.000000 6.855000 71.488092 49.005087 2.225858 
2.000000 6.845000 71.488092 48.933599 2.225858 
2.000000 6.835000 71.488092 48.862111 2.225858 
2.000000 6.825000 71.488092 48.790623 2.225858 
2.000000 6.815000 71.488092 48.719135 2.225858 
2.000000 6.805000 71.488092 48.647647 2.225858 
2.000000 6.795000 71.488092 48.576159 2.225858 
2.000000 6.785000 71.488092 48.504670 2.225858 
2.000000 6.775000 71.488092 48.433182 2.225858 
2.000000 6.765000 71.488092 48.361694 2.225858 
2.000000 6.755000 71.488092 48.290206 2.225858 
2.000000 6.745000 71.488092 48.218718 2.225858 
2.000000 6.735000 71.488092 48.147230 2.225858 
2.000000 6.725000 71.488092 48.075742 2.225858 
2.000000 6.715000 71.488092 48.004254 2.225858 
2.000000 6.705000 71.488092 47.932766 2.225858 
2.000000 6.695000 71.488092 47.861278 2.225858 
2.000000 6.685000 71.488092 47.789790 2.225858 
2.000000 6.675000 71.488092 47.718301 2.225858 
2.000000 6.665000 71.488092 47.646813 2.225858 
2.000000 6.655000 71.488092 47.575325 2.225858 
2.000000 6.645000 71.488092 47.503837 2.225858 
2.000000 6.635000 71.488092 47.432349 2.225858 
2.000000 6.625000 71.488092 47.360861 2.225858 
2.000000 6.615000 71.488092 47.289373 2.225858 
2.000000 6.605000 71.488092 47.217885 2.225858 
2.000000 6.595000 71.488092 47.146397 2.225858 
2.000000 6.585000 71.488092 47.074909 2.225858 
2.000000 6.575000 71.488092 47.003421 2.225858 
2.000000 6.565000 71.488092 46.931932 2.225858 
2.000000 6.555000 71.488092 46.860444 2.225858 
2.000000 6.545000 71.488092 46.788956 2.225858 
2.000000 6.535000 71.488092 46.717468 2.225858 
2.000000 6.525000 71.488092 46.645980 2.225858 
2.000000 6.515000 71.488092 46.574492 2.225858 
2.000000 6.505000 71.488092 46.503004 2.225858 
2.000000 6.495000 71.488092 46.431516 2.225858 
2.000000 6.485000 71.488092 46.360028 2.225858 
2.000000 6.475000 71.488092 46.288540 2.225858 
2.000000 6.465000 71.488092 46.217052 2.225858 
2.000000 6.455000 71.488092 46.145563 2.225858 
2.000000 6.445000 71.488092 46.074075 2.225858 
2.000000 6.435000 71.488092 46.002587 2.225858 
2.000000 6.425000 71.488092 45.931099 2.225858 
2.000000 6.415000 71.488092 45.859611 2.225858 
2.000000 6.405000 71.488092 45.788123 2.225858 
2.000000 6.395000 71.488092 45.716635 2.225858 
2.000000 6.385000 71.488092 45.645147 2.225858 
2.000000 6.375000 71.488092 45.573659 2.225858 
2.000000 6.365000 71.488092 45.502171 2.225858 
2.000000 6.355000 71.488092 45.430682 2.225858 
2.000000 6.345000 71.488092 45.359194 2.225858 
2.000000 6.335000 71.488092 45.287706 2.225858 
2.000000 6.325000 71.488092 45.216218 2.225858 
2.000000 6.315000 71.488092 45.144730 2.225858 
2.000000 6.305000 71.488092 45.073242 2.225858 
2.000000 6.295000 71.488092 45.001754 2.225858 
2.000000 6.285000 71.488092 44.930266 2.225858 
2.000000 6.275000 71.488092 44.858778 2.225858 
2.000000 6.265000 71.488092 44.787290 2.225858 
2.000000 6.255000 71.488092 44.715802 2.225858 
2.000000 6.245000 71.488092 44.644313 2.225858 
2.000000 6.235000 71.488092 44.572825 2.225858 
2.000000 6.225000 71.488092 44.501337 2.225858 
2.000000 6.215000 71.488092 44.429849 2.225858 
2.000000 6.205000 71.488092 44.358361 2.225858 
2.000000 6.195000 71.488092 44.286873 2.225858 
2.000000 6.185000 71.488092 44.215385 2.225858 
2.000000 6.175000 71.488092 44.143897 2.225858 
2.000000 6.165000 71.488092 44.072409 2.225858 
2.000000 6.155000 71.488092 44.000921 2.225858 
2.000000 6.145000 71.488092 43.929433 2.225858 
2.000000 6.135000 71.488092 43.857944 2.225858 
2.000000 6.125000 71.488092 43.786456 2.225858 
2.000000 6.115000 71.488092 43.714968 2.225858 
2.000000 6.105000 71.488092 43.643480 2.225858 
2.000000 6.095000 71.488092 43.571992 2.225858 
2.000000 6.085000 71.488092 43.500504 2.225858 
2.000000 6.075000 71.488092 43.429016 2.225858 
2.000000 6.065000 71.488092 43.357528 2.225858 
2.000000 6.055000 71.488092 43.286040 2.225858 
2.000000 6.045000 71.488092 43.214552 2.225858 
2.000000 6.035000 71.488092 43.143064 2.225858 
2.000000 6.025000 71.488092 43.071575 2.225858 
2.000000 6.015000 71.488092 43.000087 2.225858 
2.000000 6.005000 71.488092 42.928599 2.225858 
2.000000 5.995000 71.488092 42.857111 2.225858 
2.000000 5.985000 71.488092 42.785623 2.225858 
2.000000 5.975000 71.488092 42.714135 2.225858 
2.000000 5.965000 71.488092 42.642647 2.225858 
2.000000 5.955000 71.488092 42.571159 2.225858 
2.000000 5.945000 71.488092 42.499671 2.225858 
2.000000 5.935000 71.488092 42.428183 2.225858 
2.000000 5.925000 71.488092 42.356695 2.225858 
2.000000 5.915000 71.488092 42.285206 2.225858 
2.000000 5.905000 71.488092 42.213718 2.225858 
2.000000 5.895000 71.488092 42.142230 2.225858 
2.000000 5.885000 71.488092 42.070742 2.225858 
2.000000 5.875000 71.488092 41.999254 2.225858 
2.000000 5.865000 71.488092 41.927766 2.225858 
2.000000 5.855000 71.488092 41.856278 2.225858 
2.000000 5.845000 71.488092 41.784790 2.225858 
2.000000 5.835000 71.488092 41.713302 2.225858 
2.000000 5.825000 71.488092 41.641814 2.225858 
2.000000 5.815000 71.488092 41.570326 2.225858 
2.000000 5.805000 71.488092 41.498837 2.225858 
2.000000 5.795000 71.488092 41.427349 2.225858 
2.000000 5.785000 71.488092 41.355861 2.225858 
2.000000 5.775000 71.488092 41.284373 2.225858 
2.000000 5.765000 71.488092 41.212885 2.225858 
2.000000 5.755000 71.488092 41.141397 2.225858 
2.000000 5.745000 71.488092 41.069909 2.225858 
2.000000 5.735000 71.488092 40.998421 2.225858 
2.000000 5.725000 71.488092 40.926933 2.225858 
2.000000 5.715000 71.488092 40.855445 2.225858 
2.000000 5.705000 71.488092 40.783957 2.225858 
2.000000 5.695000 71.488092 40.712468 2.225858 
2.000000 5.685000 71.488092 40.640980 2.225858 
2.000000 5.675000 71.488092 40.569492 2.225858 
2.000000 5.665000 71.488092 40.498004 2.225858 
2.000000 5.655000 71.488092 40.426516 2.225858 
2.000000 5.645000 71.488092 40.355028 2.225858 
2.000000 5.635000 71.488092 40.283540 2.225858 
2.000000 5.625000 71.488092 40.212052 2.225858 
2.000000 5.615000 71.488092 40.140564 2.225858 
2.000000 5.605000 71.488092 40.069076 2.225858 
2.000000 5.595000 71.488092 39.997587 2.225858 
2.000000 5.585000 71.488092 39.926099 2.225858 
2.000000 5.575000 71.488092 39.854611 2.225858 
2.000000 5.565000 71.488092 39.783123 2.225858 
2.000000 5.555000 71.488092 39.711635 2.225858 
2.000000 5.545000 71.488092 39.640147 2.225858 
2.000000 5.535000 71.488092 39.568659 2.225858 
2.000000 5.525000 71.488092 39.497171 2.225858 
2.000000 5.515000 71.488092 39.425683 2.225858 
2.000000 5.505000 71.488092 39.354195 2.225858 
2.000000 5.495000 71.488092 39.282707 2.225858 
2.000000 5.485000 71.488092 39.211218 2.225858 
2.000000 5.475000 71.488092 39.139730 2.225858 
2.000000 5.465000 71.488092 39.068242 2.225858 
2.000000 5.455000 71.488092 38.996754 2.225858 
2.000000 5.445000 71.488092 38.925266 2.225858 
2.000000 5.435000 71.488092 38.853778 2.225858 
2.000000 5.425000 71.488092 38.782290 2.225858 
2.000000 5.415000 71.488092 38.710802 2.225858 
2.000000 5.405000 71.488092 38.639314 2.225858 
2.000000 5.395000 71.488092 38.567826 2.225858 
2.000000 5.385000 71.488092 38.496338 2.225858 
2.000000 5.375000 71.488092 38.424849 2.225858 
2.000000 5.365000 71.488092 38.353361 2.225858 
2.000000 5.355000 71.488092 38.281873 2.225858 
2.000000 5.345000 71.488092 38.210385 2.225858 
2.000000 5.335000 71.488092 38.138897 2.225858 
2.000000 5.325000 71.488092 38.067409 2.225858 
2.000000 5.315000 71.488092 37.995921 2.225858 
2.000000 5.305000 71.488092 37.924433 2.225858 
2.000000 5.295000 71.488092 37.852945 2.225858 
2.000000 5.285000 71.488092 37.781457 2.225858 
2.000000 5.275000 71.488092 37.709969 2.225858 
2.000000 5.265000 71.488092 37.638480 2.225858 
2.000000 5.255000 71.488092 37.566992 2.225858 
2.000000 5.245000 71.488092 37.495504 2.225858 
2.000000 5.235000 71.488092 37.424016 2.225858 
2.000000 5.225000 71.488092 37.352528 2.225858 
2.000000 5.215000 71.488092 37.281040 2.225858 
2.000000 5.205000 71.488092 37.209552 2.225858 
2.000000 5.195000 71.488092 37.138064 2.225858 
2.000000 5.185000 71.488092 37.066576 2.225858 
2.000000 5.175000 71.488092 36.995088 2.225858 
2.000000 5.165000 71.488092 36.923600 2.225858 
2.000000 5.155000 71.488092 36.852111 2.225858 
2.000000 5.145000 71.488092 36.780623 2.225858 
2.000000 5.135000 71.488092 36.709135 2.225858 
2.000000 5.125000 71.488092 36.637647 2.225858 
2.000000 5.115000 71.488092 36.566159 2.225858 
2.000000 5.105000 71.488092 36.494671 2.225858 
2.000000 5.095000 71.488092 36.423183 2.225858 
2.000000 5.085000 71.488092 36.351695 2.225858 
2.000000 5.075000 71.488092 36.280207 2.225858 
2.000000 5.065000 71.488092 36.208719 2.225858 
2.000000 5.055000 71.488092 36.137231 2.225858 
2.000000 5.045000 71.488092 36.065742 2.225858 
2.000000 5.035000 71.488092 35.994254 2.225858 
2.000000 5.025000 71.488092 35.922766 2.225858 
2.000000 5.015000 71.488092 35.851278 2.225858 
2.000000 5.005000 71.488092 35.779790 2.225858 
2.000000 4.995000 71.488092 35.708302 2.225858 
2.000000 4.985000 71.488092 35.636814 2.225858 
2.000000 4.975000 71.488092 35.565326 2.225858 
2.000000 4.965000 71.488092 35.493838 2.225858 
2.000000 4.955000 71.488092 35.422350 2.225858 
2.000000 4.945000 71.488092 35.350862 2.225858 
2.000000 4.935000 71.488092 35.279373 2.225858 
2.000000 4.925000 71.488092 35.207885 2.225858 
2.000000 4.915000 71.488092 35.136397 2.225858 
2.000000 4.905000 71.488092 35.064909 2.225858 
2.000000 4.895000 71.488092 34.993421 2.225858 
2.000000 4.885000 71.488092 34.921933 2.225858 
2.000000 4.875000 71.488092 34.850445 2.225858 
2.000000 4.865000 71.488092 34.778957 2.225858 
2.000000 4.855000 71.488092 34.707469 2.225858 
2.000000 4.845000 71.488092 34.635981 2.225858 
2.000000 4.835000 71.488092 34.564492 2.225858 
2.000000 4.825000 71.488092 34.493004 2.225858 
2.000000 4.815000 71.488092 34.421516 2.225858 
2.000000 4.805000 71.488092 34.350028 2.225858 
2.000000 4.795000 71.488092 34.278540 2.225858 
2.000000 4.785000 71.488092 34.207052 2.225858 
2.000000 4.775000 71.488092 34.135564 2.225858 
2.000000 4.765000 71.488092 34.064076 2.225858 
2.000000 4.755000 71.488092 33.992588 2.225858 
2.000000 4.745000 71.488092 33.921100 2.225858 
2.000000 4.735000 71.488092 33.849612 2.225858 
2.000000 4.725000 71.488092 33.778123 2.225858 
2.000000 4.715000 71.488092 33.706635 2.225858 
2.000000 4.705000 71.488092 33.635147 2.225858 
2.000000 4.695000 71.488092 33.563659 2.225858 
2.000000 4.685000 71.488092 33.492171 2.225858 
2.000000 4.675000 71.488092 33.420683 2.225858 
2.000000 4.665000 71.488092 33.349195 2.225858 
2.000000 4.655000 71.488092 33.277707 2.225858 
2.000000 4.645000 71.488092 33.206219 2.225858 
2.000000 4.635000 71.488092 33.134731 2.225858 
2.000000 4.625000 71.488092 33.063243 2.225858 
2.000000 4.615000 71.488092 32.991754 2.225858 
2.000000 4.605000 71.488092 32.920266 2.225858 
2.000000 4.595000 71.488092 32.848778 2.225858 
2.000000 4.585000 71.488092 32.777290 2.225858 
2.000000 4.575000 71.488092 32.705802 2.225858 
2.000000 4.565000 71.488092 32.634314 2.225858 
2.000000 4.555000 71.488092 32.562826 2.225858 
2.000000 4.545000 71.488092 32.491338 2.225858 
2.000000 4.535000 71.488092 32.419850 2.225858 
2.000000 4.525000 71.488092 32.348362 2.225858 
2.000000 4.515000 71.488092 32.276874 2.225858 
2.000000 4.505000 71.488092 32.205385 2.225858 
2.000000 4.495000 71.488092 32.133897 2.225858 
2.000000 4.485000 71.488092 32.062409 2.225858 
2.000000 4.475000 71.488092 31.990921 2.225858 
2.000000 4.465000 71.488092 31.919433 2.225858 
2.000000 4.455000 71.488092 31.847945 2.225858 
2.000000 4.445000 71.488092 31.776457 2.225858 
2.000000 4.435000 71.488092 31.704969 2.225858 
2.000000 4.425000 71.488092 31.633481 2.225858 
2.000000 4.415000 71.488092 31.561993 2.225858 
2.000000 4.405000 71.488092 31.490505 2.225858 
2.000000 4.395000 71.488092 31.419016 2.225858 
2.000000 4.385000 71.488092 31.347528 2.225858 
2.000000 4.375000 71.488092 31.276040 2.225858 
2.000000 4.365000 71.488092 31.204552 2.225858 
2.000000 4.355000 71.488092 31.133064 2.225858 
2.000000 4.345000 71.488092 31.061576 2.225858 
2.000000 4.335000 71.488092 30.990088 2.225858 
2.000000 4.325000 71.488092 30.918600 2.225858 
2.000000 4.315000 71.488092 30.847112 2.225858 
2.000000 4.305000 71.488092 30.775624 2.225858 
2.000000 4.295000 71.488092 30.704136 2.225858 
2.000000 4.285000 71.488092 30.632647 2.225858 
2.000000 4.275000 71.488092 30.561159 2.225858 
2.000000 4.265000 71.488092 30.489671 2.225858 
2.000000 4.255000 71.488092 30.418183 2.225858 
2.000000 4.245000 71.488092 30.346695 2.225858 
2.000000 4.235000 71.488092 30.275207 2.225858 
2.000000 4.225000 71.488092 30.203719 2.225858 
2.000000 4.215000 71.488092 30.132231 2.225858 
2.000000 4.205000 71.488092 30.060743 2.225858 
2.000000 4.195000 71.488092 29.989255 2.225858 
2.000000 4.185000 71.488092 29.917767 2.225858 
2.000000 4.175000 71.488092 29.846278 2.225858 
2.000000 4.165000 71.488092 29.774790 2.225858 
2.000000 4.155000 71.488092 29.703302 2.225858 
2.000000 4.145000 71.488092 29.631814 2.225858 
2.000000 4.135000 71.488092 29.560326 2.225858 
2.000000 4.125000 71.488092 29.488838 2.225858 
2.000000 4.115000 71.488092 29.417350 2.225858 
2.000000 4.105000 71.488092 29.345862 2.225858 
2.000000 4.095000 71.488092 29.274374 2.225858 
2.000000 4.085000 71.488092 29.202886 2.225858 
2.000000 4.075000 71.488092 29.131398 2.225858 
2.000000 4.065000 71.488092 29.059909 2.225858 
2.000000 4.055000 71.488092 28.988421 2.225858 
2.000000 4.045000 71.488092 28.916933 2.225858 
2.000000 4.035000 71.488092 28.845445 2.225858 
2.000000 4.025000 71.488092 28.773957 2.225858 
2.000000 4.015000 71.488092 28.702469 2.225858 
2.000000 4.005000 71.488092 28.630981 2.225858 
2.000000 3.995000 71.488092 28.559493 2.225858 
2.000000 3.985000 71.488092 28.488005 2.225858 
2.000000 3.975000 71.488092 28.416517 2.225858 
2.000000 3.965000 71.488092 28.345028 2.225858 
2.000000 3.955000 71.488092 28.273540 2.225858 
2.000000 3.945000 71.488092 28.202052 2.225858 
2.000000 3.935000 71.488092 28.130564 2.225858 
2.000000 3.925000 71.488092 28.059076 2.225858 
2.000000 3.915000 71.488092 27.987588 2.225858 
2.000000 3.905000 71.488092 27.916100 2.225858 
2.000000 3.895000 71.488092 27.844612 2.225858 
2.000000 3.885000 71.488092 27.773124 2.225858 
2.000000 3.875000 71.488092 27.701636 2.225858 
2.000000 3.865000 71.488092 27.630148 2.225858 
2.000000 3.855000 71.488092 27.558659 2.225858 
2.000000 3.845000 71.488092 27.487171 2.225858 
2.000000 3.835000 71.488092 27.415683 2.225858 
2.000000 3.825000 71.488092 27.344195 2.225858 
2.000000 3.815000 71.488092 27.272707 2.225858 
2.000000 3.805000 71.488092 27.201219 2.225858 
2.000000 3.795000 71.488092 27.129731 2.225858 
2.000000 3.785000 71.488092 27.058243 2.225858 
2.000000 3.775000 71.488092 26.986755 2.225858 
2.000000 3.765000 71.488092 26.915267 2.225858 
2.000000 3.755000 71.488092 26.843779 2.225858 
2.000000 3.745000 71.488092 26.772290 2.225858 
2.000000 3.735000 71.488092 26.700802 2.225858 
2.000000 3.725000 71.488092 26.629314 2.225858 
2.000000 3.715000 71.488092 26.557826 2.225858 
2.000000 3.705000 71.488092 26.486338 2.225858 
2.000000 3.695000 71.488092 26.414850 2.225858 
2.000000 3.685000 71.488092 26.343362 2.225858 
2.000000 3.675000 71.488092 26.271874 2.225858 
2.000000 3.665000 71.488092 26.200386 2.225858 
2.000000 3.655000 71.488092 26.128898 2.225858 
2.000000 3.645000 71.488092 26.057410 2.225858 
2.000000 3.635000 71.488092 25.985921 2.225858 
2.000000 3.625000 71.488092 25.914433 2.225858 
2.000000 3.615000 71.488092 25.842945 2.225858 
2.000000 3.605000 71.488092 25.771457 2.225858 
2.000000 3.595000 71.488092 25.699969 2.225858 
2.000000 3.585000 71.488092 25.628481 2.225858 
2.000000 3.575000 71.488092 25.556993 2.225858 
2.000000 3.565000 71.488092 25.485505 2.225858 
2.000000 3.555000 71.488092 25.414017 2.225858 
2.000000 3.545000 71.488092 25.342529 2.225858 
2.000000 3.535000 71.488092 25.271041 2.225858 
2.000000 3.525000 71.488092 25.199552 2.225858 
2.000000 3.515000 71.488092 25.128064 2.225858 
2.000000 3.505000 71.488092 25.056576 2.225858 
2.000000 3.495000 71.488092 24.985088 2.225858 
2.000000 3.485000 71.488092 24.913600 2.225858 
2.000000 3.475000 71.488092 24.842112 2.225858 
2.000000 3.465000 71.488092 24.770624 2.225858 
2.000000 3.455000 71.488092 24.699136 2.225858 
2.000000 3.445000 71.488092 24.627648 2.225858 
2.000000 3.435000 71.488092 24.556160 2.225858 
2.000000 3.425000 71.488092 24.484672 2.225858 
2.000000 3.415000 71.488092 24.413183 2.225858 
2.000000 3.405000 71.488092 24.341695 2.225858 
2.000000 3.395000 71.488092 24.270207 2.225858 
2.000000 3.385000 71.488092 24.198719 2.225858 
2.000000 3.375000 71.488092 24.127231 2.225858 
2.000000 3.365000 71.488092 24.055743 2.225858 
2.000000 3.355000 71.488092 23.984255 2.225858 
2.000000 3.345000 71.488092 23.912767 2.225858 
2.000000 3.335000 71.488092 23.841279 2.225858 
2.000000 3.325000 71.488092 23.769791 2.225858 
2.000000 3.315000 71.488092 23.698303 2.225858 
2.000000 3.305000 71.488092 23.626814 2.225858 
2.000000 3.295000 71.488092 23.555326 2.225858 
2.000000 3.285000 71.488092 23.483838 2.225858 
2.000000 3.275000 71.488092 23.412350 2.225858 
2.000000 3.265000 71.488092 23.340862 2.225858 
2.000000 3.255000 71.488092 23.269374 2.225858 
2.000000 3.245000 71.488092 23.197886 2.225858 
2.000000 3.235000 71.488092 23.126398 2.225858 
2.000000 3.225000 71.488092 23.054910 2.225858 
2.000000 3.215000 71.488092 22.983422 2.225858 
2.000000 3.205000 71.488092 22.911933 2.225858 
2.000000 3.195000 71.488092 22.840445 2.225858 
2.000000 3.185000 71.488092 22.768957 2.225858 
2.000000 3.175000 71.488092 22.697469 2.225858 
2.000000 3.165000 71.488092 22.625981 2.225858 
2.000000 3.155000 71.488092 22.554493 2.225858 
2.000000 3.145000 71.488092 22.483005 2.225858 
2.000000 3.135000 71.488092 22.411517 2.225858 
2.000000 3.125000 71.488092 22.340029 2.225858 
2.000000 3.115000 71.488092 22.268541 2.225858 
2.000000 3.105000 71.488092 22.197053 2.225858 
2.000000 3.095000 71.488092 22.125564 2.225858 
2.000000 3.085000 71.488092 22.054076 2.225858 
2.000000 3.075000 71.488092 21.982588 2.225858 
2.000000 3.065000 71.488092 21.911100 2.225858 
2.000000 3.055000 71.488092 21.839612 2.225858 
2.000000 3.045000 71.488092 21.768124 2.225858 
2.000000 3.035000 71.488092 21.696636 2.225858 
2.000000 3.025000 71.488092 21.625148 2.225858 
2.000000 3.015000 71.488092 21.553660 2.225858 
2.000000 3.005000 71.488092 21.482172 2.225858 
2.000000 2.995000 71.488092 21.410684 2.225858 
2.000000 2.985000 71.488092 21.339195 2.225858 
2.000000 2.975000 71.488092 21.267707 2.225858 
2.000000 2.965000 71.488092 21.196219 2.225858 
2.000000 2.955000 71.488092 21.124731 2.225858 
2.000000 2.945000 71.488092 21.053243 2.225858 
2.000000 2.935000 71.488092 20.981755 2.225858 
2.000000 2.925000 71.488092 20.910267 2.225858 
2.000000 2.915000 71.488092 20.838779 2.225858 
2.000000 2.905000 71.488092 20.767291 2.225858 
2.000000 2.895000 71.488092 20.695803 2.225858 
2.000000 2.885000 71.488092 20.624315 2.225858 
2.000000 2.875000 71.488092 20.552826 2.225858 
2.000000 2.865000 71.488092 20.481338 2.225858 
2.000000 2.855000 71.488092 20.409850 2.225858 
2.000000 2.845000 71.488092 20.338362 2.225858 
2.000000 2.835000 71.488092 20.266874 2.225858 
2.000000 2.825000 71.488092 20.195386 2.225858 
2.000000 2.815000 71.488092 20.123898 2.225858 
2.000000 2.805000 71.488092 20.052410 2.225858 
2.000000 2.795000 71.488092 19.980922 2.225858 
2.000000 2.785000 71.488092 19.909434 2.225858 
2.000000 2.775000 71.488092 19.837946 2.225858 
2.000000 2.765000 71.488092 19.766457 2.225858 
2.000000 2.755000 71.488092 19.694969 2.225858 
2.000000 2.745000 71.488092 19.623481 2.225858 
2.000000 2.735000 71.488092 19.551993 2.225858 
2.000000 2.725000 71.488092 19.480505 2.225858 
2.000000 2.715000 71.488092 19.409017 2.225858 
2.000000 2.705000 71.488092 19.337529 2.225858 
2.000000 2.695000 71.488092 19.266041 2.225858 
2.000000 2.685000 71.488092 19.194553 2.225858 
2.000000 2.675000 71.488092 19.123065 2.225858 
2.000000 2.665000 71.488092 19.051577 2.225858 
2.000000 2.655000 71.488092 18.980088 2.225858 
2.000000 2.645000 71.488092 18.908600 2.225858 
2.000000 2.635000 71.488092 18.837112 2.225858 
2.000000 2.625000 71.488092 18.765624 2.225858 
2.000000 2.615000 71.488092 18.694136 2.225858 
2.000000 2.605000 71.488092 18.622648 2.225858 
2.000000 2.595000 71.488092 18.551160 2.225858 
2.000000 2.585000 71.488092 18.479672 2.225858 
2.000000 2.575000 71.488092 18.408184 2.225858 
2.000000 2.565000 71.488092 18.336696 2.225858 
2.000000 2.555000 71.488092 18.265208 2.225858 
2.000000 2.545000 71.488092 18.193719 2.225858 
2.000000 2.535000 71.488092 18.122231 2.225858 
2.000000 2.525000 71.488092 18.050743 2.225858 
2.000000 2.515000 71.488092 17.979255 2.225858 
2.000000 2.505000 71.488092 17.907767 2.225858 
2.000000 2.495000 71.488092 17.836279 2.225858 
2.000000 2.485000 71.488092 17.764791 2.225858 
2.000000 2.475000 71.488092 17.693303 2.225858 
2.000000 2.465000 71.488092 17.621815 2.225858 
2.000000 2.455000 71.488092 17.550327 2.225858 
2.000000 2.445000 71.488092 17.478839 2.225858 
2.000000 2.435000 71.488092 17.407350 2.225858 
2.000000 2.425000 71.488092 17.335862 2.225858 
2.000000 2.415000 71.488092 17.264374 2.225858 
2.000000 2.405000 71.488092 17.192886 2.225858 
2.000000 2.395000 71.488092 17.121398 2.225858 
2.000000 2.385000 71.488092 17.049910 2.225858 
2.000000 2.375000 71.488092 16.978422 2.225858 
2.000000 2.365000 71.488092 16.906934 2.225858 
2.000000 2.355000 71.488092 16.835446 2.225858 
2.000000 2.345000 71.488092 16.763958 2.225858 
2.000000 2.335000 71.488092 16.692469 2.225858 
2.000000 2.325000 71.488092 16.620981 2.225858 
2.000000 2.315000 71.488092 16.549493 2.225858 
2.000000 2.305000 71.488092 16.478005 2.225858 
2.000000 2.295000 71.488092 16.406517 2.225858 
2.000000 2.285000 71.488092 16.335029 2.225858 
2.000000 2.275000 71.488092 16.263541 2.225858 
2.000000 2.265000 71.488092 16.192053 2.225858 
2.000000 2.255000 71.488092 16.120565 2.225858 
2.000000 2.245000 71.488092 16.049077 2.225858 
2.000000 2.235000 71.488092 15.977589 2.225858 
1.996571 2.225000 71.488092 15.906100 2.223562 
1.986221 2.215000 71.488092 15.834612 2.214566 
1.972274 2.205000 71.488092 15.763124 2.202515 
1.961703 2.195000 71.488092 15.691636 2.193434 
1.951036 2.185000 71.488092 15.620148 2.184314 
1.936664 2.175000 71.488092 15.548660 2.172091 
1.925771 2.165000 71.488092 15.477172 2.162875 
1.914781 2.155000 71.488092 15.405684 2.153615 
1.903691 2.145000 71.488092 15.334196 2.144309 
1.892502 2.135000 71.488092 15.262708 2.134956 
1.877428 2.125000 71.488092 15.191220 2.122410 
1.866004 2.115000 71.488092 15.119731 2.112941 
1.854479 2.105000 71.488092 15.048243 2.103419 
1.842850 2.095000 71.488092 14.976755 2.093843 
1.831118 2.085000 71.488092 14.905267 2.084210 
1.819282 2.075000 71.488092 14.833779 2.074519 
1.807341 2.065000 71.488092 14.762291 2.064768 
1.795294 2.055000 71.488092 14.690803 2.054954 
1.779064 2.045000 71.488092 14.619315 2.041769 
1.766766 2.035000 71.488092 14.547827 2.031802 
1.754359 2.025000 71.488092 14.476339 2.021766 
1.741842 2.015000 71.488092 14.404851 2.011659 
1.733436 2.005000 71.488092 14.333362 2.004880 
1.720733 1.995000 71.488092 14.261874 1.994648 
1.707918 1.985000 71.488092 14.190386 1.984339 
1.694990 1.975000 71.488092 14.118898 1.973949 
1.681946 1.965000 71.488092 14.047410 1.963477 
1.668788 1.955000 71.488092 13.975922 1.952919 
1.655512 1.945000 71.488092 13.904434 1.942272 
1.642119 1.935000 71.488092 13.832946 1.931535 
1.633124 1.925000 71.488092 13.761458 1.924324 
1.619531 1.915000 71.488092 13.689970 1.913428 
1.605817 1.905000 71.488092 13.618482 1.902433 
1.591982 1.895000 71.488092 13.546993 1.891336 
1.582689 1.885000 71.488092 13.475505 1.883879 
1.568647 1.875000 71.488092 13.404017 1.872603 
1.554479 1.865000 71.488092 13.332529 1.861216 
1.544963 1.855000 71.488092 13.261041 1.853560 
1.530583 1.845000 71.488092 13.189553 1.841979 
1.520925 1.835000 71.488092 13.118065 1.834190 
1.506328 1.825000 71.488092 13.046577 1.822403 
1.496524 1.815000 71.488092 12.975089 1.814474 
1.481707 1.805000 71.488092 12.903601 1.802470 
1.471755 1.795000 71.488092 12.832113 1.794392 
1.456713 1.785000 71.488092 12.760624 1.782158 
1.446610 1.775000 71.488092 12.689136 1.773923 
1.431340 1.765000 71.488092 12.617648 1.761446 
1.421082 1.755000 71.488092 12.546160 1.753044 
1.410762 1.745000 71.488092 12.474672 1.744573 
1.395163 1.735000 71.488092 12.403184 1.731732 
1.384684 1.725000 71.488092 12.331696 1.723079 
1.374141 1.715000 71.488092 12.260208 1.714352 
1.358205 1.705000 71.488092 12.188720 1.701114 
1.347498 1.695000 71.488092 12.117232 1.692190 
1.336725 1.685000 71.488092 12.045744 1.683184 
1.325886 1.675000 71.488092 11.974255 1.674093 
1.314978 1.665000 71.488092 11.902767 1.664916 
1.298490 1.655000 71.488092 11.831279 1.650984 
1.287411 1.645000 71.488092 11.759791 1.641582 
1.276263 1.635000 71.488092 11.688303 1.632086 
1.265044 1.625000 71.488092 11.616815 1.622493 
1.253754 1.615000 71.488092 11.545327 1.612800 
1.242393 1.605000 71.488092 11.473839 1.603006 
1.230959 1.595000 71.488092 11.402351 1.593107 
1.219453 1.585000 71.488092 11.330863 1.583101 
1.207872 1.575000 71.488092 11.259374 1.572984 
1.196217 1.565000 71.488092 11.187886 1.562754 
1.184487 1.555000 71.488092 11.116398 1.552407 
1.172681 1.545000 71.488092 11.044910 1.541941 
1.160798 1.535000 71.488092 10.973422 1.531351 
1.148837 1.525000 71.488092 10.901934 1.520634 
1.136798 1.515000 71.488092 10.830446 1.509786 
1.130749 1.505000 71.488092 10.758958 1.504312 
1.118591 1.495000 71.488092 10.687470 1.493261 
1.106353 1.485000 71.488092 10.615982 1.482069 
1.094033 1.475000 71.488092 10.544494 1.470733 
1.081631 1.465000 71.488092 10.473005 1.459247 
1.075399 1.455000 71.488092 10.401517 1.453446 
1.062872 1.445000 71.488092 10.330029 1.441728 
1.050261 1.435000 71.488092 10.258541 1.429847 
1.043923 1.425000 71.488092 10.187053 1.423845 
1.031183 1.415000 71.488092 10.115565 1.411713 
1.018357 1.405000 71.488092 10.044077 1.399406 
1.011911 1.395000 71.488092 9.972589 1.393185 
0.998952 1.385000 71.488092 9.901101 1.380604 
0.992439 1.375000 71.488092 9.829613 1.374243 
0.979346 1.365000 71.488092 9.758125 1.361375 
0.972765 1.355000 71.488092 9.686636 1.354866 
0.959535 1.345000 71.488092 9.615148 1.341696 
0.946213 1.335000 71.488092 9.543660 1.328314 
0.939517 1.325000 71.488092 9.472172 1.321542 
0.932797 1.315000 71.488092 9.400684 1.314714 
0.919287 1.305000 71.488092 9.329196 1.300888 
0.912495 1.295000 71.488092 9.257708 1.293888 
0.898841 1.285000 71.488092 9.186220 1.279706 
0.891977 1.275000 71.488092 9.114732 1.272523 
0.878176 1.265000 71.488092 9.043244 1.257965 
0.871238 1.255000 71.488092 8.971756 1.250588 
0.864275 1.245000 71.488092 8.900267 1.243145 
0.850274 1.235000 71.488092 8.828779 1.228051 
0.843236 1.225000 71.488092 8.757291 1.220398 
0.836172 1.215000 71.488092 8.685803 1.212673 
0.829082 1.205000 71.488092 8.614315 1.204873 
0.814825 1.195000 71.488092 8.542827 1.189046 
0.807658 1.185000 71.488092 8.471339 1.181016 
0.800464 1.175000 71.488092 8.399851 1.172905 
0.793244 1.165000 71.488092 8.328363 1.164711 
0.778723 1.155000 71.488092 8.256875 1.148072 
0.771423 1.145000 71.488092 8.185387 1.139622 
0.764096 1.135000 71.488092 8.113898 1.131082 
0.756741 1.125000 71.488092 8.042410 1.122451 
0.749360 1.115000 71.488092 7.970922 1.113726 
0.741950 1.105000 71.488092 7.899434 1.104906 
0.727050 1.095000 71.488092 7.827946 1.086969 
0.719557 1.085000 71.488092 7.756458 1.077849 
0.712037 1.075000 71.488092 7.684970 1.068623 
0.704489 1.065000 71.488092 7.613482 1.059290 
0.696913 1.055000 71.488092 7.541994 1.049847 
0.689309 1.045000 71.488092 7.470506 1.040292 
0.681676 1.035000 71.488092 7.399018 1.030621 
0.674014 1.025000 71.488092 7.327529 1.020832 
0.666324 1.015000 71.488092 7.256041 1.010922 
0.658606 1.005000 71.488092 7.184553 1.000888 
0.650859 0.995000 71.488092 7.113065 0.990727 
0.643083 0.985000 71.488092 7.041577 0.980435 
0.635278 0.975000 71.488092 6.970089 0.970009 
0.627444 0.965000 71.488092 6.898601 0.959445 
0.619581 0.955000 71.488092 6.827113 0.948741 
0.611689 0.945000 71.488092 6.755625 0.937891 
0.603769 0.935000 71.488092 6.684137 0.926893 
0.595819 0.925000 71.488092 6.612649 0.915742 
0.587841 0.915000 71.488092 6.541160 0.904435 
0.587841 0.905000 71.488092 6.469672 0.904435 
0.579833 0.895000 71.488092 6.398184 0.892966 
0.571797 0.885000 71.488092 6.326696 0.881331 
0.563733 0.875000 71.488092 6.255208 0.869526 
0.555639 0.865000 71.488092 6.183720 0.857546 
0.547518 0.855000 71.488092 6.112232 0.845386 
0.539368 0.845000 71.488092 6.040744 0.833041 
0.539368 0.835000 71.488092 5.969256 0.833041 
0.531191 0.825000 71.488092 5.897768 0.820504 
0.522986 0.815000 71.488092 5.826280 0.807772 
0.514753 0.805000 71.488092 5.754791 0.794838 
0.514753 0.795000 71.488092 5.683303 0.794838 
0.506494 0.785000 71.488092 5.611815 0.781695 
0.498208 0.775000 71.488092 5.540327 0.768339 
0.489897 0.765000 71.488092 5.468839 0.754763 
0.489897 0.755000 71.488092 5.397351 0.754763 
0.481560 0.745000 71.488092 5.325863 0.740959 
0.473198 0.735000 71.488092 5.254375 0.726922 
0.464812 0.725000 71.488092 5.182887 0.712644 
0.464812 0.715000 71.488092 5.111399 0.712644 
0.456404 0.705000 71.488092 5.039910 0.698118 
0.447973 0.695000 71.488092 4.968422 0.683336 
0.447973 0.685000 71.488092 4.896934 0.683336 
0.439521 0.675000 71.488092 4.825446 0.668292 
0.431049 0.665000 71.488092 4.753958 0.652977 
0.431049 0.655000 71.488092 4.682470 0.652977 
0.422559 0.645000 71.488092 4.610982 0.637383 
0.414052 0.635000 71.488092 4.539494 0.621503 
0.414052 0.625000 71.488092 4.468006 0.621503 
0.405530 0.615000 71.488092 4.396518 0.605328 
0.396994 0.605000 71.488092 4.325030 0.588850 
0.396994 0.595000 71.488092 4.253541 0.588850 
0.388448 0.585000 71.488092 4.182053 0.572061 
0.388448 0.575000 71.488092 4.110565 0.572061 
0.379892 0.565000 71.488092 4.039077 0.554952 
0.379892 0.555000 71.488092 3.967589 0.554952 
0.371331 0.545000 71.488092 3.896101 0.537516 
0.362767 0.535000 71.488092 3.824613 0.519744 
0.362767 0.525000 71.488092 3.753125 0.519744 
0.354204 0.515000 71.488092 3.681637 0.501630 
0.354204 0.505000 71.488092 3.610149 0.501630 
0.345645 0.495000 71.488092 3.538661 0.483167 
0.345645 0.485000 71.488092 3.467172 0.483167 
0.337095 0.475000 71.488092 3.395684 0.464349 
0.337095 0.465000 71.488092 3.324196 0.464349 
0.328559 0.455000 71.488092 3.252708 0.445170 
0.320043 0.445000 71.488092 3.181220 0.425627 
0.320043 0.435000 71.488092 3.109732 0.425627 
0.311552 0.425000 71.488092 3.038244 0.405717 
0.311552 0.415000 71.488092 2.966756 0.405717 
0.303094 0.405000 71.488092 2.895268 0.385442 
0.303094 0.395000 71.488092 2.823780 0.385442 
0.294677 0.385000 71.488092 2.752292 0.364803 
0.294677 0.375000 71.488092 2.680803 0.364803 
0.294677 0.365000 71.488092 2.609315 0.364803 
0.286310 0.355000 71.488092 2.537827 0.343808 
0.286310 0.345000 71.488092 2.466339 0.343808 
0.278003 0.335000 71.488092 2.394851 0.322465 
0.278003 0.325000 71.488092 2.323363 0.322465 
0.269767 0.315000 71.488092 2.251875 0.300791 
0.269767 0.305000 71.488092 2.180387 0.300791 
0.261616 0.295000 71.488092 2.108899 0.278806 
0.261616 0.285000 71.488092 2.037411 0.278806 
0.253564 0.275000 71.488092 1.965923 0.256541 
0.253564 0.265000 71.488092 1.894434 0.256541 
0.245628 0.255000 71.488092 1.822946 0.234034 
0.245628 0.245000 71.488092 1.751458 0.234034 
0.245628 0.235000 71.488092 1.679970 0.234034 
0.237826 0.225000 71.488092 1.608482 0.211333 
0.237826 0.215000 71.488092 1.536994 0.211333 
0.230181 0.205000 71.488092 1.465506 0.188501 
0.230181 0.195000 71.488092 1.394018 0.188501 
0.222715 0.185000 71.488092 1.322530 0.165617 
0.222715 0.175000 71.488092 1.251042 0.165617 
0.215456 0.165000 71.488092 1.179554 0.142775 
0.215456 0.155000 71.488092 1.108065 0.142775 
0.215456 0.145000 71.488092 1.036577 0.142775 
0.208433 0.135000 71.488092 0.965089 0.120092 
0.208433 0.125000 71.488092 0.893601 0.120092 
0.201679 0.115000 71.488092 0.822113 0.097708 
0.201679 0.105000 71.488092 0.750625 0.097708 
0.195232 0.095000 71.488092 0.679137 0.075787 
0.195232 0.085000 71.488092 0.607649 0.075787 
0.189131 0.075000 71.488092 0.536161 0.054521 
0.189131 0.065000 71.488092 0.464673 0.054521 
0.189131 0.055000 71.488092 0.393185 0.054521 
0.183420 0.045000 71.488092 0.321696 0.034131 
0.183420 0.035000 71.488092 0.250208 0.034131 
0.178145 0.025000 71.488092 0.178720 0.014860 
0.178145 0.015000 71.488092 0.107232 0.014860 
