2.000000 9.985000 56.740136 56.655026 2.071826 
2.000000 9.975000 56.740136 56.598286 2.071826 
2.000000 9.965000 56.740136 56.541546 2.071826 
2.000000 9.955000 56.740136 56.484806 2.071826 
2.000000 9.945000 56.740136 56.428066 2.071826 
2.000000 9.935000 56.740136 56.371325 2.071826 
2.000000 9.925000 56.740136 56.314585 2.071826 
2.000000 9.915000 56.740136 56.257845 2.071826 
2.000000 9.905000 56.740136 56.201105 2.071826 
2.000000 9.895000 56.740136 56.144365 2.071826 
2.000000 9.885000 56.740136 56.087625 2.071826 
2.000000 9.875000 56.740136 56.030885 2.071826 
2.000000 9.865000 56.740136 55.974144 2.071826 
2.000000 9.855000 56.740136 55.917404 2.071826 
2.000000 9.845000 56.740136 55.860664 2.071826 
2.000000 9.835000 56.740136 55.803924 2.071826 
2.000000 9.825000 56.740136 55.747184 2.071826 
2.000000 9.815000 56.740136 55.690444 2.071826 
2.000000 9.805000 56.740136 55.633704 2.071826 
2.000000 9.795000 56.740136 55.576963 2.071826 
2.000000 9.785000 56.740136 55.520223 2.071826 
2.000000 9.775000 56.740136 55.463483 2.071826 
2.000000 9.765000 56.740136 55.406743 2.071826 
2.000000 9.755000 56.740136 55.350003 2.071826 
2.000000 9.745000 56.740136 55.293263 2.071826 
2.000000 9.735000 56.740136 55.236523 2.071826 
2.000000 9.725000 56.740136 55.179783 2.071826 
2.000000 9.715000 56.740136 55.123042 2.071826 
2.000000 9.705000 56.740136 55.066302 2.071826 
2.000000 9.695000 56.740136 55.009562 2.071826 
2.000000 9.685000 56.740136 54.952822 2.071826 
2.000000 9.675000 56.740136 54.896082 2.071826 
2.000000 9.665000 56.740136 54.839342 2.071826 
2.000000 9.655000 56.740136 54.782602 2.071826 
2.000000 9.645000 56.740136 54.725861 2.071826 
2.000000 9.635000 56.740136 54.669121 2.071826 
2.000000 9.625000 56.740136 54.612381 2.071826 
2.000000 9.615000 56.740136 54.555641 2.071826 
2.000000 9.605000 56.740136 54.498901 2.071826 
2.000000 9.595000 56.740136 54.442161 2.071826 
2.000000 9.585000 56.740136 54.385421 2.071826 
2.000000 9.575000 56.740136 54.328680 2.071826 
2.000000 9.565000 56.740136 54.271940 2.071826 
2.000000 9.555000 56.740136 54.215200 2.071826 
2.000000 9.545000 56.740136 54.158460 2.071826 
2.000000 9.535000 56.740136 54.101720 2.071826 
2.000000 9.525000 56.740136 54.044980 2.071826 
2.000000 9.515000 56.740136 53.988240 2.071826 
2.000000 9.505000 56.740136 53.931500 2.071826 
2.000000 9.495000 56.740136 53.874759 2.071826 
2.000000 9.485000 56.740136 53.818019 2.071826 
2.000000 9.475000 56.740136 53.761279 2.071826 
2.000000 9.465000 56.740136 53.704539 2.071826 
2.000000 9.455000 56.740136 53.647799 2.071826 
2.000000 9.445000 56.740136 53.591059 2.071826 
2.000000 9.435000 56.740136 53.534319 2.071826 
2.000000 9.425000 56.740136 53.477578 2.071826 
2.000000 9.415000 56.740136 53.420838 2.071826 
2.000000 9.405000 56.740136 53.364098 2.071826 
2.000000 9.395000 56.740136 53.307358 2.071826 
2.000000 9.385000 56.740136 53.250618 2.071826 
2.000000 9.375000 56.740136 53.193878 2.071826 
2.000000 9.365000 56.740136 53.137138 2.071826 
2.000000 9.355000 56.740136 53.080397 2.071826 
2.000000 9.345000 56.740136 53.023657 2.071826 
2.000000 9.335000 56.740136 52.966917 2.071826 
2.000000 9.325000 56.740136 52.910177 2.071826 
2.000000 9.315000 56.740136 52.853437 2.071826 
2.000000 9.305000 56.740136 52.796697 2.071826 
2.000000 9.295000 56.740136 52.739957 2.071826 
2.000000 9.285000 56.740136 52.683217 2.071826 
2.000000 9.275000 56.740136 52.626476 2.071826 
2.000000 9.265000 56.740136 52.569736 2.071826 
2.000000 9.255000 56.740136 52.512996 2.071826 
2.000000 9.245000 56.740136 52.456256 2.071826 
2.000000 9.235000 56.740136 52.399516 2.071826 
2.000000 9.225000 56.740136 52.342776 2.071826 
2.000000 9.215000 56.740136 52.286036 2.071826 
2.000000 9.205000 56.740136 52.229295 2.071826 
2.000000 9.195000 56.740136 52.172555 2.071826 
2.000000 9.185000 56.740136 52.115815 2.071826 
2.000000 9.175000 56.740136 52.059075 2.071826 
2.000000 9.165000 56.740136 52.002335 2.071826 
2.000000 9.155000 56.740136 51.945595 2.071826 
2.000000 9.145000 56.740136 51.888855 2.071826 
2.000000 9.135000 56.740136 51.832114 2.071826 
2.000000 9.125000 56.740136 51.775374 2.071826 
2.000000 9.115000 56.740136 51.718634 2.071826 
2.000000 9.105000 56.740136 51.661894 2.071826 
2.000000 9.095000 56.740136 51.605154 2.071826 
2.000000 9.085000 56.740136 51.548414 2.071826 
2.000000 9.075000 56.740136 51.491674 2.071826 
2.000000 9.065000 56.740136 51.434934 2.071826 
2.000000 9.055000 56.740136 51.378193 2.071826 
2.000000 9.045000 56.740136 51.321453 2.071826 
2.000000 9.035000 56.740136 51.264713 2.071826 
2.000000 9.025000 56.740136 51.207973 2.071826 
2.000000 9.015000 56.740136 51.151233 2.071826 
2.000000 9.005000 56.740136 51.094493 2.071826 
2.000000 8.995000 56.740136 51.037753 2.071826 
2.000000 8.985000 56.740136 50.981012 2.071826 
2.000000 8.975000 56.740136 50.924272 2.071826 
2.000000 8.965000 56.740136 50.867532 2.071826 
2.000000 8.955000 56.740136 50.810792 2.071826 
2.000000 8.945000 56.740136 50.754052 2.071826 
2.000000 8.935000 56.740136 50.697312 2.071826 
2.000000 8.925000 56.740136 50.640572 2.071826 
2.000000 8.915000 56.740136 50.583831 2.071826 
2.000000 8.905000 56.740136 50.527091 2.071826 
2.000000 8.895000 56.740136 50.470351 2.071826 
2.000000 8.885000 56.740136 50.413611 2.071826 
2.000000 8.875000 56.740136 50.356871 2.071826 
2.000000 8.865000 56.740136 50.300131 2.071826 
2.000000 8.855000 56.740136 50.243391 2.071826 
2.000000 8.845000 56.740136 50.186651 2.071826 
2.000000 8.835000 56.740136 50.129910 2.071826 
2.000000 8.825000 56.740136 50.073170 2.071826 
2.000000 8.815000 56.740136 50.016430 2.071826 
2.000000 8.805000 56.740136 49.959690 2.071826 
2.000000 8.795000 56.740136 49.902950 2.071826 
2.000000 8.785000 56.740136 49.846210 2.071826 
2.000000 8.775000 56.740136 49.789470 2.071826 
2.000000 8.765000 56.740136 49.732729 2.071826 
2.000000 8.755000 56.740136 49.675989 2.071826 
2.000000 8.745000 56.740136 49.619249 2.071826 
2.000000 8.735000 56.740136 49.562509 2.071826 
2.000000 8.725000 56.740136 49.505769 2.071826 
2.000000 8.715000 56.740136 49.449029 2.071826 
2.000000 8.705000 56.740136 49.392289 2.071826 
2.000000 8.695000 56.740136 49.335548 2.071826 
2.000000 8.685000 56.740136 49.278808 2.071826 
2.000000 8.675000 56.740136 49.222068 2.071826 
2.000000 8.665000 56.740136 49.165328 2.071826 
2.000000 8.655000 56.740136 49.108588 2.071826 
2.000000 8.645000 56.740136 49.051848 2.071826 
2.000000 8.635000 56.740136 48.995108 2.071826 
2.000000 8.625000 56.740136 48.938368 2.071826 
2.000000 8.615000 56.740136 48.881627 2.071826 
2.000000 8.605000 56.740136 48.824887 2.071826 
2.000000 8.595000 56.740136 48.768147 2.071826 
2.000000 8.585000 56.740136 48.711407 2.071826 
2.000000 8.575000 56.740136 48.654667 2.071826 
2.000000 8.565000 56.740136 48.597927 2.071826 
2.000000 8.555000 56.740136 48.541187 2.071826 
2.000000 8.545000 56.740136 48.484446 2.071826 
2.000000 8.535000 56.740136 48.427706 2.071826 
2.000000 8.525000 56.740136 48.370966 2.071826 
2.000000 8.515000 56.740136 48.314226 2.071826 
2.000000 8.505000 56.740136 48.257486 2.071826 
2.000000 8.495000 56.740136 48.200746 2.071826 
2.000000 8.485000 56.740136 48.144006 2.071826 
2.000000 8.475000 56.740136 48.087265 2.071826 
2.000000 8.465000 56.740136 48.030525 2.071826 
2.000000 8.455000 56.740136 47.973785 2.071826 
2.000000 8.445000 56.740136 47.917045 2.071826 
2.000000 8.435000 56.740136 47.860305 2.071826 
2.000000 8.425000 56.740136 47.803565 2.071826 
2.000000 8.415000 56.740136 47.746825 2.071826 
2.000000 8.405000 56.740136 47.690085 2.071826 
2.000000 8.395000 56.740136 47.633344 2.071826 
2.000000 8.385000 56.740136 47.576604 2.071826 
2.000000 8.375000 56.740136 47.519864 2.071826 
2.000000 8.365000 56.740136 47.463124 2.071826 
2.000000 8.355000 56.740136 47.406384 2.071826 
2.000000 8.345000 56.740136 47.349644 2.071826 
2.000000 8.335000 56.740136 47.292904 2.071826 
2.000000 8.325000 56.740136 47.236163 2.071826 
2.000000 8.315000 56.740136 47.179423 2.071826 
2.000000 8.305000 56.740136 47.122683 2.071826 
2.000000 8.295000 56.740136 47.065943 2.071826 
2.000000 8.285000 56.740136 47.009203 2.071826 
2.000000 8.275000 56.740136 46.952463 2.071826 
2.000000 8.265000 56.740136 46.895723 2.071826 
2.000000 8.255000 56.740136 46.838982 2.071826 
2.000000 8.245000 56.740136 46.782242 2.071826 
2.000000 8.235000 56.740136 46.725502 2.071826 
2.000000 8.225000 56.740136 46.668762 2.071826 
2.000000 8.215000 56.740136 46.612022 2.071826 
2.000000 8.205000 56.740136 46.555282 2.071826 
2.000000 8.195000 56.740136 46.498542 2.071826 
2.000000 8.185000 56.740136 46.441802 2.071826 
2.000000 8.175000 56.740136 46.385061 2.071826 
2.000000 8.165000 56.740136 46.328321 2.071826 
2.000000 8.155000 56.740136 46.271581 2.071826 
2.000000 8.145000 56.740136 46.214841 2.071826 
2.000000 8.135000 56.740136 46.158101 2.071826 
2.000000 8.125000 56.740136 46.101361 2.071826 
2.000000 8.115000 56.740136 46.044621 2.071826 
2.000000 8.105000 56.740136 45.987880 2.071826 
2.000000 8.095000 56.740136 45.931140 2.071826 
2.000000 8.085000 56.740136 45.874400 2.071826 
2.000000 8.075000 56.740136 45.817660 2.071826 
2.000000 8.065000 56.740136 45.760920 2.071826 
2.000000 8.055000 56.740136 45.704180 2.071826 
2.000000 8.045000 56.740136 45.647440 2.071826 
2.000000 8.035000 56.740136 45.590699 2.071826 
2.000000 8.025000 56.740136 45.533959 2.071826 
2.000000 8.015000 56.740136 45.477219 2.071826 
2.000000 8.005000 56.740136 45.420479 2.071826 
2.000000 7.995000 56.740136 45.363739 2.071826 
2.000000 7.985000 56.740136 45.306999 2.071826 
2.000000 7.975000 56.740136 45.250259 2.071826 
2.000000 7.965000 56.740136 45.193519 2.071826 
2.000000 7.955000 56.740136 45.136778 2.071826 
2.000000 7.945000 56.740136 45.080038 2.071826 
2.000000 7.935000 56.740136 45.023298 2.071826 
2.000000 7.925000 56.740136 44.966558 2.071826 
2.000000 7.915000 56.740136 44.909818 2.071826 
2.000000 7.905000 56.740136 44.853078 2.071826 
2.000000 7.895000 56.740136 44.796338 2.071826 
2.000000 7.885000 56.740136 44.739597 2.071826 
2.000000 7.875000 56.740136 44.682857 2.071826 
2.000000 7.865000 56.740136 44.626117 2.071826 
2.000000 7.855000 56.740136 44.569377 2.071826 
2.000000 7.845000 56.740136 44.512637 2.071826 
2.000000 7.835000 56.740136 44.455897 2.071826 
2.000000 7.825000 56.740136 44.399157 2.071826 
2.000000 7.815000 56.740136 44.342416 2.071826 
2.000000 7.805000 56.740136 44.285676 2.071826 
2.000000 7.795000 56.740136 44.228936 2.071826 
2.000000 7.785000 56.740136 44.172196 2.071826 
2.000000 7.775000 56.740136 44.115456 2.071826 
2.000000 7.765000 56.740136 44.058716 2.071826 
2.000000 7.755000 56.740136 44.001976 2.071826 
2.000000 7.745000 56.740136 43.945236 2.071826 
2.000000 7.735000 56.740136 43.888495 2.071826 
2.000000 7.725000 56.740136 43.831755 2.071826 
2.000000 7.715000 56.740136 43.775015 2.071826 
2.000000 7.705000 56.740136 43.718275 2.071826 
2.000000 7.695000 56.740136 43.661535 2.071826 
2.000000 7.685000 56.740136 43.604795 2.071826 
2.000000 7.675000 56.740136 43.548055 2.071826 
2.000000 7.665000 56.740136 43.491314 2.071826 
2.000000 7.655000 56.740136 43.434574 2.071826 
2.000000 7.645000 56.740136 43.377834 2.071826 
2.000000 7.635000 56.740136 43.321094 2.071826 
2.000000 7.625000 56.740136 43.264354 2.071826 
2.000000 7.615000 56.740136 43.207614 2.071826 
2.000000 7.605000 56.740136 43.150874 2.071826 
2.000000 7.595000 56.740136 43.094133 2.071826 
2.000000 7.585000 56.740136 43.037393 2.071826 
2.000000 7.575000 56.740136 42.980653 2.071826 
2.000000 7.565000 56.740136 42.923913 2.071826 
2.000000 7.555000 56.740136 42.867173 2.071826 
2.000000 7.545000 56.740136 42.810433 2.071826 
2.000000 7.535000 56.740136 42.753693 2.071826 
2.000000 7.525000 56.740136 42.696953 2.071826 
2.000000 7.515000 56.740136 42.640212 2.071826 
2.000000 7.505000 56.740136 42.583472 2.071826 
2.000000 7.495000 56.740136 42.526732 2.071826 
2.000000 7.485000 56.740136 42.469992 2.071826 
2.000000 7.475000 56.740136 42.413252 2.071826 
2.000000 7.465000 56.740136 42.356512 2.071826 
2.000000 7.455000 56.740136 42.299772 2.071826 
2.000000 7.445000 56.740136 42.243031 2.071826 
2.000000 7.435000 56.740136 42.186291 2.071826 
2.000000 7.425000 56.740136 42.129551 2.071826 
2.000000 7.415000 56.740136 42.072811 2.071826 
2.000000 7.405000 56.740136 42.016071 2.071826 
2.000000 7.395000 56.740136 41.959331 2.071826 
2.000000 7.385000 56.740136 41.902591 2.071826 
2.000000 7.375000 56.740136 41.845850 2.071826 
2.000000 7.365000 56.740136 41.789110 2.071826 
2.000000 7.355000 56.740136 41.732370 2.071826 
2.000000 7.345000 56.740136 41.675630 2.071826 
2.000000 7.335000 56.740136 41.618890 2.071826 
2.000000 7.325000 56.740136 41.562150 2.071826 
2.000000 7.315000 56.740136 41.505410 2.071826 
2.000000 7.305000 56.740136 41.448670 2.071826 
2.000000 7.295000 56.740136 41.391929 2.071826 
2.000000 7.285000 56.740136 41.335189 2.071826 
2.000000 7.275000 56.740136 41.278449 2.071826 
2.000000 7.265000 56.740136 41.221709 2.071826 
2.000000 7.255000 56.740136 41.164969 2.071826 
2.000000 7.245000 56.740136 41.108229 2.071826 
2.000000 7.235000 56.740136 41.051489 2.071826 
2.000000 7.225000 56.740136 40.994748 2.071826 
2.000000 7.215000 56.740136 40.938008 2.071826 
2.000000 7.205000 56.740136 40.881268 2.071826 
2.000000 7.195000 56.740136 40.824528 2.071826 
2.000000 7.185000 56.740136 40.767788 2.071826 
2.000000 7.175000 56.740136 40.711048 2.071826 
2.000000 7.165000 56.740136 40.654308 2.071826 
2.000000 7.155000 56.740136 40.597567 2.071826 
2.000000 7.145000 56.740136 40.540827 2.071826 
2.000000 7.135000 56.740136 40.484087 2.071826 
2.000000 7.125000 56.740136 40.427347 2.071826 
2.000000 7.115000 56.740136 40.370607 2.071826 
2.000000 7.105000 56.740136 40.313867 2.071826 
2.000000 7.095000 56.740136 40.257127 2.071826 
2.000000 7.085000 56.740136 40.200387 2.071826 
2.000000 7.075000 56.740136 40.143646 2.071826 
2.000000 7.065000 56.740136 40.086906 2.071826 
2.000000 7.055000 56.740136 40.030166 2.071826 
2.000000 7.045000 56.740136 39.973426 2.071826 
2.000000 7.035000 56.740136 39.916686 2.071826 
2.000000 7.025000 56.740136 39.859946 2.071826 
2.000000 7.015000 56.740136 39.803206 2.071826 
2.000000 7.005000 56.740136 39.746465 2.071826 
2.000000 6.995000 56.740136 39.689725 2.071826 
2.000000 6.985000 56.740136 39.632985 2.071826 
2.000000 6.975000 56.740136 39.576245 2.071826 
2.000000 6.965000 56.740136 39.519505 2.071826 
2.000000 6.955000 56.740136 39.462765 2.071826 
2.000000 6.945000 56.740136 39.406025 2.071826 
2.000000 6.935000 56.740136 39.349284 2.071826 
2.000000 6.925000 56.740136 39.292544 2.071826 
2.000000 6.915000 56.740136 39.235804 2.071826 
2.000000 6.905000 56.740136 39.179064 2.071826 
2.000000 6.895000 56.740136 39.122324 2.071826 
2.000000 6.885000 56.740136 39.065584 2.071826 
2.000000 6.875000 56.740136 39.008844 2.071826 
2.000000 6.865000 56.740136 38.952104 2.071826 
2.000000 6.855000 56.740136 38.895363 2.071826 
2.000000 6.845000 56.740136 38.838623 2.071826 
2.000000 6.835000 56.740136 38.781883 2.071826 
2.000000 6.825000 56.740136 38.725143 2.071826 
2.000000 6.815000 56.740136 38.668403 2.071826 
2.000000 6.805000 56.740136 38.611663 2.071826 
2.000000 6.795000 56.740136 38.554923 2.071826 
2.000000 6.785000 56.740136 38.498182 2.071826 
2.000000 6.775000 56.740136 38.441442 2.071826 
2.000000 6.765000 56.740136 38.384702 2.071826 
2.000000 6.755000 56.740136 38.327962 2.071826 
2.000000 6.745000 56.740136 38.271222 2.071826 
2.000000 6.735000 56.740136 38.214482 2.071826 
2.000000 6.725000 56.740136 38.157742 2.071826 
2.000000 6.715000 56.740136 38.101001 2.071826 
2.000000 6.705000 56.740136 38.044261 2.071826 
2.000000 6.695000 56.740136 37.987521 2.071826 
2.000000 6.685000 56.740136 37.930781 2.071826 
2.000000 6.675000 56.740136 37.874041 2.071826 
2.000000 6.665000 56.740136 37.817301 2.071826 
2.000000 6.655000 56.740136 37.760561 2.071826 
2.000000 6.645000 56.740136 37.703821 2.071826 
2.000000 6.635000 56.740136 37.647080 2.071826 
2.000000 6.625000 56.740136 37.590340 2.071826 
2.000000 6.615000 56.740136 37.533600 2.071826 
2.000000 6.605000 56.740136 37.476860 2.071826 
2.000000 6.595000 56.740136 37.420120 2.071826 
2.000000 6.585000 56.740136 37.363380 2.071826 
2.000000 6.575000 56.740136 37.306640 2.071826 
2.000000 6.565000 56.740136 37.249899 2.071826 
2.000000 6.555000 56.740136 37.193159 2.071826 
2.000000 6.545000 56.740136 37.136419 2.071826 
2.000000 6.535000 56.740136 37.079679 2.071826 
2.000000 6.525000 56.740136 37.022939 2.071826 
2.000000 6.515000 56.740136 36.966199 2.071826 
2.000000 6.505000 56.740136 36.909459 2.071826 
2.000000 6.495000 56.740136 36.852718 2.071826 
2.000000 6.485000 56.740136 36.795978 2.071826 
2.000000 6.475000 56.740136 36.739238 2.071826 
2.000000 6.465000 56.740136 36.682498 2.071826 
2.000000 6.455000 56.740136 36.625758 2.071826 
2.000000 6.445000 56.740136 36.569018 2.071826 
2.000000 6.435000 56.740136 36.512278 2.071826 
2.000000 6.425000 56.740136 36.455538 2.071826 
2.000000 6.415000 56.740136 36.398797 2.071826 
2.000000 6.405000 56.740136 36.342057 2.071826 
2.000000 6.395000 56.740136 36.285317 2.071826 
2.000000 6.385000 56.740136 36.228577 2.071826 
2.000000 6.375000 56.740136 36.171837 2.071826 
2.000000 6.365000 56.740136 36.115097 2.071826 
2.000000 6.355000 56.740136 36.058357 2.071826 
2.000000 6.345000 56.740136 36.001616 2.071826 
2.000000 6.335000 56.740136 35.944876 2.071826 
2.000000 6.325000 56.740136 35.888136 2.071826 
2.000000 6.315000 56.740136 35.831396 2.071826 
2.000000 6.305000 56.740136 35.774656 2.071826 
2.000000 6.295000 56.740136 35.717916 2.071826 
2.000000 6.285000 56.740136 35.661176 2.071826 
2.000000 6.275000 56.740136 35.604435 2.071826 
2.000000 6.265000 56.740136 35.547695 2.071826 
2.000000 6.255000 56.740136 35.490955 2.071826 
2.000000 6.245000 56.740136 35.434215 2.071826 
2.000000 6.235000 56.740136 35.377475 2.071826 
2.000000 6.225000 56.740136 35.320735 2.071826 
2.000000 6.215000 56.740136 35.263995 2.071826 
2.000000 6.205000 56.740136 35.207255 2.071826 
2.000000 6.195000 56.740136 35.150514 2.071826 
2.000000 6.185000 56.740136 35.093774 2.071826 
2.000000 6.175000 56.740136 35.037034 2.071826 
2.000000 6.165000 56.740136 34.980294 2.071826 
2.000000 6.155000 56.740136 34.923554 2.071826 
2.000000 6.145000 56.740136 34.866814 2.071826 
2.000000 6.135000 56.740136 34.810074 2.071826 
2.000000 6.125000 56.740136 34.753333 2.071826 
2.000000 6.115000 56.740136 34.696593 2.071826 
2.000000 6.105000 56.740136 34.639853 2.071826 
2.000000 6.095000 56.740136 34.583113 2.071826 
2.000000 6.085000 56.740136 34.526373 2.071826 
2.000000 6.075000 56.740136 34.469633 2.071826 
2.000000 6.065000 56.740136 34.412893 2.071826 
2.000000 6.055000 56.740136 34.356152 2.071826 
2.000000 6.045000 56.740136 34.299412 2.071826 
2.000000 6.035000 56.740136 34.242672 2.071826 
2.000000 6.025000 56.740136 34.185932 2.071826 
2.000000 6.015000 56.740136 34.129192 2.071826 
2.000000 6.005000 56.740136 34.072452 2.071826 
2.000000 5.995000 56.740136 34.015712 2.071826 
2.000000 5.985000 56.740136 33.958972 2.071826 
2.000000 5.975000 56.740136 33.902231 2.071826 
2.000000 5.965000 56.740136 33.845491 2.071826 
2.000000 5.955000 56.740136 33.788751 2.071826 
2.000000 5.945000 56.740136 33.732011 2.071826 
2.000000 5.935000 56.740136 33.675271 2.071826 
2.000000 5.925000 56.740136 33.618531 2.071826 
2.000000 5.915000 56.740136 33.561791 2.071826 
2.000000 5.905000 56.740136 33.505050 2.071826 
2.000000 5.895000 56.740136 33.448310 2.071826 
2.000000 5.885000 56.740136 33.391570 2.071826 
2.000000 5.875000 56.740136 33.334830 2.071826 
2.000000 5.865000 56.740136 33.278090 2.071826 
2.000000 5.855000 56.740136 33.221350 2.071826 
2.000000 5.845000 56.740136 33.164610 2.071826 
2.000000 5.835000 56.740136 33.107870 2.071826 
2.000000 5.825000 56.740136 33.051129 2.071826 
2.000000 5.815000 56.740136 32.994389 2.071826 
2.000000 5.805000 56.740136 32.937649 2.071826 
2.000000 5.795000 56.740136 32.880909 2.071826 
2.000000 5.785000 56.740136 32.824169 2.071826 
2.000000 5.775000 56.740136 32.767429 2.071826 
2.000000 5.765000 56.740136 32.710689 2.071826 
2.000000 5.755000 56.740136 32.653948 2.071826 
2.000000 5.745000 56.740136 32.597208 2.071826 
2.000000 5.735000 56.740136 32.540468 2.071826 
2.000000 5.725000 56.740136 32.483728 2.071826 
2.000000 5.715000 56.740136 32.426988 2.071826 
2.000000 5.705000 56.740136 32.370248 2.071826 
2.000000 5.695000 56.740136 32.313508 2.071826 
2.000000 5.685000 56.740136 32.256767 2.071826 
2.000000 5.675000 56.740136 32.200027 2.071826 
2.000000 5.665000 56.740136 32.143287 2.071826 
2.000000 5.655000 56.740136 32.086547 2.071826 
2.000000 5.645000 56.740136 32.029807 2.071826 
2.000000 5.635000 56.740136 31.973067 2.071826 
2.000000 5.625000 56.740136 31.916327 2.071826 
2.000000 5.615000 56.740136 31.859587 2.071826 
2.000000 5.605000 56.740136 31.802846 2.071826 
2.000000 5.595000 56.740136 31.746106 2.071826 
2.000000 5.585000 56.740136 31.689366 2.071826 
2.000000 5.575000 56.740136 31.632626 2.071826 
2.000000 5.565000 56.740136 31.575886 2.071826 
2.000000 5.555000 56.740136 31.519146 2.071826 
2.000000 5.545000 56.740136 31.462406 2.071826 
2.000000 5.535000 56.740136 31.405665 2.071826 
2.000000 5.525000 56.740136 31.348925 2.071826 
2.000000 5.515000 56.740136 31.292185 2.071826 
2.000000 5.505000 56.740136 31.235445 2.071826 
2.000000 5.495000 56.740136 31.178705 2.071826 
2.000000 5.485000 56.740136 31.121965 2.071826 
2.000000 5.475000 56.740136 31.065225 2.071826 
2.000000 5.465000 56.740136 31.008484 2.071826 
2.000000 5.455000 56.740136 30.951744 2.071826 
2.000000 5.445000 56.740136 30.895004 2.071826 
2.000000 5.435000 56.740136 30.838264 2.071826 
2.000000 5.425000 56.740136 30.781524 2.071826 
2.000000 5.415000 56.740136 30.724784 2.071826 
2.000000 5.405000 56.740136 30.668044 2.071826 
2.000000 5.395000 56.740136 30.611304 2.071826 
2.000000 5.385000 56.740136 30.554563 2.071826 
2.000000 5.375000 56.740136 30.497823 2.071826 
2.000000 5.365000 56.740136 30.441083 2.071826 
2.000000 5.355000 56.740136 30.384343 2.071826 
2.000000 5.345000 56.740136 30.327603 2.071826 
2.000000 5.335000 56.740136 30.270863 2.071826 
2.000000 5.325000 56.740136 30.214123 2.071826 
2.000000 5.315000 56.740136 30.157382 2.071826 
2.000000 5.305000 56.740136 30.100642 2.071826 
2.000000 5.295000 56.740136 30.043902 2.071826 
2.000000 5.285000 56.740136 29.987162 2.071826 
2.000000 5.275000 56.740136 29.930422 2.071826 
2.000000 5.265000 56.740136 29.873682 2.071826 
2.000000 5.255000 56.740136 29.816942 2.071826 
2.000000 5.245000 56.740136 29.760201 2.071826 
2.000000 5.235000 56.740136 29.703461 2.071826 
2.000000 5.225000 56.740136 29.646721 2.071826 
2.000000 5.215000 56.740136 29.589981 2.071826 
2.000000 5.205000 56.740136 29.533241 2.071826 
2.000000 5.195000 56.740136 29.476501 2.071826 
2.000000 5.185000 56.740136 29.419761 2.071826 
2.000000 5.175000 56.740136 29.363021 2.071826 
2.000000 5.165000 56.740136 29.306280 2.071826 
2.000000 5.155000 56.740136 29.249540 2.071826 
2.000000 5.145000 56.740136 29.192800 2.071826 
2.000000 5.135000 56.740136 29.136060 2.071826 
2.000000 5.125000 56.740136 29.079320 2.071826 
2.000000 5.115000 56.740136 29.022580 2.071826 
2.000000 5.105000 56.740136 28.965840 2.071826 
2.000000 5.095000 56.740136 28.909099 2.071826 
2.000000 5.085000 56.740136 28.852359 2.071826 
2.000000 5.075000 56.740136 28.795619 2.071826 
2.000000 5.065000 56.740136 28.738879 2.071826 
2.000000 5.055000 56.740136 28.682139 2.071826 
2.000000 5.045000 56.740136 28.625399 2.071826 
2.000000 5.035000 56.740136 28.568659 2.071826 
2.000000 5.025000 56.740136 28.511918 2.071826 
2.000000 5.015000 56.740136 28.455178 2.071826 
2.000000 5.005000 56.740136 28.398438 2.071826 
2.000000 4.995000 56.740136 28.341698 2.071826 
2.000000 4.985000 56.740136 28.284958 2.071826 
2.000000 4.975000 56.740136 28.228218 2.071826 
2.000000 4.965000 56.740136 28.171478 2.071826 
2.000000 4.955000 56.740136 28.114738 2.071826 
2.000000 4.945000 56.740136 28.057997 2.071826 
2.000000 4.935000 56.740136 28.001257 2.071826 
2.000000 4.925000 56.740136 27.944517 2.071826 
2.000000 4.915000 56.740136 27.887777 2.071826 
2.000000 4.905000 56.740136 27.831037 2.071826 
2.000000 4.895000 56.740136 27.774297 2.071826 
2.000000 4.885000 56.740136 27.717557 2.071826 
2.000000 4.875000 56.740136 27.660816 2.071826 
2.000000 4.865000 56.740136 27.604076 2.071826 
2.000000 4.855000 56.740136 27.547336 2.071826 
2.000000 4.845000 56.740136 27.490596 2.071826 
2.000000 4.835000 56.740136 27.433856 2.071826 
2.000000 4.825000 56.740136 27.377116 2.071826 
2.000000 4.815000 56.740136 27.320376 2.071826 
2.000000 4.805000 56.740136 27.263635 2.071826 
2.000000 4.795000 56.740136 27.206895 2.071826 
2.000000 4.785000 56.740136 27.150155 2.071826 
2.000000 4.775000 56.740136 27.093415 2.071826 
2.000000 4.765000 56.740136 27.036675 2.071826 
2.000000 4.755000 56.740136 26.979935 2.071826 
2.000000 4.745000 56.740136 26.923195 2.071826 
2.000000 4.735000 56.740136 26.866455 2.071826 
2.000000 4.725000 56.740136 26.809714 2.071826 
2.000000 4.715000 56.740136 26.752974 2.071826 
2.000000 4.705000 56.740136 26.696234 2.071826 
2.000000 4.695000 56.740136 26.639494 2.071826 
2.000000 4.685000 56.740136 26.582754 2.071826 
2.000000 4.675000 56.740136 26.526014 2.071826 
2.000000 4.665000 56.740136 26.469274 2.071826 
2.000000 4.655000 56.740136 26.412533 2.071826 
2.000000 4.645000 56.740136 26.355793 2.071826 
2.000000 4.635000 56.740136 26.299053 2.071826 
2.000000 4.625000 56.740136 26.242313 2.071826 
2.000000 4.615000 56.740136 26.185573 2.071826 
2.000000 4.605000 56.740136 26.128833 2.071826 
2.000000 4.595000 56.740136 26.072093 2.071826 
2.000000 4.585000 56.740136 26.015352 2.071826 
2.000000 4.575000 56.740136 25.958612 2.071826 
2.000000 4.565000 56.740136 25.901872 2.071826 
2.000000 4.555000 56.740136 25.845132 2.071826 
2.000000 4.545000 56.740136 25.788392 2.071826 
2.000000 4.535000 56.740136 25.731652 2.071826 
2.000000 4.525000 56.740136 25.674912 2.071826 
2.000000 4.515000 56.740136 25.618172 2.071826 
2.000000 4.505000 56.740136 25.561431 2.071826 
2.000000 4.495000 56.740136 25.504691 2.071826 
2.000000 4.485000 56.740136 25.447951 2.071826 
2.000000 4.475000 56.740136 25.391211 2.071826 
2.000000 4.465000 56.740136 25.334471 2.071826 
2.000000 4.455000 56.740136 25.277731 2.071826 
2.000000 4.445000 56.740136 25.220991 2.071826 
2.000000 4.435000 56.740136 25.164250 2.071826 
2.000000 4.425000 56.740136 25.107510 2.071826 
2.000000 4.415000 56.740136 25.050770 2.071826 
2.000000 4.405000 56.740136 24.994030 2.071826 
2.000000 4.395000 56.740136 24.937290 2.071826 
2.000000 4.385000 56.740136 24.880550 2.071826 
2.000000 4.375000 56.740136 24.823810 2.071826 
2.000000 4.365000 56.740136 24.767069 2.071826 
2.000000 4.355000 56.740136 24.710329 2.071826 
2.000000 4.345000 56.740136 24.653589 2.071826 
2.000000 4.335000 56.740136 24.596849 2.071826 
2.000000 4.325000 56.740136 24.540109 2.071826 
2.000000 4.315000 56.740136 24.483369 2.071826 
2.000000 4.305000 56.740136 24.426629 2.071826 
2.000000 4.295000 56.740136 24.369889 2.071826 
2.000000 4.285000 56.740136 24.313148 2.071826 
2.000000 4.275000 56.740136 24.256408 2.071826 
2.000000 4.265000 56.740136 24.199668 2.071826 
2.000000 4.255000 56.740136 24.142928 2.071826 
2.000000 4.245000 56.740136 24.086188 2.071826 
2.000000 4.235000 56.740136 24.029448 2.071826 
2.000000 4.225000 56.740136 23.972708 2.071826 
2.000000 4.215000 56.740136 23.915967 2.071826 
2.000000 4.205000 56.740136 23.859227 2.071826 
2.000000 4.195000 56.740136 23.802487 2.071826 
2.000000 4.185000 56.740136 23.745747 2.071826 
2.000000 4.175000 56.740136 23.689007 2.071826 
2.000000 4.165000 56.740136 23.632267 2.071826 
2.000000 4.155000 56.740136 23.575527 2.071826 
2.000000 4.145000 56.740136 23.518786 2.071826 
2.000000 4.135000 56.740136 23.462046 2.071826 
2.000000 4.125000 56.740136 23.405306 2.071826 
2.000000 4.115000 56.740136 23.348566 2.071826 
2.000000 4.105000 56.740136 23.291826 2.071826 
2.000000 4.095000 56.740136 23.235086 2.071826 
2.000000 4.085000 56.740136 23.178346 2.071826 
2.000000 4.075000 56.740136 23.121606 2.071826 
2.000000 4.065000 56.740136 23.064865 2.071826 
2.000000 4.055000 56.740136 23.008125 2.071826 
2.000000 4.045000 56.740136 22.951385 2.071826 
2.000000 4.035000 56.740136 22.894645 2.071826 
2.000000 4.025000 56.740136 22.837905 2.071826 
2.000000 4.015000 56.740136 22.781165 2.071826 
2.000000 4.005000 56.740136 22.724425 2.071826 
2.000000 3.995000 56.740136 22.667684 2.071826 
2.000000 3.985000 56.740136 22.610944 2.071826 
2.000000 3.975000 56.740136 22.554204 2.071826 
2.000000 3.965000 56.740136 22.497464 2.071826 
2.000000 3.955000 56.740136 22.440724 2.071826 
2.000000 3.945000 56.740136 22.383984 2.071826 
2.000000 3.935000 56.740136 22.327244 2.071826 
2.000000 3.925000 56.740136 22.270503 2.071826 
2.000000 3.915000 56.740136 22.213763 2.071826 
2.000000 3.905000 56.740136 22.157023 2.071826 
2.000000 3.895000 56.740136 22.100283 2.071826 
2.000000 3.885000 56.740136 22.043543 2.071826 
2.000000 3.875000 56.740136 21.986803 2.071826 
2.000000 3.865000 56.740136 21.930063 2.071826 
2.000000 3.855000 56.740136 21.873323 2.071826 
2.000000 3.845000 56.740136 21.816582 2.071826 
2.000000 3.835000 56.740136 21.759842 2.071826 
2.000000 3.825000 56.740136 21.703102 2.071826 
2.000000 3.815000 56.740136 21.646362 2.071826 
2.000000 3.805000 56.740136 21.589622 2.071826 
2.000000 3.795000 56.740136 21.532882 2.071826 
2.000000 3.785000 56.740136 21.476142 2.071826 
2.000000 3.775000 56.740136 21.419401 2.071826 
2.000000 3.765000 56.740136 21.362661 2.071826 
2.000000 3.755000 56.740136 21.305921 2.071826 
2.000000 3.745000 56.740136 21.249181 2.071826 
2.000000 3.735000 56.740136 21.192441 2.071826 
2.000000 3.725000 56.740136 21.135701 2.071826 
2.000000 3.715000 56.740136 21.078961 2.071826 
2.000000 3.705000 56.740136 21.022220 2.071826 
2.000000 3.695000 56.740136 20.965480 2.071826 
2.000000 3.685000 56.740136 20.908740 2.071826 
2.000000 3.675000 56.740136 20.852000 2.071826 
2.000000 3.665000 56.740136 20.795260 2.071826 
2.000000 3.655000 56.740136 20.738520 2.071826 
2.000000 3.645000 56.740136 20.681780 2.071826 
2.000000 3.635000 56.740136 20.625040 2.071826 
2.000000 3.625000 56.740136 20.568299 2.071826 
2.000000 3.615000 56.740136 20.511559 2.071826 
2.000000 3.605000 56.740136 20.454819 2.071826 
2.000000 3.595000 56.740136 20.398079 2.071826 
2.000000 3.585000 56.740136 20.341339 2.071826 
2.000000 3.575000 56.740136 20.284599 2.071826 
2.000000 3.565000 56.740136 20.227859 2.071826 
2.000000 3.555000 56.740136 20.171118 2.071826 
2.000000 3.545000 56.740136 20.114378 2.071826 
2.000000 3.535000 56.740136 20.057638 2.071826 
2.000000 3.525000 56.740136 20.000898 2.071826 
2.000000 3.515000 56.740136 19.944158 2.071826 
2.000000 3.505000 56.740136 19.887418 2.071826 
2.000000 3.495000 56.740136 19.830678 2.071826 
2.000000 3.485000 56.740136 19.773937 2.071826 
2.000000 3.475000 56.740136 19.717197 2.071826 
2.000000 3.465000 56.740136 19.660457 2.071826 
2.000000 3.455000 56.740136 19.603717 2.071826 
2.000000 3.445000 56.740136 19.546977 2.071826 
2.000000 3.435000 56.740136 19.490237 2.071826 
2.000000 3.425000 56.740136 19.433497 2.071826 
2.000000 3.415000 56.740136 19.376757 2.071826 
2.000000 3.405000 56.740136 19.320016 2.071826 
2.000000 3.395000 56.740136 19.263276 2.071826 
2.000000 3.385000 56.740136 19.206536 2.071826 
2.000000 3.375000 56.740136 19.149796 2.071826 
2.000000 3.365000 56.740136 19.093056 2.071826 
2.000000 3.355000 56.740136 19.036316 2.071826 
2.000000 3.345000 56.740136 18.979576 2.071826 
2.000000 3.335000 56.740136 18.922835 2.071826 
2.000000 3.325000 56.740136 18.866095 2.071826 
2.000000 3.315000 56.740136 18.809355 2.071826 
2.000000 3.305000 56.740136 18.752615 2.071826 
2.000000 3.295000 56.740136 18.695875 2.071826 
2.000000 3.285000 56.740136 18.639135 2.071826 
2.000000 3.275000 56.740136 18.582395 2.071826 
2.000000 3.265000 56.740136 18.525654 2.071826 
2.000000 3.255000 56.740136 18.468914 2.071826 
2.000000 3.245000 56.740136 18.412174 2.071826 
2.000000 3.235000 56.740136 18.355434 2.071826 
2.000000 3.225000 56.740136 18.298694 2.071826 
2.000000 3.215000 56.740136 18.241954 2.071826 
2.000000 3.205000 56.740136 18.185214 2.071826 
2.000000 3.195000 56.740136 18.128474 2.071826 
2.000000 3.185000 56.740136 18.071733 2.071826 
2.000000 3.175000 56.740136 18.014993 2.071826 
2.000000 3.165000 56.740136 17.958253 2.071826 
2.000000 3.155000 56.740136 17.901513 2.071826 
2.000000 3.145000 56.740136 17.844773 2.071826 
2.000000 3.135000 56.740136 17.788033 2.071826 
2.000000 3.125000 56.740136 17.731293 2.071826 
2.000000 3.115000 56.740136 17.674552 2.071826 
2.000000 3.105000 56.740136 17.617812 2.071826 
2.000000 3.095000 56.740136 17.561072 2.071826 
2.000000 3.085000 56.740136 17.504332 2.071826 
2.000000 3.075000 56.740136 17.447592 2.071826 
2.000000 3.065000 56.740136 17.390852 2.071826 
2.000000 3.055000 56.740136 17.334112 2.071826 
2.000000 3.045000 56.740136 17.277371 2.071826 
2.000000 3.035000 56.740136 17.220631 2.071826 
2.000000 3.025000 56.740136 17.163891 2.071826 
2.000000 3.015000 56.740136 17.107151 2.071826 
2.000000 3.005000 56.740136 17.050411 2.071826 
2.000000 2.995000 56.740136 16.993671 2.071826 
2.000000 2.985000 56.740136 16.936931 2.071826 
2.000000 2.975000 56.740136 16.880191 2.071826 
2.000000 2.965000 56.740136 16.823450 2.071826 
2.000000 2.955000 56.740136 16.766710 2.071826 
2.000000 2.945000 56.740136 16.709970 2.071826 
2.000000 2.935000 56.740136 16.653230 2.071826 
2.000000 2.925000 56.740136 16.596490 2.071826 
2.000000 2.915000 56.740136 16.539750 2.071826 
2.000000 2.905000 56.740136 16.483010 2.071826 
2.000000 2.895000 56.740136 16.426269 2.071826 
2.000000 2.885000 56.740136 16.369529 2.071826 
2.000000 2.875000 56.740136 16.312789 2.071826 
2.000000 2.865000 56.740136 16.256049 2.071826 
2.000000 2.855000 56.740136 16.199309 2.071826 
2.000000 2.845000 56.740136 16.142569 2.071826 
2.000000 2.835000 56.740136 16.085829 2.071826 
2.000000 2.825000 56.740136 16.029088 2.071826 
2.000000 2.815000 56.740136 15.972348 2.071826 
2.000000 2.805000 56.740136 15.915608 2.071826 
2.000000 2.795000 56.740136 15.858868 2.071826 
2.000000 2.785000 56.740136 15.802128 2.071826 
2.000000 2.775000 56.740136 15.745388 2.071826 
2.000000 2.765000 56.740136 15.688648 2.071826 
2.000000 2.755000 56.740136 15.631908 2.071826 
2.000000 2.745000 56.740136 15.575167 2.071826 
2.000000 2.735000 56.740136 15.518427 2.071826 
2.000000 2.725000 56.740136 15.461687 2.071826 
2.000000 2.715000 56.740136 15.404947 2.071826 
2.000000 2.705000 56.740136 15.348207 2.071826 
2.000000 2.695000 56.740136 15.291467 2.071826 
2.000000 2.685000 56.740136 15.234727 2.071826 
2.000000 2.675000 56.740136 15.177986 2.071826 
2.000000 2.665000 56.740136 15.121246 2.071826 
2.000000 2.655000 56.740136 15.064506 2.071826 
2.000000 2.645000 56.740136 15.007766 2.071826 
2.000000 2.635000 56.740136 14.951026 2.071826 
2.000000 2.625000 56.740136 14.894286 2.071826 
2.000000 2.615000 56.740136 14.837546 2.071826 
2.000000 2.605000 56.740136 14.780805 2.071826 
2.000000 2.595000 56.740136 14.724065 2.071826 
2.000000 2.585000 56.740136 14.667325 2.071826 
2.000000 2.575000 56.740136 14.610585 2.071826 
2.000000 2.565000 56.740136 14.553845 2.071826 
2.000000 2.555000 56.740136 14.497105 2.071826 
2.000000 2.545000 56.740136 14.440365 2.071826 
2.000000 2.535000 56.740136 14.383625 2.071826 
2.000000 2.525000 56.740136 14.326884 2.071826 
2.000000 2.515000 56.740136 14.270144 2.071826 
2.000000 2.505000 56.740136 14.213404 2.071826 
2.000000 2.495000 56.740136 14.156664 2.071826 
2.000000 2.485000 56.740136 14.099924 2.071826 
2.000000 2.475000 56.740136 14.043184 2.071826 
2.000000 2.465000 56.740136 13.986444 2.071826 
2.000000 2.455000 56.740136 13.929703 2.071826 
2.000000 2.445000 56.740136 13.872963 2.071826 
2.000000 2.435000 56.740136 13.816223 2.071826 
2.000000 2.425000 56.740136 13.759483 2.071826 
2.000000 2.415000 56.740136 13.702743 2.071826 
2.000000 2.405000 56.740136 13.646003 2.071826 
2.000000 2.395000 56.740136 13.589263 2.071826 
2.000000 2.385000 56.740136 13.532522 2.071826 
2.000000 2.375000 56.740136 13.475782 2.071826 
2.000000 2.365000 56.740136 13.419042 2.071826 
2.000000 2.355000 56.740136 13.362302 2.071826 
2.000000 2.345000 56.740136 13.305562 2.071826 
2.000000 2.335000 56.740136 13.248822 2.071826 
2.000000 2.325000 56.740136 13.192082 2.071826 
2.000000 2.315000 56.740136 13.135342 2.071826 
2.000000 2.305000 56.740136 13.078601 2.071826 
2.000000 2.295000 56.740136 13.021861 2.071826 
2.000000 2.285000 56.740136 12.965121 2.071826 
2.000000 2.275000 56.740136 12.908381 2.071826 
2.000000 2.265000 56.740136 12.851641 2.071826 
2.000000 2.255000 56.740136 12.794901 2.071826 
2.000000 2.245000 56.740136 12.738161 2.071826 
2.000000 2.235000 56.740136 12.681420 2.071826 
2.000000 2.225000 56.740136 12.624680 2.071826 
2.000000 2.215000 56.740136 12.567940 2.071826 
2.000000 2.205000 56.740136 12.511200 2.071826 
2.000000 2.195000 56.740136 12.454460 2.071826 
2.000000 2.185000 56.740136 12.397720 2.071826 
2.000000 2.175000 56.740136 12.340980 2.071826 
2.000000 2.165000 56.740136 12.284239 2.071826 
2.000000 2.155000 56.740136 12.227499 2.071826 
2.000000 2.145000 56.740136 12.170759 2.071826 
2.000000 2.135000 56.740136 12.114019 2.071826 
2.000000 2.125000 56.740136 12.057279 2.071826 
2.000000 2.115000 56.740136 12.000539 2.071826 
2.000000 2.105000 56.740136 11.943799 2.071826 
2.000000 2.095000 56.740136 11.887059 2.071826 
2.000000 2.085000 56.740136 11.830318 2.071826 
2.000000 2.075000 56.740136 11.773578 2.071826 
1.989959 2.065000 56.740136 11.716838 2.063759 
1.979828 2.055000 56.740136 11.660098 2.054981 
1.966176 2.045000 56.740136 11.603358 2.043221 
1.955829 2.035000 56.740136 11.546618 2.034357 
1.941888 2.025000 56.740136 11.489878 2.022476 
1.931323 2.015000 56.740136 11.433137 2.013518 
1.920664 2.005000 56.740136 11.376397 2.004518 
1.906303 1.995000 56.740136 11.319657 1.992449 
1.895420 1.985000 56.740136 11.262917 1.983344 
1.884441 1.975000 56.740136 11.206177 1.974191 
1.873364 1.965000 56.740136 11.149437 1.964990 
1.858443 1.955000 56.740136 11.092697 1.952643 
1.847136 1.945000 56.740136 11.035957 1.943321 
1.835730 1.935000 56.740136 10.979216 1.933946 
1.824223 1.925000 56.740136 10.922476 1.924514 
1.808724 1.915000 56.740136 10.865736 1.911849 
1.796980 1.905000 56.740136 10.808996 1.902280 
1.785134 1.895000 56.740136 10.752256 1.892649 
1.773183 1.885000 56.740136 10.695516 1.882955 
1.761128 1.875000 56.740136 10.638776 1.873194 
1.748968 1.865000 56.740136 10.582035 1.863366 
1.736702 1.855000 56.740136 10.525295 1.853468 
1.724329 1.845000 56.740136 10.468555 1.843498 
1.711848 1.835000 56.740136 10.411815 1.833454 
1.699258 1.825000 56.740136 10.355075 1.823333 
1.686558 1.815000 56.740136 10.298335 1.813134 
1.673748 1.805000 56.740136 10.241595 1.802853 
1.660826 1.795000 56.740136 10.184854 1.792489 
1.647791 1.785000 56.740136 10.128114 1.782038 
1.634643 1.775000 56.740136 10.071374 1.771499 
1.625814 1.765000 56.740136 10.014634 1.764422 
1.612475 1.755000 56.740136 9.957894 1.753728 
1.599019 1.745000 56.740136 9.901154 1.742938 
1.585446 1.735000 56.740136 9.844414 1.732048 
1.576332 1.725000 56.740136 9.787674 1.724732 
1.562561 1.715000 56.740136 9.730933 1.713670 
1.548669 1.705000 56.740136 9.674193 1.702500 
1.539341 1.695000 56.740136 9.617453 1.694991 
1.525246 1.685000 56.740136 9.560713 1.683634 
1.511028 1.675000 56.740136 9.503973 1.672159 
1.501480 1.665000 56.740136 9.447233 1.664441 
1.487053 1.655000 56.740136 9.390493 1.652762 
1.477365 1.645000 56.740136 9.333752 1.644906 
1.462727 1.635000 56.740136 9.277012 1.633011 
1.447959 1.625000 56.740136 9.220272 1.620982 
1.438041 1.615000 56.740136 9.163532 1.612885 
1.428066 1.605000 56.740136 9.106792 1.604725 
1.412992 1.595000 56.740136 9.050052 1.592364 
1.402868 1.585000 56.740136 8.993312 1.584039 
1.387570 1.575000 56.740136 8.936571 1.571424 
1.377297 1.565000 56.740136 8.879831 1.562925 
1.366962 1.555000 56.740136 8.823091 1.554355 
1.351344 1.545000 56.740136 8.766351 1.541359 
1.340855 1.535000 56.740136 8.709611 1.532599 
1.330304 1.525000 56.740136 8.652871 1.523761 
1.319689 1.515000 56.740136 8.596131 1.514843 
1.303648 1.505000 56.740136 8.539391 1.501310 
1.292873 1.495000 56.740136 8.482650 1.492182 
1.282034 1.485000 56.740136 8.425910 1.482967 
1.271130 1.475000 56.740136 8.369170 1.473662 
1.260160 1.465000 56.740136 8.312430 1.464265 
1.249123 1.455000 56.740136 8.255690 1.454774 
1.232444 1.445000 56.740136 8.198950 1.440355 
1.221239 1.435000 56.740136 8.142210 1.430618 
1.209967 1.425000 56.740136 8.085469 1.420778 
1.198625 1.415000 56.740136 8.028729 1.410833 
1.187215 1.405000 56.740136 7.971989 1.400779 
1.175735 1.395000 56.740136 7.915249 1.390614 
1.164184 1.385000 56.740136 7.858509 1.380335 
1.152562 1.375000 56.740136 7.801769 1.369939 
1.146724 1.365000 56.740136 7.745029 1.364696 
1.134995 1.355000 56.740136 7.688288 1.354117 
1.123193 1.345000 56.740136 7.631548 1.343413 
1.111319 1.335000 56.740136 7.574808 1.332580 
1.099370 1.325000 56.740136 7.518068 1.321614 
1.087347 1.315000 56.740136 7.461328 1.310512 
1.081308 1.305000 56.740136 7.404588 1.304908 
1.069173 1.295000 56.740136 7.347848 1.293594 
1.056962 1.285000 56.740136 7.291108 1.282132 
1.044674 1.275000 56.740136 7.234367 1.270520 
1.038502 1.265000 56.740136 7.177627 1.264655 
1.026099 1.255000 56.740136 7.120887 1.252807 
1.013618 1.245000 56.740136 7.064147 1.240796 
1.007348 1.235000 56.740136 7.007407 1.234728 
0.994748 1.225000 56.740136 6.950667 1.222464 
0.982070 1.215000 56.740136 6.893927 1.210023 
0.975700 1.205000 56.740136 6.837186 1.203735 
0.962901 1.195000 56.740136 6.780446 1.191020 
0.956471 1.185000 56.740136 6.723706 1.184591 
0.943551 1.175000 56.740136 6.666966 1.171588 
0.930548 1.165000 56.740136 6.610226 1.158385 
0.924016 1.155000 56.740136 6.553486 1.151706 
0.917463 1.145000 56.740136 6.496746 1.144975 
0.904296 1.135000 56.740136 6.440005 1.131351 
0.897680 1.125000 56.740136 6.383265 1.124457 
0.884387 1.115000 56.740136 6.326525 1.110499 
0.877709 1.105000 56.740136 6.269785 1.103433 
0.864290 1.095000 56.740136 6.213045 1.089123 
0.857548 1.085000 56.740136 6.156305 1.081877 
0.850785 1.075000 56.740136 6.099565 1.074568 
0.837196 1.065000 56.740136 6.042825 1.059758 
0.830369 1.055000 56.740136 5.986084 1.052256 
0.823521 1.045000 56.740136 5.929344 1.044686 
0.809760 1.035000 56.740136 5.872604 1.029340 
0.802847 1.025000 56.740136 5.815864 1.021561 
0.795913 1.015000 56.740136 5.759124 1.013710 
0.781980 1.005000 56.740136 5.702384 0.997787 
0.774982 0.995000 56.740136 5.645644 0.989712 
0.767961 0.985000 56.740136 5.588903 0.981558 
0.760920 0.975000 56.740136 5.532163 0.973326 
0.746772 0.965000 56.740136 5.475423 0.956617 
0.739666 0.955000 56.740136 5.418683 0.948137 
0.732538 0.945000 56.740136 5.361943 0.939571 
0.725390 0.935000 56.740136 5.305203 0.930919 
0.718220 0.925000 56.740136 5.248463 0.922177 
0.711029 0.915000 56.740136 5.191722 0.913344 
0.703817 0.905000 56.740136 5.134982 0.904419 
0.689329 0.895000 56.740136 5.078242 0.886282 
0.682055 0.885000 56.740136 5.021502 0.877068 
0.674760 0.875000 56.740136 4.964762 0.867752 
0.667444 0.865000 56.740136 4.908022 0.858335 
0.660108 0.855000 56.740136 4.851282 0.848813 
0.652753 0.845000 56.740136 4.794542 0.839184 
0.645377 0.835000 56.740136 4.737801 0.829446 
0.637982 0.825000 56.740136 4.681061 0.819597 
0.630568 0.815000 56.740136 4.624321 0.809635 
0.623135 0.805000 56.740136 4.567581 0.799557 
0.615684 0.795000 56.740136 4.510841 0.789361 
0.608214 0.785000 56.740136 4.454101 0.779044 
0.600726 0.775000 56.740136 4.397361 0.768604 
0.593222 0.765000 56.740136 4.340620 0.758039 
0.585700 0.755000 56.740136 4.283880 0.747346 
0.578162 0.745000 56.740136 4.227140 0.736522 
0.570609 0.735000 56.740136 4.170400 0.725565 
0.563040 0.725000 56.740136 4.113660 0.714472 
0.563040 0.715000 56.740136 4.056920 0.714472 
0.555457 0.705000 56.740136 4.000180 0.703240 
0.547860 0.695000 56.740136 3.943439 0.691867 
0.540251 0.685000 56.740136 3.886699 0.680350 
0.532630 0.675000 56.740136 3.829959 0.668686 
0.524997 0.665000 56.740136 3.773219 0.656873 
0.517355 0.655000 56.740136 3.716479 0.644908 
0.517355 0.645000 56.740136 3.659739 0.644908 
0.509704 0.635000 56.740136 3.602999 0.632788 
0.502045 0.625000 56.740136 3.546259 0.620511 
0.494380 0.615000 56.740136 3.489518 0.608074 
0.486710 0.605000 56.740136 3.432778 0.595474 
0.479037 0.595000 56.740136 3.376038 0.582710 
0.479037 0.585000 56.740136 3.319298 0.582710 
0.471362 0.575000 56.740136 3.262558 0.569779 
0.463688 0.565000 56.740136 3.205818 0.556679 
0.456015 0.555000 56.740136 3.149078 0.543408 
0.456015 0.545000 56.740136 3.092337 0.543408 
0.448348 0.535000 56.740136 3.035597 0.529965 
0.440687 0.525000 56.740136 2.978857 0.516348 
0.433036 0.515000 56.740136 2.922117 0.502556 
0.433036 0.505000 56.740136 2.865377 0.502556 
0.425397 0.495000 56.740136 2.808637 0.488590 
0.417773 0.485000 56.740136 2.751897 0.474448 
0.417773 0.475000 56.740136 2.695156 0.474448 
0.410167 0.465000 56.740136 2.638416 0.460131 
0.402584 0.455000 56.740136 2.581676 0.445641 
0.395027 0.445000 56.740136 2.524936 0.430980 
0.395027 0.435000 56.740136 2.468196 0.430980 
0.387500 0.425000 56.740136 2.411456 0.416150 
0.380009 0.415000 56.740136 2.354716 0.401155 
0.380009 0.405000 56.740136 2.297976 0.401155 
0.372557 0.395000 56.740136 2.241235 0.386001 
0.365151 0.385000 56.740136 2.184495 0.370693 
0.365151 0.375000 56.740136 2.127755 0.370693 
0.357796 0.365000 56.740136 2.071015 0.355240 
0.350499 0.355000 56.740136 2.014275 0.339652 
0.350499 0.345000 56.740136 1.957535 0.339652 
0.343267 0.335000 56.740136 1.900795 0.323940 
0.343267 0.325000 56.740136 1.844054 0.323940 
0.336107 0.315000 56.740136 1.787314 0.308118 
0.329029 0.305000 56.740136 1.730574 0.292204 
0.329029 0.295000 56.740136 1.673834 0.292204 
0.322040 0.285000 56.740136 1.617094 0.276217 
0.315151 0.275000 56.740136 1.560354 0.260179 
0.315151 0.265000 56.740136 1.503614 0.260179 
0.308372 0.255000 56.740136 1.446873 0.244117 
0.308372 0.245000 56.740136 1.390133 0.244117 
0.301715 0.235000 56.740136 1.333393 0.228062 
0.295191 0.225000 56.740136 1.276653 0.212049 
0.295191 0.215000 56.740136 1.219913 0.212049 
0.288815 0.205000 56.740136 1.163173 0.196118 
0.282600 0.195000 56.740136 1.106433 0.180313 
0.282600 0.185000 56.740136 1.049693 0.180313 
0.276562 0.175000 56.740136 0.992952 0.164685 
0.276562 0.165000 56.740136 0.936212 0.164685 
0.270717 0.155000 56.740136 0.879472 0.149292 
0.265081 0.145000 56.740136 0.822732 0.134195 
0.265081 0.135000 56.740136 0.765992 0.134195 
0.259674 0.125000 56.740136 0.709252 0.119463 
0.254513 0.115000 56.740136 0.652512 0.105172 
0.249619 0.105000 56.740136 0.595771 0.091403 
0.249619 0.095000 56.740136 0.539031 0.091403 
0.245012 0.085000 56.740136 0.482291 0.078241 
0.240712 0.075000 56.740136 0.425551 0.065777 
0.236741 0.065000 56.740136 0.368811 0.054106 
0.236741 0.055000 56.740136 0.312071 0.054106 
0.233118 0.045000 56.740136 0.255331 0.043322 
0.229864 0.035000 56.740136 0.198590 0.033522 
0.226998 0.025000 56.740136 0.141850 0.024799 
0.222499 0.015000 56.740136 0.085110 0.010928 
