1.999998 9.985000 0.384561 0.383984 3.290137 
1.999998 9.975000 0.384561 0.383600 3.290137 
1.999998 9.965000 0.384561 0.383215 3.290137 
1.999998 9.955000 0.384561 0.382830 3.290137 
1.999998 9.945000 0.384561 0.382446 3.290137 
1.999998 9.935000 0.384561 0.382061 3.290137 
1.999998 9.925000 0.384561 0.381677 3.290137 
1.999998 9.915000 0.384561 0.381292 3.290137 
1.999998 9.905000 0.384561 0.380908 3.290137 
1.999998 9.895000 0.384561 0.380523 3.290137 
1.999998 9.885000 0.384561 0.380139 3.290137 
1.999998 9.875000 0.384561 0.379754 3.290137 
1.999998 9.865000 0.384561 0.379369 3.290137 
1.999998 9.855000 0.384561 0.378985 3.290137 
1.999998 9.845000 0.384561 0.378600 3.290137 
1.999998 9.835000 0.384561 0.378216 3.290137 
1.999998 9.825000 0.384561 0.377831 3.290137 
1.999998 9.815000 0.384561 0.377447 3.290137 
1.999998 9.805000 0.384561 0.377062 3.290137 
1.999998 9.795000 0.384561 0.376677 3.290137 
1.999998 9.785000 0.384561 0.376293 3.290137 
1.999998 9.775000 0.384561 0.375908 3.290137 
1.999998 9.765000 0.384561 0.375524 3.290137 
1.999998 9.755000 0.384561 0.375139 3.290137 
1.999998 9.745000 0.384561 0.374755 3.290137 
1.999998 9.735000 0.384561 0.374370 3.290137 
1.999998 9.725000 0.384561 0.373986 3.290137 
1.999998 9.715000 0.384561 0.373601 3.290137 
1.999998 9.705000 0.384561 0.373216 3.290137 
1.999998 9.695000 0.384561 0.372832 3.290137 
1.999998 9.685000 0.384561 0.372447 3.290137 
1.999998 9.675000 0.384561 0.372063 3.290137 
1.999998 9.665000 0.384561 0.371678 3.290137 
1.999998 9.655000 0.384561 0.371294 3.290137 
1.999998 9.645000 0.384561 0.370909 3.290137 
1.999998 9.635000 0.384561 0.370524 3.290137 
1.999998 9.625000 0.384561 0.370140 3.290137 
1.999998 9.615000 0.384561 0.369755 3.290137 
1.999998 9.605000 0.384561 0.369371 3.290137 
1.999998 9.595000 0.384561 0.368986 3.290137 
1.999998 9.585000 0.384561 0.368602 3.290137 
1.999998 9.575000 0.384561 0.368217 3.290137 
1.999998 9.565000 0.384561 0.367833 3.290137 
1.999998 9.555000 0.384561 0.367448 3.290137 
1.999998 9.545000 0.384561 0.367063 3.290137 
1.999998 9.535000 0.384561 0.366679 3.290137 
1.999998 9.525000 0.384561 0.366294 3.290137 
1.999998 9.515000 0.384561 0.365910 3.290137 
1.999998 9.505000 0.384561 0.365525 3.290137 
1.999998 9.495000 0.384561 0.365141 3.290137 
1.999998 9.485000 0.384561 0.364756 3.290137 
1.999998 9.475000 0.384561 0.364372 3.290137 
1.999998 9.465000 0.384561 0.363987 3.290137 
1.999998 9.455000 0.384561 0.363602 3.290137 
1.999998 9.445000 0.384561 0.363218 3.290137 
1.999998 9.435000 0.384561 0.362833 3.290137 
1.999998 9.425000 0.384561 0.362449 3.290137 
1.999998 9.415000 0.384561 0.362064 3.290137 
1.999998 9.405000 0.384561 0.361680 3.290137 
1.999998 9.395000 0.384561 0.361295 3.290137 
1.999998 9.385000 0.384561 0.360910 3.290137 
1.999998 9.375000 0.384561 0.360526 3.290137 
1.999998 9.365000 0.384561 0.360141 3.290137 
1.999998 9.355000 0.384561 0.359757 3.290137 
1.999998 9.345000 0.384561 0.359372 3.290137 
1.999998 9.335000 0.384561 0.358988 3.290137 
1.999998 9.325000 0.384561 0.358603 3.290137 
1.999998 9.315000 0.384561 0.358219 3.290137 
1.999998 9.305000 0.384561 0.357834 3.290137 
1.999998 9.295000 0.384561 0.357449 3.290137 
1.999998 9.285000 0.384561 0.357065 3.290137 
1.999998 9.275000 0.384561 0.356680 3.290137 
1.999998 9.265000 0.384561 0.356296 3.290137 
1.999998 9.255000 0.384561 0.355911 3.290137 
1.999998 9.245000 0.384561 0.355527 3.290137 
1.999998 9.235000 0.384561 0.355142 3.290137 
1.999998 9.225000 0.384561 0.354757 3.290137 
1.999998 9.215000 0.384561 0.354373 3.290137 
1.999998 9.205000 0.384561 0.353988 3.290137 
1.999998 9.195000 0.384561 0.353604 3.290137 
1.999998 9.185000 0.384561 0.353219 3.290137 
1.999998 9.175000 0.384561 0.352835 3.290137 
1.999998 9.165000 0.384561 0.352450 3.290137 
1.999998 9.155000 0.384561 0.352066 3.290137 
1.999998 9.145000 0.384561 0.351681 3.290137 
1.999998 9.135000 0.384561 0.351296 3.290137 
1.999998 9.125000 0.384561 0.350912 3.290137 
1.999998 9.115000 0.384561 0.350527 3.290137 
1.999998 9.105000 0.384561 0.350143 3.290137 
1.999998 9.095000 0.384561 0.349758 3.290137 
1.999998 9.085000 0.384561 0.349374 3.290137 
1.999998 9.075000 0.384561 0.348989 3.290137 
1.999998 9.065000 0.384561 0.348605 3.290137 
1.999998 9.055000 0.384561 0.348220 3.290137 
1.999998 9.045000 0.384561 0.347835 3.290137 
1.999998 9.035000 0.384561 0.347451 3.290137 
1.999998 9.025000 0.384561 0.347066 3.290137 
1.999998 9.015000 0.384561 0.346682 3.290137 
1.999998 9.005000 0.384561 0.346297 3.290137 
1.999998 8.995000 0.384561 0.345913 3.290137 
1.999998 8.985000 0.384561 0.345528 3.290137 
1.999998 8.975000 0.384561 0.345143 3.290137 
1.999998 8.965000 0.384561 0.344759 3.290137 
1.999998 8.955000 0.384561 0.344374 3.290137 
1.999998 8.945000 0.384561 0.343990 3.290137 
1.999998 8.935000 0.384561 0.343605 3.290137 
1.999998 8.925000 0.384561 0.343221 3.290137 
1.999998 8.915000 0.384561 0.342836 3.290137 
1.999998 8.905000 0.384561 0.342452 3.290137 
1.999998 8.895000 0.384561 0.342067 3.290137 
1.999998 8.885000 0.384561 0.341682 3.290137 
1.999998 8.875000 0.384561 0.341298 3.290137 
1.999998 8.865000 0.384561 0.340913 3.290137 
1.999998 8.855000 0.384561 0.340529 3.290137 
1.999998 8.845000 0.384561 0.340144 3.290137 
1.999998 8.835000 0.384561 0.339760 3.290137 
1.999998 8.825000 0.384561 0.339375 3.290137 
1.999998 8.815000 0.384561 0.338990 3.290137 
1.999998 8.805000 0.384561 0.338606 3.290137 
1.999998 8.795000 0.384561 0.338221 3.290137 
1.999998 8.785000 0.384561 0.337837 3.290137 
1.999998 8.775000 0.384561 0.337452 3.290137 
1.999998 8.765000 0.384561 0.337068 3.290137 
1.999998 8.755000 0.384561 0.336683 3.290137 
1.999998 8.745000 0.384561 0.336299 3.290137 
1.999998 8.735000 0.384561 0.335914 3.290137 
1.999998 8.725000 0.384561 0.335529 3.290137 
1.999998 8.715000 0.384561 0.335145 3.290137 
1.999998 8.705000 0.384561 0.334760 3.290137 
1.999998 8.695000 0.384561 0.334376 3.290137 
1.999998 8.685000 0.384561 0.333991 3.290137 
1.999998 8.675000 0.384561 0.333607 3.290137 
1.999998 8.665000 0.384561 0.333222 3.290137 
1.999998 8.655000 0.384561 0.332838 3.290137 
1.999998 8.645000 0.384561 0.332453 3.290137 
1.999998 8.635000 0.384561 0.332068 3.290137 
1.999998 8.625000 0.384561 0.331684 3.290137 
1.999998 8.615000 0.384561 0.331299 3.290137 
1.999998 8.605000 0.384561 0.330915 3.290137 
1.999998 8.595000 0.384561 0.330530 3.290137 
1.999998 8.585000 0.384561 0.330146 3.290137 
1.999998 8.575000 0.384561 0.329761 3.290137 
1.999998 8.565000 0.384561 0.329376 3.290137 
1.999998 8.555000 0.384561 0.328992 3.290137 
1.999998 8.545000 0.384561 0.328607 3.290137 
1.999998 8.535000 0.384561 0.328223 3.290137 
1.999998 8.525000 0.384561 0.327838 3.290137 
1.999998 8.515000 0.384561 0.327454 3.290137 
1.999998 8.505000 0.384561 0.327069 3.290137 
1.999998 8.495000 0.384561 0.326685 3.290137 
1.999998 8.485000 0.384561 0.326300 3.290137 
1.999998 8.475000 0.384561 0.325915 3.290137 
1.999998 8.465000 0.384561 0.325531 3.290137 
1.999998 8.455000 0.384561 0.325146 3.290137 
1.999998 8.445000 0.384561 0.324762 3.290137 
1.999998 8.435000 0.384561 0.324377 3.290137 
1.999998 8.425000 0.384561 0.323993 3.290137 
1.999998 8.415000 0.384561 0.323608 3.290137 
1.999998 8.405000 0.384561 0.323223 3.290137 
1.999998 8.395000 0.384561 0.322839 3.290137 
1.999998 8.385000 0.384561 0.322454 3.290137 
1.999998 8.375000 0.384561 0.322070 3.290137 
1.999998 8.365000 0.384561 0.321685 3.290137 
1.999998 8.355000 0.384561 0.321301 3.290137 
1.999998 8.345000 0.384561 0.320916 3.290137 
1.999998 8.335000 0.384561 0.320532 3.290137 
1.999998 8.325000 0.384561 0.320147 3.290137 
1.999998 8.315000 0.384561 0.319762 3.290137 
1.999998 8.305000 0.384561 0.319378 3.290137 
1.999998 8.295000 0.384561 0.318993 3.290137 
1.999998 8.285000 0.384561 0.318609 3.290137 
1.999998 8.275000 0.384561 0.318224 3.290137 
1.999998 8.265000 0.384561 0.317840 3.290137 
1.999998 8.255000 0.384561 0.317455 3.290137 
1.999998 8.245000 0.384561 0.317071 3.290137 
1.999998 8.235000 0.384561 0.316686 3.290137 
1.999998 8.225000 0.384561 0.316301 3.290137 
1.999998 8.215000 0.384561 0.315917 3.290137 
1.999998 8.205000 0.384561 0.315532 3.290137 
1.999998 8.195000 0.384561 0.315148 3.290137 
1.999998 8.185000 0.384561 0.314763 3.290137 
1.999998 8.175000 0.384561 0.314379 3.290137 
1.999998 8.165000 0.384561 0.313994 3.290137 
1.999998 8.155000 0.384561 0.313609 3.290137 
1.999998 8.145000 0.384561 0.313225 3.290137 
1.999998 8.135000 0.384561 0.312840 3.290137 
1.999998 8.125000 0.384561 0.312456 3.290137 
1.999998 8.115000 0.384561 0.312071 3.290137 
1.999998 8.105000 0.384561 0.311687 3.290137 
1.999998 8.095000 0.384561 0.311302 3.290137 
1.999998 8.085000 0.384561 0.310918 3.290137 
1.999998 8.075000 0.384561 0.310533 3.290137 
1.999998 8.065000 0.384561 0.310148 3.290137 
1.999998 8.055000 0.384561 0.309764 3.290137 
1.999998 8.045000 0.384561 0.309379 3.290137 
1.999998 8.035000 0.384561 0.308995 3.290137 
1.999998 8.025000 0.384561 0.308610 3.290137 
1.999998 8.015000 0.384561 0.308226 3.290137 
1.999998 8.005000 0.384561 0.307841 3.290137 
1.999998 7.995000 0.384561 0.307456 3.290137 
1.999998 7.985000 0.384561 0.307072 3.290137 
1.999998 7.975000 0.384561 0.306687 3.290137 
1.999998 7.965000 0.384561 0.306303 3.290137 
1.999998 7.955000 0.384561 0.305918 3.290137 
1.999998 7.945000 0.384561 0.305534 3.290137 
1.999998 7.935000 0.384561 0.305149 3.290137 
1.999998 7.925000 0.384561 0.304765 3.290137 
1.999998 7.915000 0.384561 0.304380 3.290137 
1.999998 7.905000 0.384561 0.303995 3.290137 
1.999998 7.895000 0.384561 0.303611 3.290137 
1.999998 7.885000 0.384561 0.303226 3.290137 
1.999998 7.875000 0.384561 0.302842 3.290137 
1.999998 7.865000 0.384561 0.302457 3.290137 
1.999998 7.855000 0.384561 0.302073 3.290137 
1.999998 7.845000 0.384561 0.301688 3.290137 
1.999998 7.835000 0.384561 0.301304 3.290137 
1.999998 7.825000 0.384561 0.300919 3.290137 
1.999998 7.815000 0.384561 0.300534 3.290137 
1.999998 7.805000 0.384561 0.300150 3.290137 
1.999998 7.795000 0.384561 0.299765 3.290137 
1.999998 7.785000 0.384561 0.299381 3.290137 
1.999998 7.775000 0.384561 0.298996 3.290137 
1.999998 7.765000 0.384561 0.298612 3.290137 
1.999998 7.755000 0.384561 0.298227 3.290137 
1.999998 7.745000 0.384561 0.297842 3.290137 
1.999998 7.735000 0.384561 0.297458 3.290137 
1.999998 7.725000 0.384561 0.297073 3.290137 
1.999998 7.715000 0.384561 0.296689 3.290137 
1.999998 7.705000 0.384561 0.296304 3.290137 
1.999998 7.695000 0.384561 0.295920 3.290137 
1.999998 7.685000 0.384561 0.295535 3.290137 
1.999998 7.675000 0.384561 0.295151 3.290137 
1.999998 7.665000 0.384561 0.294766 3.290137 
1.999998 7.655000 0.384561 0.294381 3.290137 
1.999998 7.645000 0.384561 0.293997 3.290137 
1.999998 7.635000 0.384561 0.293612 3.290137 
1.999998 7.625000 0.384561 0.293228 3.290137 
1.999998 7.615000 0.384561 0.292843 3.290137 
1.999998 7.605000 0.384561 0.292459 3.290137 
1.999998 7.595000 0.384561 0.292074 3.290137 
1.999998 7.585000 0.384561 0.291689 3.290137 
1.999998 7.575000 0.384561 0.291305 3.290137 
1.999998 7.565000 0.384561 0.290920 3.290137 
1.999998 7.555000 0.384561 0.290536 3.290137 
1.999998 7.545000 0.384561 0.290151 3.290137 
1.999998 7.535000 0.384561 0.289767 3.290137 
1.999998 7.525000 0.384561 0.289382 3.290137 
1.999998 7.515000 0.384561 0.288998 3.290137 
1.999998 7.505000 0.384561 0.288613 3.290137 
1.999998 7.495000 0.384561 0.288228 3.290137 
1.999998 7.485000 0.384561 0.287844 3.290137 
1.999998 7.475000 0.384561 0.287459 3.290137 
1.999998 7.465000 0.384561 0.287075 3.290137 
1.999998 7.455000 0.384561 0.286690 3.290137 
1.999998 7.445000 0.384561 0.286306 3.290137 
1.999998 7.435000 0.384561 0.285921 3.290137 
1.999998 7.425000 0.384561 0.285537 3.290137 
1.999998 7.415000 0.384561 0.285152 3.290137 
1.999998 7.405000 0.384561 0.284767 3.290137 
1.999998 7.395000 0.384561 0.284383 3.290137 
1.999998 7.385000 0.384561 0.283998 3.290137 
1.999998 7.375000 0.384561 0.283614 3.290137 
1.999998 7.365000 0.384561 0.283229 3.290137 
1.999998 7.355000 0.384561 0.282845 3.290137 
1.999998 7.345000 0.384561 0.282460 3.290137 
1.999998 7.335000 0.384561 0.282075 3.290137 
1.999998 7.325000 0.384561 0.281691 3.290137 
1.999998 7.315000 0.384561 0.281306 3.290137 
1.999998 7.305000 0.384561 0.280922 3.290137 
1.999998 7.295000 0.384561 0.280537 3.290137 
1.999998 7.285000 0.384561 0.280153 3.290137 
1.999998 7.275000 0.384561 0.279768 3.290137 
1.999998 7.265000 0.384561 0.279384 3.290137 
1.999998 7.255000 0.384561 0.278999 3.290137 
1.999998 7.245000 0.384561 0.278614 3.290137 
1.999998 7.235000 0.384561 0.278230 3.290137 
1.999998 7.225000 0.384561 0.277845 3.290137 
1.999998 7.215000 0.384561 0.277461 3.290137 
1.999998 7.205000 0.384561 0.277076 3.290137 
1.999998 7.195000 0.384561 0.276692 3.290137 
1.999998 7.185000 0.384561 0.276307 3.290137 
1.999998 7.175000 0.384561 0.275922 3.290137 
1.999998 7.165000 0.384561 0.275538 3.290137 
1.999998 7.155000 0.384561 0.275153 3.290137 
1.999998 7.145000 0.384561 0.274769 3.290137 
1.999998 7.135000 0.384561 0.274384 3.290137 
1.999998 7.125000 0.384561 0.274000 3.290137 
1.999998 7.115000 0.384561 0.273615 3.290137 
1.999998 7.105000 0.384561 0.273231 3.290137 
1.999998 7.095000 0.384561 0.272846 3.290137 
1.999998 7.085000 0.384561 0.272461 3.290137 
1.999998 7.075000 0.384561 0.272077 3.290137 
1.999998 7.065000 0.384561 0.271692 3.290137 
1.999998 7.055000 0.384561 0.271308 3.290137 
1.999998 7.045000 0.384561 0.270923 3.290137 
1.999998 7.035000 0.384561 0.270539 3.290137 
1.999998 7.025000 0.384561 0.270154 3.290137 
1.999998 7.015000 0.384561 0.269770 3.290137 
1.999998 7.005000 0.384561 0.269385 3.290137 
1.999998 6.995000 0.384561 0.269000 3.290137 
1.999998 6.985000 0.384561 0.268616 3.290137 
1.999998 6.975000 0.384561 0.268231 3.290137 
1.999998 6.965000 0.384561 0.267847 3.290137 
1.999998 6.955000 0.384561 0.267462 3.290137 
1.999998 6.945000 0.384561 0.267078 3.290137 
1.999998 6.935000 0.384561 0.266693 3.290137 
1.999998 6.925000 0.384561 0.266308 3.290137 
1.999998 6.915000 0.384561 0.265924 3.290137 
1.999998 6.905000 0.384561 0.265539 3.290137 
1.999998 6.895000 0.384561 0.265155 3.290137 
1.999998 6.885000 0.384561 0.264770 3.290137 
1.999998 6.875000 0.384561 0.264386 3.290137 
1.999998 6.865000 0.384561 0.264001 3.290137 
1.999998 6.855000 0.384561 0.263617 3.290137 
1.999998 6.845000 0.384561 0.263232 3.290137 
1.999998 6.835000 0.384561 0.262847 3.290137 
1.999998 6.825000 0.384561 0.262463 3.290137 
1.999998 6.815000 0.384561 0.262078 3.290137 
1.999998 6.805000 0.384561 0.261694 3.290137 
1.999998 6.795000 0.384561 0.261309 3.290137 
1.999998 6.785000 0.384561 0.260925 3.290137 
1.999998 6.775000 0.384561 0.260540 3.290137 
1.999998 6.765000 0.384561 0.260155 3.290137 
1.999998 6.755000 0.384561 0.259771 3.290137 
1.999998 6.745000 0.384561 0.259386 3.290137 
1.999998 6.735000 0.384561 0.259002 3.290137 
1.999998 6.725000 0.384561 0.258617 3.290137 
1.999998 6.715000 0.384561 0.258233 3.290137 
1.999998 6.705000 0.384561 0.257848 3.290137 
1.999998 6.695000 0.384561 0.257464 3.290137 
1.999998 6.685000 0.384561 0.257079 3.290137 
1.999998 6.675000 0.384561 0.256694 3.290137 
1.999998 6.665000 0.384561 0.256310 3.290137 
1.999998 6.655000 0.384561 0.255925 3.290137 
1.999998 6.645000 0.384561 0.255541 3.290137 
1.999998 6.635000 0.384561 0.255156 3.290137 
1.999998 6.625000 0.384561 0.254772 3.290137 
1.999998 6.615000 0.384561 0.254387 3.290137 
1.999998 6.605000 0.384561 0.254003 3.290137 
1.999998 6.595000 0.384561 0.253618 3.290137 
1.999998 6.585000 0.384561 0.253233 3.290137 
1.999998 6.575000 0.384561 0.252849 3.290137 
1.999998 6.565000 0.384561 0.252464 3.290137 
1.999998 6.555000 0.384561 0.252080 3.290137 
1.999998 6.545000 0.384561 0.251695 3.290137 
1.999998 6.535000 0.384561 0.251311 3.290137 
1.999998 6.525000 0.384561 0.250926 3.290137 
1.999998 6.515000 0.384561 0.250541 3.290137 
1.999998 6.505000 0.384561 0.250157 3.290137 
1.999998 6.495000 0.384561 0.249772 3.290137 
1.999998 6.485000 0.384561 0.249388 3.290137 
1.999998 6.475000 0.384561 0.249003 3.290137 
1.999998 6.465000 0.384561 0.248619 3.290137 
1.999998 6.455000 0.384561 0.248234 3.290137 
1.999998 6.445000 0.384561 0.247850 3.290137 
1.999998 6.435000 0.384561 0.247465 3.290137 
1.999998 6.425000 0.384561 0.247080 3.290137 
1.999998 6.415000 0.384561 0.246696 3.290137 
1.999998 6.405000 0.384561 0.246311 3.290137 
1.999998 6.395000 0.384561 0.245927 3.290137 
1.999998 6.385000 0.384561 0.245542 3.290137 
1.999998 6.375000 0.384561 0.245158 3.290137 
1.999998 6.365000 0.384561 0.244773 3.290137 
1.999998 6.355000 0.384561 0.244388 3.290137 
1.999998 6.345000 0.384561 0.244004 3.290137 
1.999998 6.335000 0.384561 0.243619 3.290137 
1.999998 6.325000 0.384561 0.243235 3.290137 
1.999998 6.315000 0.384561 0.242850 3.290137 
1.999998 6.305000 0.384561 0.242466 3.290137 
1.999998 6.295000 0.384561 0.242081 3.290137 
1.999998 6.285000 0.384561 0.241697 3.290137 
1.999998 6.275000 0.384561 0.241312 3.290137 
1.999998 6.265000 0.384561 0.240927 3.290137 
1.999998 6.255000 0.384561 0.240543 3.290137 
1.999998 6.245000 0.384561 0.240158 3.290137 
1.999998 6.235000 0.384561 0.239774 3.290137 
1.999998 6.225000 0.384561 0.239389 3.290137 
1.999998 6.215000 0.384561 0.239005 3.290137 
1.999998 6.205000 0.384561 0.238620 3.290137 
1.999998 6.195000 0.384561 0.238236 3.290137 
1.999998 6.185000 0.384561 0.237851 3.290137 
1.999998 6.175000 0.384561 0.237466 3.290137 
1.999998 6.165000 0.384561 0.237082 3.290137 
1.999998 6.155000 0.384561 0.236697 3.290137 
1.999998 6.145000 0.384561 0.236313 3.290137 
1.999998 6.135000 0.384561 0.235928 3.290137 
1.999998 6.125000 0.384561 0.235544 3.290137 
1.999998 6.115000 0.384561 0.235159 3.290137 
1.999998 6.105000 0.384561 0.234774 3.290137 
1.999998 6.095000 0.384561 0.234390 3.290137 
1.999998 6.085000 0.384561 0.234005 3.290137 
1.999998 6.075000 0.384561 0.233621 3.290137 
1.999998 6.065000 0.384561 0.233236 3.290137 
1.999998 6.055000 0.384561 0.232852 3.290137 
1.999998 6.045000 0.384561 0.232467 3.290137 
1.999998 6.035000 0.384561 0.232083 3.290137 
1.999998 6.025000 0.384561 0.231698 3.290137 
1.999998 6.015000 0.384561 0.231313 3.290137 
1.999998 6.005000 0.384561 0.230929 3.290137 
1.999998 5.995000 0.384561 0.230544 3.290137 
1.999998 5.985000 0.384561 0.230160 3.290137 
1.999998 5.975000 0.384561 0.229775 3.290137 
1.999998 5.965000 0.384561 0.229391 3.290137 
1.999998 5.955000 0.384561 0.229006 3.290137 
1.999998 5.945000 0.384561 0.228621 3.290137 
1.999998 5.935000 0.384561 0.228237 3.290137 
1.999998 5.925000 0.384561 0.227852 3.290137 
1.999998 5.915000 0.384561 0.227468 3.290137 
1.999998 5.905000 0.384561 0.227083 3.290137 
1.999998 5.895000 0.384561 0.226699 3.290137 
1.999998 5.885000 0.384561 0.226314 3.290137 
1.999998 5.875000 0.384561 0.225930 3.290137 
1.999998 5.865000 0.384561 0.225545 3.290137 
1.999998 5.855000 0.384561 0.225160 3.290137 
1.999998 5.845000 0.384561 0.224776 3.290137 
1.999998 5.835000 0.384561 0.224391 3.290137 
1.999998 5.825000 0.384561 0.224007 3.290137 
1.999998 5.815000 0.384561 0.223622 3.290137 
1.999998 5.805000 0.384561 0.223238 3.290137 
1.999998 5.795000 0.384561 0.222853 3.290137 
1.999998 5.785000 0.384561 0.222469 3.290137 
1.999998 5.775000 0.384561 0.222084 3.290137 
1.999998 5.765000 0.384561 0.221699 3.290137 
1.999998 5.755000 0.384561 0.221315 3.290137 
1.999998 5.745000 0.384561 0.220930 3.290137 
1.999998 5.735000 0.384561 0.220546 3.290137 
1.999998 5.725000 0.384561 0.220161 3.290137 
1.999998 5.715000 0.384561 0.219777 3.290137 
1.999998 5.705000 0.384561 0.219392 3.290137 
1.999998 5.695000 0.384561 0.219007 3.290137 
1.999998 5.685000 0.384561 0.218623 3.290137 
1.999998 5.675000 0.384561 0.218238 3.290137 
1.999998 5.665000 0.384561 0.217854 3.290137 
1.999998 5.655000 0.384561 0.217469 3.290137 
1.999998 5.645000 0.384561 0.217085 3.290137 
1.999998 5.635000 0.384561 0.216700 3.290137 
1.999998 5.625000 0.384561 0.216316 3.290137 
1.999998 5.615000 0.384561 0.215931 3.290137 
1.999998 5.605000 0.384561 0.215546 3.290137 
1.999998 5.595000 0.384561 0.215162 3.290137 
1.999998 5.585000 0.384561 0.214777 3.290137 
1.999998 5.575000 0.384561 0.214393 3.290137 
1.999998 5.565000 0.384561 0.214008 3.290137 
1.999998 5.555000 0.384561 0.213624 3.290137 
1.999998 5.545000 0.384561 0.213239 3.290137 
1.999998 5.535000 0.384561 0.212854 3.290137 
1.999998 5.525000 0.384561 0.212470 3.290137 
1.999998 5.515000 0.384561 0.212085 3.290137 
1.999998 5.505000 0.384561 0.211701 3.290137 
1.999998 5.495000 0.384561 0.211316 3.290137 
1.999998 5.485000 0.384561 0.210932 3.290137 
1.999998 5.475000 0.384561 0.210547 3.290137 
1.999998 5.465000 0.384561 0.210163 3.290137 
1.999998 5.455000 0.384561 0.209778 3.290137 
1.999998 5.445000 0.384561 0.209393 3.290137 
1.999998 5.435000 0.384561 0.209009 3.290137 
1.999998 5.425000 0.384561 0.208624 3.290137 
1.999998 5.415000 0.384561 0.208240 3.290137 
1.999998 5.405000 0.384561 0.207855 3.290137 
1.999998 5.395000 0.384561 0.207471 3.290137 
1.999998 5.385000 0.384561 0.207086 3.290137 
1.999998 5.375000 0.384561 0.206702 3.290137 
1.999998 5.365000 0.384561 0.206317 3.290137 
1.999998 5.355000 0.384561 0.205932 3.290137 
1.999998 5.345000 0.384561 0.205548 3.290137 
1.999998 5.335000 0.384561 0.205163 3.290137 
1.999998 5.325000 0.384561 0.204779 3.290137 
1.999998 5.315000 0.384561 0.204394 3.290137 
1.999998 5.305000 0.384561 0.204010 3.290137 
1.999998 5.295000 0.384561 0.203625 3.290137 
1.999998 5.285000 0.384561 0.203240 3.290137 
1.999998 5.275000 0.384561 0.202856 3.290137 
1.999998 5.265000 0.384561 0.202471 3.290137 
1.999998 5.255000 0.384561 0.202087 3.290137 
1.999998 5.245000 0.384561 0.201702 3.290137 
1.999998 5.235000 0.384561 0.201318 3.290137 
1.999998 5.225000 0.384561 0.200933 3.290137 
1.999998 5.215000 0.384561 0.200549 3.290137 
1.999998 5.205000 0.384561 0.200164 3.290137 
1.999998 5.195000 0.384561 0.199779 3.290137 
1.999998 5.185000 0.384561 0.199395 3.290137 
1.999998 5.175000 0.384561 0.199010 3.290137 
1.999998 5.165000 0.384561 0.198626 3.290137 
1.999998 5.155000 0.384561 0.198241 3.290137 
1.999998 5.145000 0.384561 0.197857 3.290137 
1.999998 5.135000 0.384561 0.197472 3.290137 
1.999998 5.125000 0.384561 0.197087 3.290137 
1.999998 5.115000 0.384561 0.196703 3.290137 
1.999998 5.105000 0.384561 0.196318 3.290137 
1.999998 5.095000 0.384561 0.195934 3.290137 
1.999998 5.085000 0.384561 0.195549 3.290137 
1.999998 5.075000 0.384561 0.195165 3.290137 
1.999998 5.065000 0.384561 0.194780 3.290137 
1.999998 5.055000 0.384561 0.194396 3.290137 
1.999998 5.045000 0.384561 0.194011 3.290137 
1.999998 5.035000 0.384561 0.193626 3.290137 
1.999998 5.025000 0.384561 0.193242 3.290137 
1.999998 5.015000 0.384561 0.192857 3.290137 
1.999998 5.005000 0.384561 0.192473 3.290137 
1.999998 4.995000 0.384561 0.192088 3.290137 
1.999998 4.985000 0.384561 0.191704 3.290137 
1.999998 4.975000 0.384561 0.191319 3.290137 
1.999998 4.965000 0.384561 0.190935 3.290137 
1.999998 4.955000 0.384561 0.190550 3.290137 
1.999998 4.945000 0.384561 0.190165 3.290137 
1.999998 4.935000 0.384561 0.189781 3.290137 
1.999998 4.925000 0.384561 0.189396 3.290137 
1.999998 4.915000 0.384561 0.189012 3.290137 
1.999998 4.905000 0.384561 0.188627 3.290137 
1.999998 4.895000 0.384561 0.188243 3.290137 
1.999998 4.885000 0.384561 0.187858 3.290137 
1.999998 4.875000 0.384561 0.187473 3.290137 
1.999998 4.865000 0.384561 0.187089 3.290137 
1.999998 4.855000 0.384561 0.186704 3.290137 
1.999998 4.845000 0.384561 0.186320 3.290137 
1.999998 4.835000 0.384561 0.185935 3.290137 
1.999998 4.825000 0.384561 0.185551 3.290137 
1.999998 4.815000 0.384561 0.185166 3.290137 
1.999998 4.805000 0.384561 0.184782 3.290137 
1.999998 4.795000 0.384561 0.184397 3.290137 
1.999998 4.785000 0.384561 0.184012 3.290137 
1.999998 4.775000 0.384561 0.183628 3.290137 
1.999998 4.765000 0.384561 0.183243 3.290137 
1.999998 4.755000 0.384561 0.182859 3.290137 
1.999998 4.745000 0.384561 0.182474 3.290137 
1.999998 4.735000 0.384561 0.182090 3.290137 
1.999998 4.725000 0.384561 0.181705 3.290137 
1.999998 4.715000 0.384561 0.181320 3.290137 
1.999998 4.705000 0.384561 0.180936 3.290137 
1.999998 4.695000 0.384561 0.180551 3.290137 
1.999998 4.685000 0.384561 0.180167 3.290137 
1.999998 4.675000 0.384561 0.179782 3.290137 
1.999998 4.665000 0.384561 0.179398 3.290137 
1.999998 4.655000 0.384561 0.179013 3.290137 
1.999998 4.645000 0.384561 0.178629 3.290137 
1.999998 4.635000 0.384561 0.178244 3.290137 
1.999998 4.625000 0.384561 0.177859 3.290137 
1.999998 4.615000 0.384561 0.177475 3.290137 
1.999998 4.605000 0.384561 0.177090 3.290137 
1.999998 4.595000 0.384561 0.176706 3.290137 
1.999998 4.585000 0.384561 0.176321 3.290137 
1.999998 4.575000 0.384561 0.175937 3.290137 
1.999998 4.565000 0.384561 0.175552 3.290137 
1.999998 4.555000 0.384561 0.175168 3.290137 
1.999998 4.545000 0.384561 0.174783 3.290137 
1.999998 4.535000 0.384561 0.174398 3.290137 
1.999998 4.525000 0.384561 0.174014 3.290137 
1.999998 4.515000 0.384561 0.173629 3.290137 
1.999998 4.505000 0.384561 0.173245 3.290137 
1.999998 4.495000 0.384561 0.172860 3.290137 
1.999998 4.485000 0.384561 0.172476 3.290137 
1.999998 4.475000 0.384561 0.172091 3.290137 
1.999998 4.465000 0.384561 0.171706 3.290137 
1.999998 4.455000 0.384561 0.171322 3.290137 
1.999998 4.445000 0.384561 0.170937 3.290137 
1.999998 4.435000 0.384561 0.170553 3.290137 
1.999998 4.425000 0.384561 0.170168 3.290137 
1.999998 4.415000 0.384561 0.169784 3.290137 
1.999998 4.405000 0.384561 0.169399 3.290137 
1.999998 4.395000 0.384561 0.169015 3.290137 
1.999998 4.385000 0.384561 0.168630 3.290137 
1.999998 4.375000 0.384561 0.168245 3.290137 
1.999998 4.365000 0.384561 0.167861 3.290137 
1.999998 4.355000 0.384561 0.167476 3.290137 
1.999998 4.345000 0.384561 0.167092 3.290137 
1.999998 4.335000 0.384561 0.166707 3.290137 
1.999998 4.325000 0.384561 0.166323 3.290137 
1.999998 4.315000 0.384561 0.165938 3.290137 
1.999998 4.305000 0.384561 0.165553 3.290137 
1.999998 4.295000 0.384561 0.165169 3.290137 
1.999998 4.285000 0.384561 0.164784 3.290137 
1.999998 4.275000 0.384561 0.164400 3.290137 
1.999998 4.265000 0.384561 0.164015 3.290137 
1.999998 4.255000 0.384561 0.163631 3.290137 
1.999998 4.245000 0.384561 0.163246 3.290137 
1.999998 4.235000 0.384561 0.162862 3.290137 
1.999998 4.225000 0.384561 0.162477 3.290137 
1.999998 4.215000 0.384561 0.162092 3.290137 
1.999998 4.205000 0.384561 0.161708 3.290137 
1.999998 4.195000 0.384561 0.161323 3.290137 
1.999998 4.185000 0.384561 0.160939 3.290137 
1.999998 4.175000 0.384561 0.160554 3.290137 
1.999998 4.165000 0.384561 0.160170 3.290137 
1.999998 4.155000 0.384561 0.159785 3.290137 
1.999998 4.145000 0.384561 0.159401 3.290137 
1.999998 4.135000 0.384561 0.159016 3.290137 
1.999998 4.125000 0.384561 0.158631 3.290137 
1.999998 4.115000 0.384561 0.158247 3.290137 
1.999998 4.105000 0.384561 0.157862 3.290137 
1.999998 4.095000 0.384561 0.157478 3.290137 
1.999998 4.085000 0.384561 0.157093 3.290137 
1.999998 4.075000 0.384561 0.156709 3.290137 
1.999998 4.065000 0.384561 0.156324 3.290137 
1.999998 4.055000 0.384561 0.155939 3.290137 
1.999998 4.045000 0.384561 0.155555 3.290137 
1.999998 4.035000 0.384561 0.155170 3.290137 
1.999998 4.025000 0.384561 0.154786 3.290137 
1.999998 4.015000 0.384561 0.154401 3.290137 
1.999998 4.005000 0.384561 0.154017 3.290137 
1.999998 3.995000 0.384561 0.153632 3.290137 
1.999998 3.985000 0.384561 0.153248 3.290137 
1.999998 3.975000 0.384561 0.152863 3.290137 
1.999998 3.965000 0.384561 0.152478 3.290137 
1.999998 3.955000 0.384561 0.152094 3.290137 
1.999998 3.945000 0.384561 0.151709 3.290137 
1.999998 3.935000 0.384561 0.151325 3.290137 
1.999998 3.925000 0.384561 0.150940 3.290137 
1.999998 3.915000 0.384561 0.150556 3.290137 
1.999998 3.905000 0.384561 0.150171 3.290137 
1.999998 3.895000 0.384561 0.149786 3.290137 
1.999998 3.885000 0.384561 0.149402 3.290137 
1.999998 3.875000 0.384561 0.149017 3.290137 
1.999998 3.865000 0.384561 0.148633 3.290137 
1.999998 3.855000 0.384561 0.148248 3.290137 
1.999998 3.845000 0.384561 0.147864 3.290137 
1.999998 3.835000 0.384561 0.147479 3.290137 
1.999998 3.825000 0.384561 0.147095 3.290137 
1.999998 3.815000 0.384561 0.146710 3.290137 
1.999998 3.805000 0.384561 0.146325 3.290137 
1.999998 3.795000 0.384561 0.145941 3.290137 
1.999998 3.785000 0.384561 0.145556 3.290137 
1.999998 3.775000 0.384561 0.145172 3.290137 
1.999998 3.765000 0.384561 0.144787 3.290137 
1.999998 3.755000 0.384561 0.144403 3.290137 
1.999998 3.745000 0.384561 0.144018 3.290137 
1.999998 3.735000 0.384561 0.143634 3.290137 
1.999998 3.725000 0.384561 0.143249 3.290137 
1.999998 3.715000 0.384561 0.142864 3.290137 
1.999998 3.705000 0.384561 0.142480 3.290137 
1.999998 3.695000 0.384561 0.142095 3.290137 
1.999998 3.685000 0.384561 0.141711 3.290137 
1.999998 3.675000 0.384561 0.141326 3.290137 
1.999998 3.665000 0.384561 0.140942 3.290137 
1.999998 3.655000 0.384561 0.140557 3.290137 
1.999998 3.645000 0.384561 0.140172 3.290137 
1.999998 3.635000 0.384561 0.139788 3.290137 
1.999998 3.625000 0.384561 0.139403 3.290137 
1.999998 3.615000 0.384561 0.139019 3.290137 
1.999998 3.605000 0.384561 0.138634 3.290137 
1.999998 3.595000 0.384561 0.138250 3.290137 
1.999998 3.585000 0.384561 0.137865 3.290137 
1.999998 3.575000 0.384561 0.137481 3.290137 
1.999998 3.565000 0.384561 0.137096 3.290137 
1.999998 3.555000 0.384561 0.136711 3.290137 
1.999998 3.545000 0.384561 0.136327 3.290137 
1.999998 3.535000 0.384561 0.135942 3.290137 
1.999998 3.525000 0.384561 0.135558 3.290137 
1.999998 3.515000 0.384561 0.135173 3.290137 
1.999998 3.505000 0.384561 0.134789 3.290137 
1.999998 3.495000 0.384561 0.134404 3.290137 
1.999998 3.485000 0.384561 0.134019 3.290137 
1.999998 3.475000 0.384561 0.133635 3.290137 
1.999998 3.465000 0.384561 0.133250 3.290137 
1.999998 3.455000 0.384561 0.132866 3.290137 
1.999998 3.445000 0.384561 0.132481 3.290137 
1.999998 3.435000 0.384561 0.132097 3.290137 
1.999998 3.425000 0.384561 0.131712 3.290137 
1.999998 3.415000 0.384561 0.131328 3.290137 
1.999998 3.405000 0.384561 0.130943 3.290137 
1.999998 3.395000 0.384561 0.130558 3.290137 
1.999998 3.385000 0.384561 0.130174 3.290137 
1.999998 3.375000 0.384561 0.129789 3.290137 
1.999998 3.365000 0.384561 0.129405 3.290137 
1.999998 3.355000 0.384561 0.129020 3.290137 
1.999998 3.345000 0.384561 0.128636 3.290137 
1.999998 3.335000 0.384561 0.128251 3.290137 
1.999998 3.325000 0.384561 0.127867 3.290137 
1.999998 3.315000 0.384561 0.127482 3.290137 
1.999998 3.305000 0.384561 0.127097 3.290137 
1.999998 3.295000 0.384561 0.126713 3.290137 
1.999989 3.285000 0.384561 0.126328 2.704812 
1.999989 3.275000 0.384561 0.125944 2.704812 
1.999989 3.265000 0.384561 0.125559 2.704812 
1.999989 3.255000 0.384561 0.125175 2.704812 
1.999989 3.245000 0.384561 0.124790 2.704812 
1.999989 3.235000 0.384561 0.124405 2.704812 
1.999989 3.225000 0.384561 0.124021 2.704812 
1.999989 3.215000 0.384561 0.123636 2.704812 
1.999989 3.205000 0.384561 0.123252 2.704812 
1.999989 3.195000 0.384561 0.122867 2.704812 
1.999989 3.185000 0.384561 0.122483 2.704812 
1.999989 3.175000 0.384561 0.122098 2.704812 
1.999989 3.165000 0.384561 0.121714 2.704812 
1.999989 3.155000 0.384561 0.121329 2.704812 
1.999989 3.145000 0.384561 0.120944 2.704812 
1.999989 3.135000 0.384561 0.120560 2.704812 
1.999989 3.125000 0.384561 0.120175 2.704812 
1.999989 3.115000 0.384561 0.119791 2.704812 
1.999989 3.105000 0.384561 0.119406 2.704812 
1.999989 3.095000 0.384561 0.119022 2.704812 
1.999989 3.085000 0.384561 0.118637 2.704812 
1.999989 3.075000 0.384561 0.118252 2.704812 
1.999989 3.065000 0.384561 0.117868 2.704812 
1.999989 3.055000 0.384561 0.117483 2.704812 
1.999989 3.045000 0.384561 0.117099 2.704812 
1.999989 3.035000 0.384561 0.116714 2.704812 
1.999989 3.025000 0.384561 0.116330 2.704812 
1.999989 3.015000 0.384561 0.115945 2.704812 
1.999989 3.005000 0.384561 0.115561 2.704812 
1.999989 2.995000 0.384561 0.115176 2.704812 
1.999989 2.985000 0.384561 0.114791 2.704812 
1.999989 2.975000 0.384561 0.114407 2.704812 
1.999989 2.965000 0.384561 0.114022 2.704812 
1.999989 2.955000 0.384561 0.113638 2.704812 
1.999989 2.945000 0.384561 0.113253 2.704812 
1.999989 2.935000 0.384561 0.112869 2.704812 
1.999989 2.925000 0.384561 0.112484 2.704812 
1.999989 2.915000 0.384561 0.112100 2.704812 
1.999989 2.905000 0.384561 0.111715 2.704812 
1.999989 2.895000 0.384561 0.111330 2.704812 
1.999989 2.885000 0.384561 0.110946 2.704812 
1.999989 2.875000 0.384561 0.110561 2.704812 
1.999989 2.865000 0.384561 0.110177 2.704812 
1.999989 2.855000 0.384561 0.109792 2.704812 
1.999989 2.845000 0.384561 0.109408 2.704812 
1.999989 2.835000 0.384561 0.109023 2.704812 
1.999989 2.825000 0.384561 0.108638 2.704812 
1.999989 2.815000 0.384561 0.108254 2.704812 
1.999989 2.805000 0.384561 0.107869 2.704812 
1.999989 2.795000 0.384561 0.107485 2.704812 
1.999989 2.785000 0.384561 0.107100 2.704812 
1.999989 2.775000 0.384561 0.106716 2.704812 
1.999989 2.765000 0.384561 0.106331 2.704812 
1.999989 2.755000 0.384561 0.105947 2.704812 
1.999989 2.745000 0.384561 0.105562 2.704812 
1.999989 2.735000 0.384561 0.105177 2.704812 
1.999989 2.725000 0.384561 0.104793 2.704812 
1.999989 2.715000 0.384561 0.104408 2.704812 
1.999973 2.695000 0.384561 0.103639 2.398010 
1.999973 2.685000 0.384561 0.103255 2.398010 
1.999973 2.675000 0.384561 0.102870 2.398010 
1.999973 2.665000 0.384561 0.102485 2.398010 
1.999973 2.655000 0.384561 0.102101 2.398010 
1.999973 2.645000 0.384561 0.101716 2.398010 
1.999973 2.635000 0.384561 0.101332 2.398010 
1.999973 2.625000 0.384561 0.100947 2.398010 
1.999973 2.615000 0.384561 0.100563 2.398010 
1.999973 2.605000 0.384561 0.100178 2.398010 
1.999973 2.595000 0.384561 0.099794 2.398010 
1.999973 2.585000 0.384561 0.099409 2.398010 
1.999973 2.575000 0.384561 0.099024 2.398010 
1.999973 2.565000 0.384561 0.098640 2.398010 
1.999973 2.555000 0.384561 0.098255 2.398010 
1.999973 2.545000 0.384561 0.097871 2.398010 
1.999973 2.535000 0.384561 0.097486 2.398010 
1.999973 2.525000 0.384561 0.097102 2.398010 
1.999973 2.515000 0.384561 0.096717 2.398010 
1.999973 2.505000 0.384561 0.096333 2.398010 
1.999973 2.495000 0.384561 0.095948 2.398010 
1.999973 2.485000 0.384561 0.095563 2.398010 
1.999973 2.475000 0.384561 0.095179 2.398010 
1.999973 2.465000 0.384561 0.094794 2.398010 
1.999973 2.455000 0.384561 0.094410 2.398010 
1.999973 2.445000 0.384561 0.094025 2.398010 
1.999973 2.435000 0.384561 0.093641 2.398010 
1.999973 2.425000 0.384561 0.093256 2.398010 
1.999973 2.415000 0.384561 0.092871 2.398010 
1.999973 2.405000 0.384561 0.092487 2.398010 
1.999949 2.395000 0.384561 0.092102 2.188692 
1.999949 2.385000 0.384561 0.091718 2.188692 
1.999949 2.375000 0.384561 0.091333 2.188692 
1.999949 2.365000 0.384561 0.090949 2.188692 
1.999949 2.355000 0.384561 0.090564 2.188692 
1.999949 2.345000 0.384561 0.090180 2.188692 
1.999949 2.335000 0.384561 0.089795 2.188692 
1.999949 2.325000 0.384561 0.089410 2.188692 
1.999949 2.315000 0.384561 0.089026 2.188692 
1.999949 2.305000 0.384561 0.088641 2.188692 
1.999949 2.295000 0.384561 0.088257 2.188692 
1.999949 2.285000 0.384561 0.087872 2.188692 
1.999949 2.275000 0.384561 0.087488 2.188692 
1.999949 2.265000 0.384561 0.087103 2.188692 
1.999949 2.255000 0.384561 0.086718 2.188692 
1.999949 2.245000 0.384561 0.086334 2.188692 
1.999949 2.235000 0.384561 0.085949 2.188692 
1.999949 2.225000 0.384561 0.085565 2.188692 
1.999949 2.215000 0.384561 0.085180 2.188692 
1.999949 2.205000 0.384561 0.084796 2.188692 
1.999949 2.195000 0.384561 0.084411 2.188692 
1.999917 2.185000 0.384561 0.084027 2.029620 
1.999917 2.175000 0.384561 0.083642 2.029620 
1.999917 2.165000 0.384561 0.083257 2.029620 
1.999917 2.155000 0.384561 0.082873 2.029620 
1.999917 2.145000 0.384561 0.082488 2.029620 
1.999917 2.135000 0.384561 0.082104 2.029620 
1.999917 2.125000 0.384561 0.081719 2.029620 
1.999917 2.115000 0.384561 0.081335 2.029620 
1.999917 2.105000 0.384561 0.080950 2.029620 
1.999917 2.095000 0.384561 0.080566 2.029620 
1.999917 2.085000 0.384561 0.080181 2.029620 
1.999917 2.075000 0.384561 0.079796 2.029620 
1.999917 2.065000 0.384561 0.079412 2.029620 
1.999917 2.055000 0.384561 0.079027 2.029620 
1.999917 2.045000 0.384561 0.078643 2.029620 
1.999917 2.035000 0.384561 0.078258 2.029620 
1.999878 2.025000 0.384561 0.077874 1.901279 
1.999878 2.015000 0.384561 0.077489 1.901279 
1.999878 2.005000 0.384561 0.077104 1.901279 
1.999878 1.995000 0.384561 0.076720 1.901279 
1.999878 1.985000 0.384561 0.076335 1.901279 
1.999878 1.975000 0.384561 0.075951 1.901279 
1.999878 1.965000 0.384561 0.075566 1.901279 
1.999878 1.955000 0.384561 0.075182 1.901279 
1.999878 1.945000 0.384561 0.074797 1.901279 
1.999878 1.935000 0.384561 0.074413 1.901279 
1.999878 1.925000 0.384561 0.074028 1.901279 
1.999878 1.915000 0.384561 0.073643 1.901279 
1.999878 1.905000 0.384561 0.073259 1.901279 
1.999832 1.895000 0.384561 0.072874 1.793694 
1.999832 1.885000 0.384561 0.072490 1.793694 
1.999832 1.875000 0.384561 0.072105 1.793694 
1.999832 1.865000 0.384561 0.071721 1.793694 
1.999832 1.855000 0.384561 0.071336 1.793694 
1.999832 1.845000 0.384561 0.070951 1.793694 
1.999832 1.835000 0.384561 0.070567 1.793694 
1.999832 1.825000 0.384561 0.070182 1.793694 
1.999832 1.815000 0.384561 0.069798 1.793694 
1.999832 1.805000 0.384561 0.069413 1.793694 
1.999832 1.795000 0.384561 0.069029 1.793694 
1.999778 1.785000 0.384561 0.068644 1.701073 
1.999778 1.775000 0.384561 0.068260 1.701073 
1.999778 1.765000 0.384561 0.067875 1.701073 
1.999778 1.755000 0.384561 0.067490 1.701073 
1.999778 1.745000 0.384561 0.067106 1.701073 
1.999778 1.735000 0.384561 0.066721 1.701073 
1.999778 1.725000 0.384561 0.066337 1.701073 
1.999778 1.715000 0.384561 0.065952 1.701073 
1.999778 1.705000 0.384561 0.065568 1.701073 
1.999717 1.695000 0.384561 0.065183 1.619756 
1.999717 1.685000 0.384561 0.064799 1.619756 
1.999717 1.675000 0.384561 0.064414 1.619756 
1.999717 1.665000 0.384561 0.064029 1.619756 
1.999717 1.655000 0.384561 0.063645 1.619756 
1.999717 1.645000 0.384561 0.063260 1.619756 
1.999717 1.635000 0.384561 0.062876 1.619756 
1.999717 1.625000 0.384561 0.062491 1.619756 
1.999648 1.615000 0.384561 0.062107 1.547279 
1.999648 1.605000 0.384561 0.061722 1.547279 
1.999648 1.595000 0.384561 0.061337 1.547279 
1.999648 1.585000 0.384561 0.060953 1.547279 
1.999648 1.575000 0.384561 0.060568 1.547279 
1.999648 1.565000 0.384561 0.060184 1.547279 
1.999648 1.555000 0.384561 0.059799 1.547279 
1.999571 1.545000 0.384561 0.059415 1.481905 
1.999571 1.535000 0.384561 0.059030 1.481905 
1.999571 1.525000 0.384561 0.058646 1.481905 
1.999571 1.515000 0.384561 0.058261 1.481905 
1.999571 1.505000 0.384561 0.057876 1.481905 
1.999571 1.495000 0.384561 0.057492 1.481905 
1.999571 1.485000 0.384561 0.057107 1.481905 
1.999488 1.475000 0.384561 0.056723 1.422364 
1.999488 1.465000 0.384561 0.056338 1.422364 
1.999488 1.455000 0.384561 0.055954 1.422364 
1.999488 1.445000 0.384561 0.055569 1.422364 
1.999488 1.435000 0.384561 0.055184 1.422364 
1.999488 1.425000 0.384561 0.054800 1.422364 
1.999396 1.415000 0.384561 0.054415 1.367699 
1.999396 1.405000 0.384561 0.054031 1.367699 
1.999396 1.395000 0.384561 0.053646 1.367699 
1.999396 1.385000 0.384561 0.053262 1.367699 
1.999396 1.375000 0.384561 0.052877 1.367699 
1.999297 1.365000 0.384561 0.052493 1.317169 
1.999297 1.355000 0.384561 0.052108 1.317169 
1.999297 1.345000 0.384561 0.051723 1.317169 
1.999297 1.335000 0.384561 0.051339 1.317169 
1.999297 1.325000 0.384561 0.050954 1.317169 
1.999191 1.315000 0.384561 0.050570 1.270192 
1.999191 1.305000 0.384561 0.050185 1.270192 
1.999191 1.295000 0.384561 0.049801 1.270192 
1.999191 1.285000 0.384561 0.049416 1.270192 
1.999191 1.275000 0.384561 0.049032 1.270192 
1.999077 1.265000 0.384561 0.048647 1.226299 
1.999077 1.255000 0.384561 0.048262 1.226299 
1.999077 1.245000 0.384561 0.047878 1.226299 
1.999077 1.235000 0.384561 0.047493 1.226299 
1.998956 1.225000 0.384561 0.047109 1.185109 
1.998956 1.215000 0.384561 0.046724 1.185109 
1.998956 1.205000 0.384561 0.046340 1.185109 
1.998956 1.195000 0.384561 0.045955 1.185109 
1.998828 1.185000 0.384561 0.045570 1.146307 
1.998828 1.175000 0.384561 0.045186 1.146307 
1.998828 1.165000 0.384561 0.044801 1.146307 
1.998828 1.155000 0.384561 0.044417 1.146307 
1.998691 1.145000 0.384561 0.044032 1.109630 
1.998691 1.135000 0.384561 0.043648 1.109630 
1.998691 1.125000 0.384561 0.043263 1.109630 
1.998691 1.115000 0.384561 0.042879 1.109630 
1.998548 1.105000 0.384561 0.042494 1.074857 
1.998548 1.095000 0.384561 0.042109 1.074857 
1.998548 1.085000 0.384561 0.041725 1.074857 
1.998548 1.075000 0.384561 0.041340 1.074857 
1.998397 1.065000 0.384561 0.040956 1.041799 
1.998397 1.055000 0.384561 0.040571 1.041799 
1.998397 1.045000 0.384561 0.040187 1.041799 
1.998238 1.035000 0.384561 0.039802 1.010293 
1.998238 1.025000 0.384561 0.039417 1.010293 
1.998238 1.015000 0.384561 0.039033 1.010293 
1.998072 1.005000 0.384561 0.038648 0.980200 
1.998072 0.995000 0.384561 0.038264 0.980200 
1.998072 0.985000 0.384561 0.037879 0.980200 
1.997898 0.975000 0.384561 0.037495 0.951398 
1.997898 0.965000 0.384561 0.037110 0.951398 
1.997898 0.955000 0.384561 0.036726 0.951398 
1.997717 0.945000 0.384561 0.036341 0.923779 
1.997717 0.935000 0.384561 0.035956 0.923779 
1.997717 0.925000 0.384561 0.035572 0.923779 
1.997529 0.915000 0.384561 0.035187 0.897249 
1.997529 0.905000 0.384561 0.034803 0.897249 
1.997332 0.895000 0.384561 0.034418 0.871725 
1.997332 0.885000 0.384561 0.034034 0.871725 
1.997332 0.875000 0.384561 0.033649 0.871725 
1.997129 0.865000 0.384561 0.033265 0.847133 
1.997129 0.855000 0.384561 0.032880 0.847133 
1.996918 0.845000 0.384561 0.032495 0.823406 
1.996918 0.835000 0.384561 0.032111 0.823406 
1.996918 0.825000 0.384561 0.031726 0.823406 
1.996699 0.815000 0.384561 0.031342 0.800486 
1.996699 0.805000 0.384561 0.030957 0.800486 
1.996473 0.795000 0.384561 0.030573 0.778317 
1.996473 0.785000 0.384561 0.030188 0.778317 
1.996240 0.775000 0.384561 0.029803 0.756853 
1.996240 0.765000 0.384561 0.029419 0.756853 
1.995999 0.755000 0.384561 0.029034 0.736048 
1.995999 0.745000 0.384561 0.028650 0.736048 
1.995750 0.735000 0.384561 0.028265 0.715864 
1.995750 0.725000 0.384561 0.027881 0.715864 
1.995494 0.715000 0.384561 0.027496 0.696263 
1.995494 0.705000 0.384561 0.027112 0.696263 
1.995231 0.695000 0.384561 0.026727 0.677212 
1.995231 0.685000 0.384561 0.026342 0.677212 
1.994960 0.675000 0.384561 0.025958 0.658681 
1.994960 0.665000 0.384561 0.025573 0.658681 
1.994681 0.655000 0.384561 0.025189 0.640641 
1.994681 0.645000 0.384561 0.024804 0.640641 
1.994395 0.635000 0.384561 0.024420 0.623067 
1.994395 0.625000 0.384561 0.024035 0.623067 
1.994102 0.615000 0.384561 0.023650 0.605935 
1.993801 0.605000 0.384561 0.023266 0.589222 
1.993801 0.595000 0.384561 0.022881 0.589222 
1.993492 0.585000 0.384561 0.022497 0.572909 
1.993492 0.575000 0.384561 0.022112 0.572909 
1.993176 0.565000 0.384561 0.021728 0.556975 
1.992853 0.555000 0.384561 0.021343 0.541403 
1.992853 0.545000 0.384561 0.020959 0.541403 
1.992522 0.535000 0.384561 0.020574 0.526178 
1.992183 0.525000 0.384561 0.020189 0.511282 
1.992183 0.515000 0.384561 0.019805 0.511282 
1.991837 0.505000 0.384561 0.019420 0.496702 
1.991483 0.495000 0.384561 0.019036 0.482425 
1.991483 0.485000 0.384561 0.018651 0.482425 
1.991122 0.475000 0.384561 0.018267 0.468437 
1.990754 0.465000 0.384561 0.017882 0.454726 
1.990754 0.455000 0.384561 0.017498 0.454726 
1.990377 0.445000 0.384561 0.017113 0.441283 
1.989994 0.435000 0.384561 0.016728 0.428095 
1.989603 0.425000 0.384561 0.016344 0.415153 
1.989204 0.415000 0.384561 0.015959 0.402448 
1.989204 0.405000 0.384561 0.015575 0.402448 
1.988798 0.395000 0.384561 0.015190 0.389970 
1.988384 0.385000 0.384561 0.014806 0.377712 
1.987963 0.375000 0.384561 0.014421 0.365666 
1.987534 0.365000 0.384561 0.014036 0.353823 
1.987534 0.355000 0.384561 0.013652 0.353823 
1.987097 0.345000 0.384561 0.013267 0.342177 
1.986654 0.335000 0.384561 0.012883 0.330722 
1.986202 0.325000 0.384561 0.012498 0.319449 
1.985743 0.315000 0.384561 0.012114 0.308355 
1.985277 0.305000 0.384561 0.011729 0.297432 
1.984803 0.295000 0.384561 0.011345 0.286675 
1.984321 0.285000 0.384561 0.010960 0.276079 
1.983832 0.275000 0.384561 0.010575 0.265639 
1.983335 0.265000 0.384561 0.010191 0.255350 
1.982831 0.255000 0.384561 0.009806 0.245208 
1.982319 0.245000 0.384561 0.009422 0.235207 
1.981799 0.235000 0.384561 0.009037 0.225344 
1.981273 0.225000 0.384561 0.008653 0.215615 
1.980738 0.215000 0.384561 0.008268 0.206016 
1.980196 0.205000 0.384561 0.007883 0.196543 
1.979646 0.195000 0.384561 0.007499 0.187193 
1.979089 0.185000 0.384561 0.007114 0.177963 
1.978524 0.175000 0.384561 0.006730 0.168848 
1.977952 0.165000 0.384561 0.006345 0.159846 
1.977372 0.155000 0.384561 0.005961 0.150954 
1.976784 0.145000 0.384561 0.005576 0.142169 
1.976189 0.135000 0.384561 0.005192 0.133488 
1.975586 0.125000 0.384561 0.004807 0.124908 
1.974358 0.115000 0.384561 0.004422 0.108044 
1.973733 0.105000 0.384561 0.004038 0.099754 
1.973099 0.095000 0.384561 0.003653 0.091555 
1.972459 0.085000 0.384561 0.003269 0.083446 
1.971154 0.075000 0.384561 0.002884 0.067488 
1.970491 0.065000 0.384561 0.002500 0.059635 
1.969820 0.055000 0.384561 0.002115 0.051862 
1.969141 0.045000 0.384561 0.001731 0.044170 
1.967760 0.035000 0.384561 0.001346 0.029015 
1.967059 0.025000 0.384561 0.000961 0.021550 
1.966349 0.015000 0.384561 0.000577 0.014157 
