2.000000 9.985000 113.480273 113.310052 2.996022 
2.000000 9.975000 113.480273 113.196572 2.996022 
2.000000 9.965000 113.480273 113.083092 2.996022 
2.000000 9.955000 113.480273 112.969611 2.996022 
2.000000 9.945000 113.480273 112.856131 2.996022 
2.000000 9.935000 113.480273 112.742651 2.996022 
2.000000 9.925000 113.480273 112.629170 2.996022 
2.000000 9.915000 113.480273 112.515690 2.996022 
2.000000 9.905000 113.480273 112.402210 2.996022 
2.000000 9.895000 113.480273 112.288730 2.996022 
2.000000 9.885000 113.480273 112.175249 2.996022 
2.000000 9.875000 113.480273 112.061769 2.996022 
2.000000 9.865000 113.480273 111.948289 2.996022 
2.000000 9.855000 113.480273 111.834809 2.996022 
2.000000 9.845000 113.480273 111.721328 2.996022 
2.000000 9.835000 113.480273 111.607848 2.996022 
2.000000 9.825000 113.480273 111.494368 2.996022 
2.000000 9.815000 113.480273 111.380887 2.996022 
2.000000 9.805000 113.480273 111.267407 2.996022 
2.000000 9.795000 113.480273 111.153927 2.996022 
2.000000 9.785000 113.480273 111.040447 2.996022 
2.000000 9.775000 113.480273 110.926966 2.996022 
2.000000 9.765000 113.480273 110.813486 2.996022 
2.000000 9.755000 113.480273 110.700006 2.996022 
2.000000 9.745000 113.480273 110.586526 2.996022 
2.000000 9.735000 113.480273 110.473045 2.996022 
2.000000 9.725000 113.480273 110.359565 2.996022 
2.000000 9.715000 113.480273 110.246085 2.996022 
2.000000 9.705000 113.480273 110.132604 2.996022 
2.000000 9.695000 113.480273 110.019124 2.996022 
2.000000 9.685000 113.480273 109.905644 2.996022 
2.000000 9.675000 113.480273 109.792164 2.996022 
2.000000 9.665000 113.480273 109.678683 2.996022 
2.000000 9.655000 113.480273 109.565203 2.996022 
2.000000 9.645000 113.480273 109.451723 2.996022 
2.000000 9.635000 113.480273 109.338243 2.996022 
2.000000 9.625000 113.480273 109.224762 2.996022 
2.000000 9.615000 113.480273 109.111282 2.996022 
2.000000 9.605000 113.480273 108.997802 2.996022 
2.000000 9.595000 113.480273 108.884321 2.996022 
2.000000 9.585000 113.480273 108.770841 2.996022 
2.000000 9.575000 113.480273 108.657361 2.996022 
2.000000 9.565000 113.480273 108.543881 2.996022 
2.000000 9.555000 113.480273 108.430400 2.996022 
2.000000 9.545000 113.480273 108.316920 2.996022 
2.000000 9.535000 113.480273 108.203440 2.996022 
2.000000 9.525000 113.480273 108.089960 2.996022 
2.000000 9.515000 113.480273 107.976479 2.996022 
2.000000 9.505000 113.480273 107.862999 2.996022 
2.000000 9.495000 113.480273 107.749519 2.996022 
2.000000 9.485000 113.480273 107.636038 2.996022 
2.000000 9.475000 113.480273 107.522558 2.996022 
2.000000 9.465000 113.480273 107.409078 2.996022 
2.000000 9.455000 113.480273 107.295598 2.996022 
2.000000 9.445000 113.480273 107.182117 2.996022 
2.000000 9.435000 113.480273 107.068637 2.996022 
2.000000 9.425000 113.480273 106.955157 2.996022 
2.000000 9.415000 113.480273 106.841677 2.996022 
2.000000 9.405000 113.480273 106.728196 2.996022 
2.000000 9.395000 113.480273 106.614716 2.996022 
2.000000 9.385000 113.480273 106.501236 2.996022 
2.000000 9.375000 113.480273 106.387755 2.996022 
2.000000 9.365000 113.480273 106.274275 2.996022 
2.000000 9.355000 113.480273 106.160795 2.996022 
2.000000 9.345000 113.480273 106.047315 2.996022 
2.000000 9.335000 113.480273 105.933834 2.996022 
2.000000 9.325000 113.480273 105.820354 2.996022 
2.000000 9.315000 113.480273 105.706874 2.996022 
2.000000 9.305000 113.480273 105.593394 2.996022 
2.000000 9.295000 113.480273 105.479913 2.996022 
2.000000 9.285000 113.480273 105.366433 2.996022 
2.000000 9.275000 113.480273 105.252953 2.996022 
2.000000 9.265000 113.480273 105.139472 2.996022 
2.000000 9.255000 113.480273 105.025992 2.996022 
2.000000 9.245000 113.480273 104.912512 2.996022 
2.000000 9.235000 113.480273 104.799032 2.996022 
2.000000 9.225000 113.480273 104.685551 2.996022 
2.000000 9.215000 113.480273 104.572071 2.996022 
2.000000 9.205000 113.480273 104.458591 2.996022 
2.000000 9.195000 113.480273 104.345111 2.996022 
2.000000 9.185000 113.480273 104.231630 2.996022 
2.000000 9.175000 113.480273 104.118150 2.996022 
2.000000 9.165000 113.480273 104.004670 2.996022 
2.000000 9.155000 113.480273 103.891189 2.996022 
2.000000 9.145000 113.480273 103.777709 2.996022 
2.000000 9.135000 113.480273 103.664229 2.996022 
2.000000 9.125000 113.480273 103.550749 2.996022 
2.000000 9.115000 113.480273 103.437268 2.996022 
2.000000 9.105000 113.480273 103.323788 2.996022 
2.000000 9.095000 113.480273 103.210308 2.996022 
2.000000 9.085000 113.480273 103.096828 2.996022 
2.000000 9.075000 113.480273 102.983347 2.996022 
2.000000 9.065000 113.480273 102.869867 2.996022 
2.000000 9.055000 113.480273 102.756387 2.996022 
2.000000 9.045000 113.480273 102.642906 2.996022 
2.000000 9.035000 113.480273 102.529426 2.996022 
2.000000 9.025000 113.480273 102.415946 2.996022 
2.000000 9.015000 113.480273 102.302466 2.996022 
2.000000 9.005000 113.480273 102.188985 2.996022 
2.000000 8.995000 113.480273 102.075505 2.996022 
2.000000 8.985000 113.480273 101.962025 2.996022 
2.000000 8.975000 113.480273 101.848545 2.996022 
2.000000 8.965000 113.480273 101.735064 2.996022 
2.000000 8.955000 113.480273 101.621584 2.996022 
2.000000 8.945000 113.480273 101.508104 2.996022 
2.000000 8.935000 113.480273 101.394623 2.996022 
2.000000 8.925000 113.480273 101.281143 2.996022 
2.000000 8.915000 113.480273 101.167663 2.996022 
2.000000 8.905000 113.480273 101.054183 2.996022 
2.000000 8.895000 113.480273 100.940702 2.996022 
2.000000 8.885000 113.480273 100.827222 2.996022 
2.000000 8.875000 113.480273 100.713742 2.996022 
2.000000 8.865000 113.480273 100.600262 2.996022 
2.000000 8.855000 113.480273 100.486781 2.996022 
2.000000 8.845000 113.480273 100.373301 2.996022 
2.000000 8.835000 113.480273 100.259821 2.996022 
2.000000 8.825000 113.480273 100.146340 2.996022 
2.000000 8.815000 113.480273 100.032860 2.996022 
2.000000 8.805000 113.480273 99.919380 2.996022 
2.000000 8.795000 113.480273 99.805900 2.996022 
2.000000 8.785000 113.480273 99.692419 2.996022 
2.000000 8.775000 113.480273 99.578939 2.996022 
2.000000 8.765000 113.480273 99.465459 2.996022 
2.000000 8.755000 113.480273 99.351979 2.996022 
2.000000 8.745000 113.480273 99.238498 2.996022 
2.000000 8.735000 113.480273 99.125018 2.996022 
2.000000 8.725000 113.480273 99.011538 2.996022 
2.000000 8.715000 113.480273 98.898057 2.996022 
2.000000 8.705000 113.480273 98.784577 2.996022 
2.000000 8.695000 113.480273 98.671097 2.996022 
2.000000 8.685000 113.480273 98.557617 2.996022 
2.000000 8.675000 113.480273 98.444136 2.996022 
2.000000 8.665000 113.480273 98.330656 2.996022 
2.000000 8.655000 113.480273 98.217176 2.996022 
2.000000 8.645000 113.480273 98.103696 2.996022 
2.000000 8.635000 113.480273 97.990215 2.996022 
2.000000 8.625000 113.480273 97.876735 2.996022 
2.000000 8.615000 113.480273 97.763255 2.996022 
2.000000 8.605000 113.480273 97.649774 2.996022 
2.000000 8.595000 113.480273 97.536294 2.996022 
2.000000 8.585000 113.480273 97.422814 2.996022 
2.000000 8.575000 113.480273 97.309334 2.996022 
2.000000 8.565000 113.480273 97.195853 2.996022 
2.000000 8.555000 113.480273 97.082373 2.996022 
2.000000 8.545000 113.480273 96.968893 2.996022 
2.000000 8.535000 113.480273 96.855413 2.996022 
2.000000 8.525000 113.480273 96.741932 2.996022 
2.000000 8.515000 113.480273 96.628452 2.996022 
2.000000 8.505000 113.480273 96.514972 2.996022 
2.000000 8.495000 113.480273 96.401491 2.996022 
2.000000 8.485000 113.480273 96.288011 2.996022 
2.000000 8.475000 113.480273 96.174531 2.996022 
2.000000 8.465000 113.480273 96.061051 2.996022 
2.000000 8.455000 113.480273 95.947570 2.996022 
2.000000 8.445000 113.480273 95.834090 2.996022 
2.000000 8.435000 113.480273 95.720610 2.996022 
2.000000 8.425000 113.480273 95.607130 2.996022 
2.000000 8.415000 113.480273 95.493649 2.996022 
2.000000 8.405000 113.480273 95.380169 2.996022 
2.000000 8.395000 113.480273 95.266689 2.996022 
2.000000 8.385000 113.480273 95.153208 2.996022 
2.000000 8.375000 113.480273 95.039728 2.996022 
2.000000 8.365000 113.480273 94.926248 2.996022 
2.000000 8.355000 113.480273 94.812768 2.996022 
2.000000 8.345000 113.480273 94.699287 2.996022 
2.000000 8.335000 113.480273 94.585807 2.996022 
2.000000 8.325000 113.480273 94.472327 2.996022 
2.000000 8.315000 113.480273 94.358847 2.996022 
2.000000 8.305000 113.480273 94.245366 2.996022 
2.000000 8.295000 113.480273 94.131886 2.996022 
2.000000 8.285000 113.480273 94.018406 2.996022 
2.000000 8.275000 113.480273 93.904925 2.996022 
2.000000 8.265000 113.480273 93.791445 2.996022 
2.000000 8.255000 113.480273 93.677965 2.996022 
2.000000 8.245000 113.480273 93.564485 2.996022 
2.000000 8.235000 113.480273 93.451004 2.996022 
2.000000 8.225000 113.480273 93.337524 2.996022 
2.000000 8.215000 113.480273 93.224044 2.996022 
2.000000 8.205000 113.480273 93.110564 2.996022 
2.000000 8.195000 113.480273 92.997083 2.996022 
2.000000 8.185000 113.480273 92.883603 2.996022 
2.000000 8.175000 113.480273 92.770123 2.996022 
2.000000 8.165000 113.480273 92.656642 2.996022 
2.000000 8.155000 113.480273 92.543162 2.996022 
2.000000 8.145000 113.480273 92.429682 2.996022 
2.000000 8.135000 113.480273 92.316202 2.996022 
2.000000 8.125000 113.480273 92.202721 2.996022 
2.000000 8.115000 113.480273 92.089241 2.996022 
2.000000 8.105000 113.480273 91.975761 2.996022 
2.000000 8.095000 113.480273 91.862281 2.996022 
2.000000 8.085000 113.480273 91.748800 2.996022 
2.000000 8.075000 113.480273 91.635320 2.996022 
2.000000 8.065000 113.480273 91.521840 2.996022 
2.000000 8.055000 113.480273 91.408359 2.996022 
2.000000 8.045000 113.480273 91.294879 2.996022 
2.000000 8.035000 113.480273 91.181399 2.996022 
2.000000 8.025000 113.480273 91.067919 2.996022 
2.000000 8.015000 113.480273 90.954438 2.996022 
2.000000 8.005000 113.480273 90.840958 2.996022 
2.000000 7.995000 113.480273 90.727478 2.996022 
2.000000 7.985000 113.480273 90.613998 2.996022 
2.000000 7.975000 113.480273 90.500517 2.996022 
2.000000 7.965000 113.480273 90.387037 2.996022 
2.000000 7.955000 113.480273 90.273557 2.996022 
2.000000 7.945000 113.480273 90.160077 2.996022 
2.000000 7.935000 113.480273 90.046596 2.996022 
2.000000 7.925000 113.480273 89.933116 2.996022 
2.000000 7.915000 113.480273 89.819636 2.996022 
2.000000 7.905000 113.480273 89.706155 2.996022 
2.000000 7.895000 113.480273 89.592675 2.996022 
2.000000 7.885000 113.480273 89.479195 2.996022 
2.000000 7.875000 113.480273 89.365715 2.996022 
2.000000 7.865000 113.480273 89.252234 2.996022 
2.000000 7.855000 113.480273 89.138754 2.996022 
2.000000 7.845000 113.480273 89.025274 2.996022 
2.000000 7.835000 113.480273 88.911794 2.996022 
2.000000 7.825000 113.480273 88.798313 2.996022 
2.000000 7.815000 113.480273 88.684833 2.996022 
2.000000 7.805000 113.480273 88.571353 2.996022 
2.000000 7.795000 113.480273 88.457872 2.996022 
2.000000 7.785000 113.480273 88.344392 2.996022 
2.000000 7.775000 113.480273 88.230912 2.996022 
2.000000 7.765000 113.480273 88.117432 2.996022 
2.000000 7.755000 113.480273 88.003951 2.996022 
2.000000 7.745000 113.480273 87.890471 2.996022 
2.000000 7.735000 113.480273 87.776991 2.996022 
2.000000 7.725000 113.480273 87.663511 2.996022 
2.000000 7.715000 113.480273 87.550030 2.996022 
2.000000 7.705000 113.480273 87.436550 2.996022 
2.000000 7.695000 113.480273 87.323070 2.996022 
2.000000 7.685000 113.480273 87.209589 2.996022 
2.000000 7.675000 113.480273 87.096109 2.996022 
2.000000 7.665000 113.480273 86.982629 2.996022 
2.000000 7.655000 113.480273 86.869149 2.996022 
2.000000 7.645000 113.480273 86.755668 2.996022 
2.000000 7.635000 113.480273 86.642188 2.996022 
2.000000 7.625000 113.480273 86.528708 2.996022 
2.000000 7.615000 113.480273 86.415228 2.996022 
2.000000 7.605000 113.480273 86.301747 2.996022 
2.000000 7.595000 113.480273 86.188267 2.996022 
2.000000 7.585000 113.480273 86.074787 2.996022 
2.000000 7.575000 113.480273 85.961306 2.996022 
2.000000 7.565000 113.480273 85.847826 2.996022 
2.000000 7.555000 113.480273 85.734346 2.996022 
2.000000 7.545000 113.480273 85.620866 2.996022 
2.000000 7.535000 113.480273 85.507385 2.996022 
2.000000 7.525000 113.480273 85.393905 2.996022 
2.000000 7.515000 113.480273 85.280425 2.996022 
2.000000 7.505000 113.480273 85.166945 2.996022 
2.000000 7.495000 113.480273 85.053464 2.996022 
2.000000 7.485000 113.480273 84.939984 2.996022 
2.000000 7.475000 113.480273 84.826504 2.996022 
2.000000 7.465000 113.480273 84.713023 2.996022 
2.000000 7.455000 113.480273 84.599543 2.996022 
2.000000 7.445000 113.480273 84.486063 2.996022 
2.000000 7.435000 113.480273 84.372583 2.996022 
2.000000 7.425000 113.480273 84.259102 2.996022 
2.000000 7.415000 113.480273 84.145622 2.996022 
2.000000 7.405000 113.480273 84.032142 2.996022 
2.000000 7.395000 113.480273 83.918662 2.996022 
2.000000 7.385000 113.480273 83.805181 2.996022 
2.000000 7.375000 113.480273 83.691701 2.996022 
2.000000 7.365000 113.480273 83.578221 2.996022 
2.000000 7.355000 113.480273 83.464740 2.996022 
2.000000 7.345000 113.480273 83.351260 2.996022 
2.000000 7.335000 113.480273 83.237780 2.996022 
2.000000 7.325000 113.480273 83.124300 2.996022 
2.000000 7.315000 113.480273 83.010819 2.996022 
2.000000 7.305000 113.480273 82.897339 2.996022 
2.000000 7.295000 113.480273 82.783859 2.996022 
2.000000 7.285000 113.480273 82.670379 2.996022 
2.000000 7.275000 113.480273 82.556898 2.996022 
2.000000 7.265000 113.480273 82.443418 2.996022 
2.000000 7.255000 113.480273 82.329938 2.996022 
2.000000 7.245000 113.480273 82.216457 2.996022 
2.000000 7.235000 113.480273 82.102977 2.996022 
2.000000 7.225000 113.480273 81.989497 2.996022 
2.000000 7.215000 113.480273 81.876017 2.996022 
2.000000 7.205000 113.480273 81.762536 2.996022 
2.000000 7.195000 113.480273 81.649056 2.996022 
2.000000 7.185000 113.480273 81.535576 2.996022 
2.000000 7.175000 113.480273 81.422096 2.996022 
2.000000 7.165000 113.480273 81.308615 2.996022 
2.000000 7.155000 113.480273 81.195135 2.996022 
2.000000 7.145000 113.480273 81.081655 2.996022 
2.000000 7.135000 113.480273 80.968174 2.996022 
2.000000 7.125000 113.480273 80.854694 2.996022 
2.000000 7.115000 113.480273 80.741214 2.996022 
2.000000 7.105000 113.480273 80.627734 2.996022 
2.000000 7.095000 113.480273 80.514253 2.996022 
2.000000 7.085000 113.480273 80.400773 2.996022 
2.000000 7.075000 113.480273 80.287293 2.996022 
2.000000 7.065000 113.480273 80.173813 2.996022 
2.000000 7.055000 113.480273 80.060332 2.996022 
2.000000 7.045000 113.480273 79.946852 2.996022 
2.000000 7.035000 113.480273 79.833372 2.996022 
2.000000 7.025000 113.480273 79.719891 2.996022 
2.000000 7.015000 113.480273 79.606411 2.996022 
2.000000 7.005000 113.480273 79.492931 2.996022 
2.000000 6.995000 113.480273 79.379451 2.996022 
2.000000 6.985000 113.480273 79.265970 2.996022 
2.000000 6.975000 113.480273 79.152490 2.996022 
2.000000 6.965000 113.480273 79.039010 2.996022 
2.000000 6.955000 113.480273 78.925530 2.996022 
2.000000 6.945000 113.480273 78.812049 2.996022 
2.000000 6.935000 113.480273 78.698569 2.996022 
2.000000 6.925000 113.480273 78.585089 2.996022 
2.000000 6.915000 113.480273 78.471608 2.996022 
2.000000 6.905000 113.480273 78.358128 2.996022 
2.000000 6.895000 113.480273 78.244648 2.996022 
2.000000 6.885000 113.480273 78.131168 2.996022 
2.000000 6.875000 113.480273 78.017687 2.996022 
2.000000 6.865000 113.480273 77.904207 2.996022 
2.000000 6.855000 113.480273 77.790727 2.996022 
2.000000 6.845000 113.480273 77.677247 2.996022 
2.000000 6.835000 113.480273 77.563766 2.996022 
2.000000 6.825000 113.480273 77.450286 2.996022 
2.000000 6.815000 113.480273 77.336806 2.996022 
2.000000 6.805000 113.480273 77.223325 2.996022 
2.000000 6.795000 113.480273 77.109845 2.996022 
2.000000 6.785000 113.480273 76.996365 2.996022 
2.000000 6.775000 113.480273 76.882885 2.996022 
2.000000 6.765000 113.480273 76.769404 2.996022 
2.000000 6.755000 113.480273 76.655924 2.996022 
2.000000 6.745000 113.480273 76.542444 2.996022 
2.000000 6.735000 113.480273 76.428964 2.996022 
2.000000 6.725000 113.480273 76.315483 2.996022 
2.000000 6.715000 113.480273 76.202003 2.996022 
2.000000 6.705000 113.480273 76.088523 2.996022 
2.000000 6.695000 113.480273 75.975042 2.996022 
2.000000 6.685000 113.480273 75.861562 2.996022 
2.000000 6.675000 113.480273 75.748082 2.996022 
2.000000 6.665000 113.480273 75.634602 2.996022 
2.000000 6.655000 113.480273 75.521121 2.996022 
2.000000 6.645000 113.480273 75.407641 2.996022 
2.000000 6.635000 113.480273 75.294161 2.996022 
2.000000 6.625000 113.480273 75.180681 2.996022 
2.000000 6.615000 113.480273 75.067200 2.996022 
2.000000 6.605000 113.480273 74.953720 2.996022 
2.000000 6.595000 113.480273 74.840240 2.996022 
2.000000 6.585000 113.480273 74.726759 2.996022 
2.000000 6.575000 113.480273 74.613279 2.996022 
2.000000 6.565000 113.480273 74.499799 2.996022 
2.000000 6.555000 113.480273 74.386319 2.996022 
2.000000 6.545000 113.480273 74.272838 2.996022 
2.000000 6.535000 113.480273 74.159358 2.996022 
2.000000 6.525000 113.480273 74.045878 2.996022 
2.000000 6.515000 113.480273 73.932398 2.996022 
2.000000 6.505000 113.480273 73.818917 2.996022 
2.000000 6.495000 113.480273 73.705437 2.996022 
2.000000 6.485000 113.480273 73.591957 2.996022 
2.000000 6.475000 113.480273 73.478476 2.996022 
2.000000 6.465000 113.480273 73.364996 2.996022 
2.000000 6.455000 113.480273 73.251516 2.996022 
2.000000 6.445000 113.480273 73.138036 2.996022 
2.000000 6.435000 113.480273 73.024555 2.996022 
2.000000 6.425000 113.480273 72.911075 2.996022 
2.000000 6.415000 113.480273 72.797595 2.996022 
2.000000 6.405000 113.480273 72.684115 2.996022 
2.000000 6.395000 113.480273 72.570634 2.996022 
2.000000 6.385000 113.480273 72.457154 2.996022 
2.000000 6.375000 113.480273 72.343674 2.996022 
2.000000 6.365000 113.480273 72.230193 2.996022 
2.000000 6.355000 113.480273 72.116713 2.996022 
2.000000 6.345000 113.480273 72.003233 2.996022 
2.000000 6.335000 113.480273 71.889753 2.996022 
2.000000 6.325000 113.480273 71.776272 2.996022 
2.000000 6.315000 113.480273 71.662792 2.996022 
2.000000 6.305000 113.480273 71.549312 2.996022 
2.000000 6.295000 113.480273 71.435832 2.996022 
2.000000 6.285000 113.480273 71.322351 2.996022 
2.000000 6.275000 113.480273 71.208871 2.996022 
2.000000 6.265000 113.480273 71.095391 2.996022 
2.000000 6.255000 113.480273 70.981910 2.996022 
2.000000 6.245000 113.480273 70.868430 2.996022 
2.000000 6.235000 113.480273 70.754950 2.996022 
2.000000 6.225000 113.480273 70.641470 2.996022 
2.000000 6.215000 113.480273 70.527989 2.996022 
2.000000 6.205000 113.480273 70.414509 2.996022 
2.000000 6.195000 113.480273 70.301029 2.996022 
2.000000 6.185000 113.480273 70.187549 2.996022 
2.000000 6.175000 113.480273 70.074068 2.996022 
2.000000 6.165000 113.480273 69.960588 2.996022 
2.000000 6.155000 113.480273 69.847108 2.996022 
2.000000 6.145000 113.480273 69.733627 2.996022 
2.000000 6.135000 113.480273 69.620147 2.996022 
2.000000 6.125000 113.480273 69.506667 2.996022 
2.000000 6.115000 113.480273 69.393187 2.996022 
2.000000 6.105000 113.480273 69.279706 2.996022 
2.000000 6.095000 113.480273 69.166226 2.996022 
2.000000 6.085000 113.480273 69.052746 2.996022 
2.000000 6.075000 113.480273 68.939266 2.996022 
2.000000 6.065000 113.480273 68.825785 2.996022 
2.000000 6.055000 113.480273 68.712305 2.996022 
2.000000 6.045000 113.480273 68.598825 2.996022 
2.000000 6.035000 113.480273 68.485344 2.996022 
2.000000 6.025000 113.480273 68.371864 2.996022 
2.000000 6.015000 113.480273 68.258384 2.996022 
2.000000 6.005000 113.480273 68.144904 2.996022 
2.000000 5.995000 113.480273 68.031423 2.996022 
2.000000 5.985000 113.480273 67.917943 2.996022 
2.000000 5.975000 113.480273 67.804463 2.996022 
2.000000 5.965000 113.480273 67.690983 2.996022 
2.000000 5.955000 113.480273 67.577502 2.996022 
2.000000 5.945000 113.480273 67.464022 2.996022 
2.000000 5.935000 113.480273 67.350542 2.996022 
2.000000 5.925000 113.480273 67.237061 2.996022 
2.000000 5.915000 113.480273 67.123581 2.996022 
2.000000 5.905000 113.480273 67.010101 2.996022 
2.000000 5.895000 113.480273 66.896621 2.996022 
2.000000 5.885000 113.480273 66.783140 2.996022 
2.000000 5.875000 113.480273 66.669660 2.996022 
2.000000 5.865000 113.480273 66.556180 2.996022 
2.000000 5.855000 113.480273 66.442700 2.996022 
2.000000 5.845000 113.480273 66.329219 2.996022 
2.000000 5.835000 113.480273 66.215739 2.996022 
2.000000 5.825000 113.480273 66.102259 2.996022 
2.000000 5.815000 113.480273 65.988778 2.996022 
2.000000 5.805000 113.480273 65.875298 2.996022 
2.000000 5.795000 113.480273 65.761818 2.996022 
2.000000 5.785000 113.480273 65.648338 2.996022 
2.000000 5.775000 113.480273 65.534857 2.996022 
2.000000 5.765000 113.480273 65.421377 2.996022 
2.000000 5.755000 113.480273 65.307897 2.996022 
2.000000 5.745000 113.480273 65.194417 2.996022 
2.000000 5.735000 113.480273 65.080936 2.996022 
2.000000 5.725000 113.480273 64.967456 2.996022 
2.000000 5.715000 113.480273 64.853976 2.996022 
2.000000 5.705000 113.480273 64.740495 2.996022 
2.000000 5.695000 113.480273 64.627015 2.996022 
2.000000 5.685000 113.480273 64.513535 2.996022 
2.000000 5.675000 113.480273 64.400055 2.996022 
2.000000 5.665000 113.480273 64.286574 2.996022 
2.000000 5.655000 113.480273 64.173094 2.996022 
2.000000 5.645000 113.480273 64.059614 2.996022 
2.000000 5.635000 113.480273 63.946134 2.996022 
2.000000 5.625000 113.480273 63.832653 2.996022 
2.000000 5.615000 113.480273 63.719173 2.996022 
2.000000 5.605000 113.480273 63.605693 2.996022 
2.000000 5.595000 113.480273 63.492212 2.996022 
2.000000 5.585000 113.480273 63.378732 2.996022 
2.000000 5.575000 113.480273 63.265252 2.996022 
2.000000 5.565000 113.480273 63.151772 2.996022 
2.000000 5.555000 113.480273 63.038291 2.996022 
2.000000 5.545000 113.480273 62.924811 2.996022 
2.000000 5.535000 113.480273 62.811331 2.996022 
2.000000 5.525000 113.480273 62.697851 2.996022 
2.000000 5.515000 113.480273 62.584370 2.996022 
2.000000 5.505000 113.480273 62.470890 2.996022 
2.000000 5.495000 113.480273 62.357410 2.996022 
2.000000 5.485000 113.480273 62.243929 2.996022 
2.000000 5.475000 113.480273 62.130449 2.996022 
2.000000 5.465000 113.480273 62.016969 2.996022 
2.000000 5.455000 113.480273 61.903489 2.996022 
2.000000 5.445000 113.480273 61.790008 2.996022 
2.000000 5.435000 113.480273 61.676528 2.996022 
2.000000 5.425000 113.480273 61.563048 2.996022 
2.000000 5.415000 113.480273 61.449568 2.996022 
2.000000 5.405000 113.480273 61.336087 2.996022 
2.000000 5.395000 113.480273 61.222607 2.996022 
2.000000 5.385000 113.480273 61.109127 2.996022 
2.000000 5.375000 113.480273 60.995646 2.996022 
2.000000 5.365000 113.480273 60.882166 2.996022 
2.000000 5.355000 113.480273 60.768686 2.996022 
2.000000 5.345000 113.480273 60.655206 2.996022 
2.000000 5.335000 113.480273 60.541725 2.996022 
2.000000 5.325000 113.480273 60.428245 2.996022 
2.000000 5.315000 113.480273 60.314765 2.996022 
2.000000 5.305000 113.480273 60.201285 2.996022 
2.000000 5.295000 113.480273 60.087804 2.996022 
2.000000 5.285000 113.480273 59.974324 2.996022 
2.000000 5.275000 113.480273 59.860844 2.996022 
2.000000 5.265000 113.480273 59.747363 2.996022 
2.000000 5.255000 113.480273 59.633883 2.996022 
2.000000 5.245000 113.480273 59.520403 2.996022 
2.000000 5.235000 113.480273 59.406923 2.996022 
2.000000 5.225000 113.480273 59.293442 2.996022 
2.000000 5.215000 113.480273 59.179962 2.996022 
2.000000 5.205000 113.480273 59.066482 2.996022 
2.000000 5.195000 113.480273 58.953002 2.996022 
2.000000 5.185000 113.480273 58.839521 2.996022 
2.000000 5.175000 113.480273 58.726041 2.996022 
2.000000 5.165000 113.480273 58.612561 2.996022 
2.000000 5.155000 113.480273 58.499080 2.996022 
2.000000 5.145000 113.480273 58.385600 2.996022 
2.000000 5.135000 113.480273 58.272120 2.996022 
2.000000 5.125000 113.480273 58.158640 2.996022 
2.000000 5.115000 113.480273 58.045159 2.996022 
2.000000 5.105000 113.480273 57.931679 2.996022 
2.000000 5.095000 113.480273 57.818199 2.996022 
2.000000 5.085000 113.480273 57.704719 2.996022 
2.000000 5.075000 113.480273 57.591238 2.996022 
2.000000 5.065000 113.480273 57.477758 2.996022 
2.000000 5.055000 113.480273 57.364278 2.996022 
2.000000 5.045000 113.480273 57.250797 2.996022 
2.000000 5.035000 113.480273 57.137317 2.996022 
2.000000 5.025000 113.480273 57.023837 2.996022 
2.000000 5.015000 113.480273 56.910357 2.996022 
2.000000 5.005000 113.480273 56.796876 2.996022 
2.000000 4.995000 113.480273 56.683396 2.996022 
2.000000 4.985000 113.480273 56.569916 2.996022 
2.000000 4.975000 113.480273 56.456436 2.996022 
2.000000 4.965000 113.480273 56.342955 2.996022 
2.000000 4.955000 113.480273 56.229475 2.996022 
2.000000 4.945000 113.480273 56.115995 2.996022 
2.000000 4.935000 113.480273 56.002514 2.996022 
2.000000 4.925000 113.480273 55.889034 2.996022 
2.000000 4.915000 113.480273 55.775554 2.996022 
2.000000 4.905000 113.480273 55.662074 2.996022 
2.000000 4.895000 113.480273 55.548593 2.996022 
2.000000 4.885000 113.480273 55.435113 2.996022 
2.000000 4.875000 113.480273 55.321633 2.996022 
2.000000 4.865000 113.480273 55.208153 2.996022 
2.000000 4.855000 113.480273 55.094672 2.996022 
2.000000 4.845000 113.480273 54.981192 2.996022 
2.000000 4.835000 113.480273 54.867712 2.996022 
2.000000 4.825000 113.480273 54.754231 2.996022 
2.000000 4.815000 113.480273 54.640751 2.996022 
2.000000 4.805000 113.480273 54.527271 2.996022 
2.000000 4.795000 113.480273 54.413791 2.996022 
2.000000 4.785000 113.480273 54.300310 2.996022 
2.000000 4.775000 113.480273 54.186830 2.996022 
2.000000 4.765000 113.480273 54.073350 2.996022 
2.000000 4.755000 113.480273 53.959870 2.996022 
2.000000 4.745000 113.480273 53.846389 2.996022 
2.000000 4.735000 113.480273 53.732909 2.996022 
2.000000 4.725000 113.480273 53.619429 2.996022 
2.000000 4.715000 113.480273 53.505948 2.996022 
2.000000 4.705000 113.480273 53.392468 2.996022 
2.000000 4.695000 113.480273 53.278988 2.996022 
2.000000 4.685000 113.480273 53.165508 2.996022 
2.000000 4.675000 113.480273 53.052027 2.996022 
2.000000 4.665000 113.480273 52.938547 2.996022 
2.000000 4.655000 113.480273 52.825067 2.996022 
2.000000 4.645000 113.480273 52.711587 2.996022 
2.000000 4.635000 113.480273 52.598106 2.996022 
2.000000 4.625000 113.480273 52.484626 2.996022 
2.000000 4.615000 113.480273 52.371146 2.996022 
2.000000 4.605000 113.480273 52.257665 2.996022 
2.000000 4.595000 113.480273 52.144185 2.996022 
2.000000 4.585000 113.480273 52.030705 2.996022 
2.000000 4.575000 113.480273 51.917225 2.996022 
2.000000 4.565000 113.480273 51.803744 2.996022 
2.000000 4.555000 113.480273 51.690264 2.996022 
2.000000 4.545000 113.480273 51.576784 2.996022 
2.000000 4.535000 113.480273 51.463304 2.996022 
2.000000 4.525000 113.480273 51.349823 2.996022 
2.000000 4.515000 113.480273 51.236343 2.996022 
2.000000 4.505000 113.480273 51.122863 2.996022 
2.000000 4.495000 113.480273 51.009382 2.996022 
2.000000 4.485000 113.480273 50.895902 2.996022 
2.000000 4.475000 113.480273 50.782422 2.996022 
2.000000 4.465000 113.480273 50.668942 2.996022 
2.000000 4.455000 113.480273 50.555461 2.996022 
2.000000 4.445000 113.480273 50.441981 2.996022 
2.000000 4.435000 113.480273 50.328501 2.996022 
2.000000 4.425000 113.480273 50.215021 2.996022 
2.000000 4.415000 113.480273 50.101540 2.996022 
2.000000 4.405000 113.480273 49.988060 2.996022 
2.000000 4.395000 113.480273 49.874580 2.996022 
2.000000 4.385000 113.480273 49.761099 2.996022 
2.000000 4.375000 113.480273 49.647619 2.996022 
2.000000 4.365000 113.480273 49.534139 2.996022 
2.000000 4.355000 113.480273 49.420659 2.996022 
2.000000 4.345000 113.480273 49.307178 2.996022 
2.000000 4.335000 113.480273 49.193698 2.996022 
2.000000 4.325000 113.480273 49.080218 2.996022 
2.000000 4.315000 113.480273 48.966738 2.996022 
2.000000 4.305000 113.480273 48.853257 2.996022 
2.000000 4.295000 113.480273 48.739777 2.996022 
2.000000 4.285000 113.480273 48.626297 2.996022 
2.000000 4.275000 113.480273 48.512816 2.996022 
2.000000 4.265000 113.480273 48.399336 2.996022 
2.000000 4.255000 113.480273 48.285856 2.996022 
2.000000 4.245000 113.480273 48.172376 2.996022 
2.000000 4.235000 113.480273 48.058895 2.996022 
2.000000 4.225000 113.480273 47.945415 2.996022 
2.000000 4.215000 113.480273 47.831935 2.996022 
2.000000 4.205000 113.480273 47.718455 2.996022 
2.000000 4.195000 113.480273 47.604974 2.996022 
2.000000 4.185000 113.480273 47.491494 2.996022 
2.000000 4.175000 113.480273 47.378014 2.996022 
2.000000 4.165000 113.480273 47.264533 2.996022 
2.000000 4.155000 113.480273 47.151053 2.996022 
2.000000 4.145000 113.480273 47.037573 2.996022 
2.000000 4.135000 113.480273 46.924093 2.996022 
2.000000 4.125000 113.480273 46.810612 2.996022 
2.000000 4.115000 113.480273 46.697132 2.996022 
2.000000 4.105000 113.480273 46.583652 2.996022 
2.000000 4.095000 113.480273 46.470172 2.996022 
2.000000 4.085000 113.480273 46.356691 2.996022 
2.000000 4.075000 113.480273 46.243211 2.996022 
2.000000 4.065000 113.480273 46.129731 2.996022 
2.000000 4.055000 113.480273 46.016250 2.996022 
2.000000 4.045000 113.480273 45.902770 2.996022 
2.000000 4.035000 113.480273 45.789290 2.996022 
2.000000 4.025000 113.480273 45.675810 2.996022 
2.000000 4.015000 113.480273 45.562329 2.996022 
2.000000 4.005000 113.480273 45.448849 2.996022 
2.000000 3.995000 113.480273 45.335369 2.996022 
2.000000 3.985000 113.480273 45.221889 2.996022 
2.000000 3.975000 113.480273 45.108408 2.996022 
2.000000 3.965000 113.480273 44.994928 2.996022 
2.000000 3.955000 113.480273 44.881448 2.996022 
2.000000 3.945000 113.480273 44.767968 2.996022 
2.000000 3.935000 113.480273 44.654487 2.996022 
2.000000 3.925000 113.480273 44.541007 2.996022 
2.000000 3.915000 113.480273 44.427527 2.996022 
2.000000 3.905000 113.480273 44.314046 2.996022 
2.000000 3.895000 113.480273 44.200566 2.996022 
2.000000 3.885000 113.480273 44.087086 2.996022 
2.000000 3.875000 113.480273 43.973606 2.996022 
2.000000 3.865000 113.480273 43.860125 2.996022 
2.000000 3.855000 113.480273 43.746645 2.996022 
2.000000 3.845000 113.480273 43.633165 2.996022 
2.000000 3.835000 113.480273 43.519685 2.996022 
2.000000 3.825000 113.480273 43.406204 2.996022 
2.000000 3.815000 113.480273 43.292724 2.996022 
2.000000 3.805000 113.480273 43.179244 2.996022 
2.000000 3.795000 113.480273 43.065763 2.996022 
2.000000 3.785000 113.480273 42.952283 2.996022 
2.000000 3.775000 113.480273 42.838803 2.996022 
2.000000 3.765000 113.480273 42.725323 2.996022 
2.000000 3.755000 113.480273 42.611842 2.996022 
2.000000 3.745000 113.480273 42.498362 2.996022 
2.000000 3.735000 113.480273 42.384882 2.996022 
2.000000 3.725000 113.480273 42.271402 2.996022 
2.000000 3.715000 113.480273 42.157921 2.996022 
2.000000 3.705000 113.480273 42.044441 2.996022 
2.000000 3.695000 113.480273 41.930961 2.996022 
2.000000 3.685000 113.480273 41.817480 2.996022 
2.000000 3.675000 113.480273 41.704000 2.996022 
2.000000 3.665000 113.480273 41.590520 2.996022 
2.000000 3.655000 113.480273 41.477040 2.996022 
2.000000 3.645000 113.480273 41.363559 2.996022 
2.000000 3.635000 113.480273 41.250079 2.996022 
2.000000 3.625000 113.480273 41.136599 2.996022 
2.000000 3.615000 113.480273 41.023119 2.996022 
2.000000 3.605000 113.480273 40.909638 2.996022 
2.000000 3.595000 113.480273 40.796158 2.996022 
2.000000 3.585000 113.480273 40.682678 2.996022 
2.000000 3.575000 113.480273 40.569197 2.996022 
2.000000 3.565000 113.480273 40.455717 2.996022 
2.000000 3.555000 113.480273 40.342237 2.996022 
2.000000 3.545000 113.480273 40.228757 2.996022 
2.000000 3.535000 113.480273 40.115276 2.996022 
2.000000 3.525000 113.480273 40.001796 2.996022 
2.000000 3.515000 113.480273 39.888316 2.996022 
2.000000 3.505000 113.480273 39.774836 2.996022 
2.000000 3.495000 113.480273 39.661355 2.996022 
2.000000 3.485000 113.480273 39.547875 2.996022 
2.000000 3.475000 113.480273 39.434395 2.996022 
2.000000 3.465000 113.480273 39.320914 2.996022 
2.000000 3.455000 113.480273 39.207434 2.996022 
2.000000 3.445000 113.480273 39.093954 2.996022 
2.000000 3.435000 113.480273 38.980474 2.996022 
2.000000 3.425000 113.480273 38.866993 2.996022 
2.000000 3.415000 113.480273 38.753513 2.996022 
2.000000 3.405000 113.480273 38.640033 2.996022 
2.000000 3.395000 113.480273 38.526553 2.996022 
2.000000 3.385000 113.480273 38.413072 2.996022 
2.000000 3.375000 113.480273 38.299592 2.996022 
2.000000 3.365000 113.480273 38.186112 2.996022 
2.000000 3.355000 113.480273 38.072631 2.996022 
2.000000 3.345000 113.480273 37.959151 2.996022 
2.000000 3.335000 113.480273 37.845671 2.996022 
2.000000 3.325000 113.480273 37.732191 2.996022 
2.000000 3.315000 113.480273 37.618710 2.996022 
2.000000 3.305000 113.480273 37.505230 2.996022 
2.000000 3.295000 113.480273 37.391750 2.996022 
2.000000 3.285000 113.480273 37.278270 2.996022 
2.000000 3.275000 113.480273 37.164789 2.996022 
2.000000 3.265000 113.480273 37.051309 2.996022 
2.000000 3.255000 113.480273 36.937829 2.996022 
2.000000 3.245000 113.480273 36.824348 2.996022 
2.000000 3.235000 113.480273 36.710868 2.996022 
2.000000 3.225000 113.480273 36.597388 2.996022 
2.000000 3.215000 113.480273 36.483908 2.996022 
2.000000 3.205000 113.480273 36.370427 2.996022 
2.000000 3.195000 113.480273 36.256947 2.996022 
2.000000 3.185000 113.480273 36.143467 2.996022 
2.000000 3.175000 113.480273 36.029987 2.996022 
2.000000 3.165000 113.480273 35.916506 2.996022 
2.000000 3.155000 113.480273 35.803026 2.996022 
2.000000 3.145000 113.480273 35.689546 2.996022 
2.000000 3.135000 113.480273 35.576065 2.996022 
2.000000 3.125000 113.480273 35.462585 2.996022 
2.000000 3.115000 113.480273 35.349105 2.996022 
2.000000 3.105000 113.480273 35.235625 2.996022 
2.000000 3.095000 113.480273 35.122144 2.996022 
2.000000 3.085000 113.480273 35.008664 2.996022 
2.000000 3.075000 113.480273 34.895184 2.996022 
2.000000 3.065000 113.480273 34.781704 2.996022 
2.000000 3.055000 113.480273 34.668223 2.996022 
2.000000 3.045000 113.480273 34.554743 2.996022 
2.000000 3.035000 113.480273 34.441263 2.996022 
2.000000 3.025000 113.480273 34.327782 2.996022 
2.000000 3.015000 113.480273 34.214302 2.996022 
2.000000 3.005000 113.480273 34.100822 2.996022 
1.998334 2.995000 113.480273 33.987342 2.993063 
1.994969 2.985000 113.480273 33.873861 2.984481 
1.989843 2.975000 113.480273 33.760381 2.971690 
1.986372 2.965000 113.480273 33.646901 2.963217 
1.982858 2.955000 113.480273 33.533421 2.954785 
1.977507 2.945000 113.480273 33.419940 2.942213 
1.973886 2.935000 113.480273 33.306460 2.933880 
1.968374 2.925000 113.480273 33.192980 2.921452 
1.964645 2.915000 113.480273 33.079499 2.913212 
1.958971 2.905000 113.480273 32.966019 2.900917 
1.955133 2.895000 113.480273 32.852539 2.892763 
1.951252 2.885000 113.480273 32.739059 2.884641 
1.945349 2.875000 113.480273 32.625578 2.872518 
1.941358 2.865000 113.480273 32.512098 2.864473 
1.935290 2.855000 113.480273 32.398618 2.852460 
1.931189 2.845000 113.480273 32.285138 2.844487 
1.924954 2.835000 113.480273 32.171657 2.832576 
1.920742 2.825000 113.480273 32.058177 2.824667 
1.914341 2.815000 113.480273 31.944697 2.812850 
1.907838 2.805000 113.480273 31.831216 2.801084 
1.903447 2.795000 113.480273 31.717736 2.793267 
1.896775 2.785000 113.480273 31.604256 2.781581 
1.892271 2.775000 113.480273 31.490776 2.773814 
1.885429 2.765000 113.480273 31.377295 2.762199 
1.880810 2.755000 113.480273 31.263815 2.754478 
1.873797 2.745000 113.480273 31.150335 2.742926 
1.866679 2.735000 113.480273 31.036855 2.731408 
1.861876 2.725000 113.480273 30.923374 2.723748 
1.854585 2.715000 113.480273 30.809894 2.712281 
1.849666 2.705000 113.480273 30.696414 2.704651 
1.842199 2.695000 113.480273 30.582933 2.693228 
1.834626 2.685000 113.480273 30.469453 2.681826 
1.829519 2.675000 113.480273 30.355973 2.674236 
1.821768 2.665000 113.480273 30.242493 2.662866 
1.813910 2.655000 113.480273 30.129012 2.651511 
1.808611 2.645000 113.480273 30.015532 2.643948 
1.800573 2.635000 113.480273 29.902052 2.632612 
1.792425 2.625000 113.480273 29.788572 2.621285 
1.786933 2.615000 113.480273 29.675091 2.613736 
1.778602 2.605000 113.480273 29.561611 2.602416 
1.772986 2.595000 113.480273 29.448131 2.594871 
1.764470 2.585000 113.480273 29.334650 2.583551 
1.755842 2.575000 113.480273 29.221170 2.572229 
1.750028 2.565000 113.480273 29.107690 2.564678 
1.741212 2.555000 113.480273 28.994210 2.553344 
1.732282 2.545000 113.480273 28.880729 2.542001 
1.726265 2.535000 113.480273 28.767249 2.534431 
1.717144 2.525000 113.480273 28.653769 2.523065 
1.707906 2.515000 113.480273 28.540289 2.511682 
1.701683 2.505000 113.480273 28.426808 2.504082 
1.692251 2.495000 113.480273 28.313328 2.492664 
1.682701 2.485000 113.480273 28.199848 2.481222 
1.676269 2.475000 113.480273 28.086367 2.473579 
1.666520 2.465000 113.480273 27.972887 2.462091 
1.659954 2.455000 113.480273 27.859407 2.454414 
1.650005 2.445000 113.480273 27.745927 2.442872 
1.639933 2.435000 113.480273 27.632446 2.431293 
1.633151 2.425000 113.480273 27.518966 2.423552 
1.622874 2.415000 113.480273 27.405486 2.411906 
1.615954 2.405000 113.480273 27.292006 2.404118 
1.605470 2.395000 113.480273 27.178525 2.392397 
1.598411 2.385000 113.480273 27.065045 2.384556 
1.587716 2.375000 113.480273 26.951565 2.372751 
1.580515 2.365000 113.480273 26.838084 2.364851 
1.569607 2.355000 113.480273 26.724604 2.352955 
1.562262 2.345000 113.480273 26.611124 2.344991 
1.551137 2.335000 113.480273 26.497644 2.332993 
1.543648 2.325000 113.480273 26.384163 2.324958 
1.532303 2.315000 113.480273 26.270683 2.312850 
1.524666 2.305000 113.480273 26.157203 2.304738 
1.513098 2.295000 113.480273 26.043723 2.292509 
1.505310 2.285000 113.480273 25.930242 2.284314 
1.493516 2.275000 113.480273 25.816762 2.271955 
1.485576 2.265000 113.480273 25.703282 2.263669 
1.473552 2.255000 113.480273 25.589801 2.251169 
1.465457 2.245000 113.480273 25.476321 2.242785 
1.457301 2.235000 113.480273 25.362841 2.234361 
1.444947 2.225000 113.480273 25.249361 2.221644 
1.436632 2.215000 113.480273 25.135880 2.213110 
1.428252 2.205000 113.480273 25.022400 2.204531 
1.415562 2.195000 113.480273 24.908920 2.191574 
1.407020 2.185000 113.480273 24.795440 2.182875 
1.398412 2.175000 113.480273 24.681959 2.174125 
1.385377 2.165000 113.480273 24.568479 2.160902 
1.376603 2.155000 113.480273 24.454999 2.152019 
1.367761 2.145000 113.480273 24.341518 2.143081 
1.358851 2.135000 113.480273 24.228038 2.134084 
1.345358 2.125000 113.480273 24.114558 2.120479 
1.336276 2.115000 113.480273 24.001078 2.111331 
1.327124 2.105000 113.480273 23.887597 2.102121 
1.317902 2.095000 113.480273 23.774117 2.092845 
1.308609 2.085000 113.480273 23.660637 2.083502 
1.299244 2.075000 113.480273 23.547157 2.074090 
1.289806 2.065000 113.480273 23.433676 2.064606 
1.275513 2.055000 113.480273 23.320196 2.050244 
1.265893 2.045000 113.480273 23.206716 2.040575 
1.256197 2.035000 113.480273 23.093235 2.030827 
1.246427 2.025000 113.480273 22.979755 2.020998 
1.236581 2.015000 113.480273 22.866275 2.011086 
1.226658 2.005000 113.480273 22.752795 2.001089 
1.216659 1.995000 113.480273 22.639314 1.991004 
1.206581 1.985000 113.480273 22.525834 1.980829 
1.196425 1.975000 113.480273 22.412354 1.970560 
1.186189 1.965000 113.480273 22.298874 1.960196 
1.181041 1.955000 113.480273 22.185393 1.954977 
1.170684 1.945000 113.480273 22.071913 1.944463 
1.160247 1.935000 113.480273 21.958433 1.933846 
1.149727 1.925000 113.480273 21.844952 1.923122 
1.139124 1.915000 113.480273 21.731472 1.912289 
1.128437 1.905000 113.480273 21.617992 1.901343 
1.117665 1.895000 113.480273 21.504512 1.890281 
1.112247 1.885000 113.480273 21.391031 1.884704 
1.101346 1.875000 113.480273 21.277551 1.873460 
1.090358 1.865000 113.480273 21.164071 1.862090 
1.079282 1.855000 113.480273 21.050591 1.850590 
1.073711 1.845000 113.480273 20.937110 1.844790 
1.062501 1.835000 113.480273 20.823630 1.833087 
1.051201 1.825000 113.480273 20.710150 1.821243 
1.039809 1.815000 113.480273 20.596669 1.809254 
1.034079 1.805000 113.480273 20.483189 1.803204 
1.022547 1.795000 113.480273 20.369709 1.790987 
1.016746 1.785000 113.480273 20.256229 1.784820 
1.005073 1.775000 113.480273 20.142748 1.772365 
0.993304 1.765000 113.480273 20.029268 1.759743 
0.987382 1.755000 113.480273 19.915788 1.753368 
0.975467 1.745000 113.480273 19.802308 1.740486 
0.969472 1.735000 113.480273 19.688827 1.733978 
0.957407 1.725000 113.480273 19.575347 1.720821 
0.951337 1.715000 113.480273 19.461867 1.714172 
0.939120 1.705000 113.480273 19.348386 1.700725 
0.932973 1.695000 113.480273 19.234906 1.693927 
0.920601 1.685000 113.480273 19.121426 1.680175 
0.914376 1.675000 113.480273 19.007946 1.673219 
0.901846 1.665000 113.480273 18.894465 1.659144 
0.895541 1.655000 113.480273 18.780985 1.652022 
0.889209 1.645000 113.480273 18.667505 1.644842 
0.876462 1.635000 113.480273 18.554025 1.630305 
0.870048 1.625000 113.480273 18.440544 1.622946 
0.857136 1.615000 113.480273 18.327064 1.608038 
0.850638 1.605000 113.480273 18.213584 1.600488 
0.844111 1.595000 113.480273 18.100103 1.592871 
0.830972 1.585000 113.480273 17.986623 1.577433 
0.824359 1.575000 113.480273 17.873143 1.569610 
0.817717 1.565000 113.480273 17.759663 1.561714 
0.811045 1.555000 113.480273 17.646182 1.553744 
0.797612 1.545000 113.480273 17.532702 1.537578 
0.790851 1.535000 113.480273 17.419222 1.529378 
0.784059 1.525000 113.480273 17.305742 1.521098 
0.777237 1.515000 113.480273 17.192261 1.512736 
0.770384 1.505000 113.480273 17.078781 1.504290 
0.756584 1.495000 113.480273 16.965301 1.487138 
0.749637 1.485000 113.480273 16.851820 1.478428 
0.742658 1.475000 113.480273 16.738340 1.469626 
0.735647 1.465000 113.480273 16.624860 1.460730 
0.728604 1.455000 113.480273 16.511380 1.451737 
0.721528 1.445000 113.480273 16.397899 1.442646 
0.714419 1.435000 113.480273 16.284419 1.433453 
0.707277 1.425000 113.480273 16.170939 1.424156 
0.700102 1.415000 113.480273 16.057459 1.414753 
0.685650 1.405000 113.480273 15.943978 1.395617 
0.678373 1.395000 113.480273 15.830498 1.385878 
0.671061 1.385000 113.480273 15.717018 1.376021 
0.663715 1.375000 113.480273 15.603537 1.366043 
0.656333 1.365000 113.480273 15.490057 1.355940 
0.648917 1.355000 113.480273 15.376577 1.345710 
0.641464 1.345000 113.480273 15.263097 1.335349 
0.633976 1.335000 113.480273 15.149616 1.324853 
0.633976 1.325000 113.480273 15.036136 1.324853 
0.626451 1.315000 113.480273 14.922656 1.314218 
0.618890 1.305000 113.480273 14.809176 1.303440 
0.611292 1.295000 113.480273 14.695695 1.292516 
0.603656 1.285000 113.480273 14.582215 1.281441 
0.595984 1.275000 113.480273 14.468735 1.270209 
0.588273 1.265000 113.480273 14.355254 1.258818 
0.580525 1.255000 113.480273 14.241774 1.247262 
0.572738 1.245000 113.480273 14.128294 1.235535 
0.564912 1.235000 113.480273 14.014814 1.223632 
0.564912 1.225000 113.480273 13.901333 1.223632 
0.557048 1.215000 113.480273 13.787853 1.211549 
0.549144 1.205000 113.480273 13.674373 1.199278 
0.541200 1.195000 113.480273 13.560893 1.186814 
0.533217 1.185000 113.480273 13.447412 1.174151 
0.533217 1.175000 113.480273 13.333932 1.174151 
0.525194 1.165000 113.480273 13.220452 1.161282 
0.517131 1.155000 113.480273 13.106971 1.148199 
0.509026 1.145000 113.480273 12.993491 1.134896 
0.509026 1.135000 113.480273 12.880011 1.134896 
0.500881 1.125000 113.480273 12.766531 1.121365 
0.492695 1.115000 113.480273 12.653050 1.107598 
0.484467 1.105000 113.480273 12.539570 1.093585 
0.484467 1.095000 113.480273 12.426090 1.093585 
0.476198 1.085000 113.480273 12.312610 1.079319 
0.467888 1.075000 113.480273 12.199129 1.064790 
0.467888 1.065000 113.480273 12.085649 1.064790 
0.459535 1.055000 113.480273 11.972169 1.049988 
0.451140 1.045000 113.480273 11.858688 1.034903 
0.451140 1.035000 113.480273 11.745208 1.034903 
0.442704 1.025000 113.480273 11.631728 1.019523 
0.434225 1.015000 113.480273 11.518248 1.003837 
0.434225 1.005000 113.480273 11.404767 1.003837 
0.425704 0.995000 113.480273 11.291287 0.987833 
0.417141 0.985000 113.480273 11.177807 0.971499 
0.417141 0.975000 113.480273 11.064327 0.971499 
0.408536 0.965000 113.480273 10.950846 0.954820 
0.408536 0.955000 113.480273 10.837366 0.954820 
0.399890 0.945000 113.480273 10.723886 0.937782 
0.391202 0.935000 113.480273 10.610405 0.920371 
0.391202 0.925000 113.480273 10.496925 0.920371 
0.382473 0.915000 113.480273 10.383445 0.902570 
0.382473 0.905000 113.480273 10.269965 0.902570 
0.373703 0.895000 113.480273 10.156484 0.884363 
0.373703 0.885000 113.480273 10.043004 0.884363 
0.364893 0.875000 113.480273 9.929524 0.865731 
0.356044 0.865000 113.480273 9.816044 0.846657 
0.356044 0.855000 113.480273 9.702563 0.846657 
0.347156 0.845000 113.480273 9.589083 0.827121 
0.347156 0.835000 113.480273 9.475603 0.827121 
0.338232 0.825000 113.480273 9.362122 0.807102 
0.338232 0.815000 113.480273 9.248642 0.807102 
0.329271 0.805000 113.480273 9.135162 0.786578 
0.329271 0.795000 113.480273 9.021682 0.786578 
0.320277 0.785000 113.480273 8.908201 0.765527 
0.320277 0.775000 113.480273 8.794721 0.765527 
0.311250 0.765000 113.480273 8.681241 0.743924 
0.311250 0.755000 113.480273 8.567761 0.743924 
0.311250 0.745000 113.480273 8.454280 0.743924 
0.302193 0.735000 113.480273 8.340800 0.721746 
0.302193 0.725000 113.480273 8.227320 0.721746 
0.293109 0.715000 113.480273 8.113839 0.698966 
0.293109 0.705000 113.480273 8.000359 0.698966 
0.284001 0.695000 113.480273 7.886879 0.675557 
0.284001 0.685000 113.480273 7.773399 0.675557 
0.274873 0.675000 113.480273 7.659918 0.651493 
0.274873 0.665000 113.480273 7.546438 0.651493 
0.274873 0.655000 113.480273 7.432958 0.651493 
0.265730 0.645000 113.480273 7.319478 0.626747 
0.265730 0.635000 113.480273 7.205997 0.626747 
0.256577 0.625000 113.480273 7.092517 0.601291 
0.256577 0.615000 113.480273 6.979037 0.601291 
0.256577 0.605000 113.480273 6.865556 0.601291 
0.247421 0.595000 113.480273 6.752076 0.575099 
0.247421 0.585000 113.480273 6.638596 0.575099 
0.238269 0.575000 113.480273 6.525116 0.548147 
0.238269 0.565000 113.480273 6.411635 0.548147 
0.238269 0.555000 113.480273 6.298155 0.548147 
0.229131 0.545000 113.480273 6.184675 0.520414 
0.229131 0.535000 113.480273 6.071195 0.520414 
0.229131 0.525000 113.480273 5.957714 0.520414 
0.220019 0.515000 113.480273 5.844234 0.491882 
0.220019 0.505000 113.480273 5.730754 0.491882 
0.220019 0.495000 113.480273 5.617273 0.491882 
0.210945 0.485000 113.480273 5.503793 0.462543 
0.210945 0.475000 113.480273 5.390313 0.462543 
0.210945 0.465000 113.480273 5.276833 0.462543 
0.201925 0.455000 113.480273 5.163352 0.432396 
0.201925 0.445000 113.480273 5.049872 0.432396 
0.201925 0.435000 113.480273 4.936392 0.432396 
0.192979 0.425000 113.480273 4.822912 0.401455 
0.192979 0.415000 113.480273 4.709431 0.401455 
0.192979 0.405000 113.480273 4.595951 0.401455 
0.184130 0.395000 113.480273 4.482471 0.369757 
0.184130 0.385000 113.480273 4.368990 0.369757 
0.184130 0.375000 113.480273 4.255510 0.369757 
0.175406 0.365000 113.480273 4.142030 0.337362 
0.175406 0.355000 113.480273 4.028550 0.337362 
0.175406 0.345000 113.480273 3.915069 0.337362 
0.166841 0.335000 113.480273 3.801589 0.304367 
0.166841 0.325000 113.480273 3.688109 0.304367 
0.166841 0.315000 113.480273 3.574629 0.304367 
0.166841 0.305000 113.480273 3.461148 0.304367 
0.158476 0.295000 113.480273 3.347668 0.270921 
0.158476 0.285000 113.480273 3.234188 0.270921 
0.158476 0.275000 113.480273 3.120707 0.270921 
0.150361 0.265000 113.480273 3.007227 0.237231 
0.150361 0.255000 113.480273 2.893747 0.237231 
0.150361 0.245000 113.480273 2.780267 0.237231 
0.142557 0.235000 113.480273 2.666786 0.203590 
0.142557 0.225000 113.480273 2.553306 0.203590 
0.142557 0.215000 113.480273 2.439826 0.203590 
0.142557 0.205000 113.480273 2.326346 0.203590 
0.135134 0.195000 113.480273 2.212865 0.170389 
0.135134 0.185000 113.480273 2.099385 0.170389 
0.135134 0.175000 113.480273 1.985905 0.170389 
0.128179 0.165000 113.480273 1.872424 0.138138 
0.128179 0.155000 113.480273 1.758944 0.138138 
0.128179 0.145000 113.480273 1.645464 0.138138 
0.121790 0.135000 113.480273 1.531984 0.107483 
0.121790 0.125000 113.480273 1.418503 0.107483 
0.121790 0.115000 113.480273 1.305023 0.107483 
0.116080 0.105000 113.480273 1.191543 0.079205 
0.116080 0.095000 113.480273 1.078063 0.079205 
0.116080 0.085000 113.480273 0.964582 0.079205 
0.111172 0.075000 113.480273 0.851102 0.054202 
0.111172 0.065000 113.480273 0.737622 0.054202 
0.111172 0.055000 113.480273 0.624141 0.054202 
0.107192 0.045000 113.480273 0.510661 0.033439 
0.107192 0.035000 113.480273 0.397181 0.033439 
0.104261 0.025000 113.480273 0.283701 0.017861 
0.102479 0.015000 113.480273 0.170220 0.008271 
