1.999998 9.985000 122.242918 122.059553 6.006592 
1.999998 9.975000 122.242918 121.937311 6.006592 
1.999998 9.965000 122.242918 121.815068 6.006592 
1.999998 9.955000 122.242918 121.692825 6.006592 
1.999998 9.945000 122.242918 121.570582 6.006592 
1.999998 9.935000 122.242918 121.448339 6.006592 
1.999998 9.925000 122.242918 121.326096 6.006592 
1.999998 9.915000 122.242918 121.203853 6.006592 
1.999998 9.905000 122.242918 121.081610 6.006592 
1.999998 9.895000 122.242918 120.959367 6.006592 
1.999998 9.885000 122.242918 120.837124 6.006592 
1.999998 9.875000 122.242918 120.714881 6.006592 
1.999998 9.865000 122.242918 120.592638 6.006592 
1.999998 9.855000 122.242918 120.470396 6.006592 
1.999998 9.845000 122.242918 120.348153 6.006592 
1.999998 9.835000 122.242918 120.225910 6.006592 
1.999998 9.825000 122.242918 120.103667 6.006592 
1.999998 9.815000 122.242918 119.981424 6.006592 
1.999998 9.805000 122.242918 119.859181 6.006592 
1.999998 9.795000 122.242918 119.736938 6.006592 
1.999998 9.785000 122.242918 119.614695 6.006592 
1.999998 9.775000 122.242918 119.492452 6.006592 
1.999998 9.765000 122.242918 119.370209 6.006592 
1.999998 9.755000 122.242918 119.247966 6.006592 
1.999998 9.745000 122.242918 119.125723 6.006592 
1.999998 9.735000 122.242918 119.003481 6.006592 
1.999998 9.725000 122.242918 118.881238 6.006592 
1.999998 9.715000 122.242918 118.758995 6.006592 
1.999998 9.705000 122.242918 118.636752 6.006592 
1.999998 9.695000 122.242918 118.514509 6.006592 
1.999998 9.685000 122.242918 118.392266 6.006592 
1.999998 9.675000 122.242918 118.270023 6.006592 
1.999998 9.665000 122.242918 118.147780 6.006592 
1.999998 9.655000 122.242918 118.025537 6.006592 
1.999998 9.645000 122.242918 117.903294 6.006592 
1.999998 9.635000 122.242918 117.781051 6.006592 
1.999998 9.625000 122.242918 117.658808 6.006592 
1.999998 9.615000 122.242918 117.536566 6.006592 
1.999998 9.605000 122.242918 117.414323 6.006592 
1.999998 9.595000 122.242918 117.292080 6.006592 
1.999998 9.585000 122.242918 117.169837 6.006592 
1.999998 9.575000 122.242918 117.047594 6.006592 
1.999998 9.565000 122.242918 116.925351 6.006592 
1.999998 9.555000 122.242918 116.803108 6.006592 
1.999998 9.545000 122.242918 116.680865 6.006592 
1.999998 9.535000 122.242918 116.558622 6.006592 
1.999998 9.525000 122.242918 116.436379 6.006592 
1.999998 9.515000 122.242918 116.314136 6.006592 
1.999998 9.505000 122.242918 116.191893 6.006592 
1.999998 9.495000 122.242918 116.069651 6.006592 
1.999998 9.485000 122.242918 115.947408 6.006592 
1.999998 9.475000 122.242918 115.825165 6.006592 
1.999998 9.465000 122.242918 115.702922 6.006592 
1.999998 9.455000 122.242918 115.580679 6.006592 
1.999998 9.445000 122.242918 115.458436 6.006592 
1.999998 9.435000 122.242918 115.336193 6.006592 
1.999998 9.425000 122.242918 115.213950 6.006592 
1.999998 9.415000 122.242918 115.091707 6.006592 
1.999998 9.405000 122.242918 114.969464 6.006592 
1.999998 9.395000 122.242918 114.847221 6.006592 
1.999998 9.385000 122.242918 114.724978 6.006592 
1.999998 9.375000 122.242918 114.602735 6.006592 
1.999998 9.365000 122.242918 114.480493 6.006592 
1.999998 9.355000 122.242918 114.358250 6.006592 
1.999998 9.345000 122.242918 114.236007 6.006592 
1.999998 9.335000 122.242918 114.113764 6.006592 
1.999998 9.325000 122.242918 113.991521 6.006592 
1.999998 9.315000 122.242918 113.869278 6.006592 
1.999998 9.305000 122.242918 113.747035 6.006592 
1.999998 9.295000 122.242918 113.624792 6.006592 
1.999998 9.285000 122.242918 113.502549 6.006592 
1.999998 9.275000 122.242918 113.380306 6.006592 
1.999998 9.265000 122.242918 113.258063 6.006592 
1.999998 9.255000 122.242918 113.135820 6.006592 
1.999998 9.245000 122.242918 113.013578 6.006592 
1.999998 9.235000 122.242918 112.891335 6.006592 
1.999998 9.225000 122.242918 112.769092 6.006592 
1.999998 9.215000 122.242918 112.646849 6.006592 
1.999998 9.205000 122.242918 112.524606 6.006592 
1.999998 9.195000 122.242918 112.402363 6.006592 
1.999998 9.185000 122.242918 112.280120 6.006592 
1.999998 9.175000 122.242918 112.157877 6.006592 
1.999998 9.165000 122.242918 112.035634 6.006592 
1.999998 9.155000 122.242918 111.913391 6.006592 
1.999998 9.145000 122.242918 111.791148 6.006592 
1.999998 9.135000 122.242918 111.668905 6.006592 
1.999998 9.125000 122.242918 111.546663 6.006592 
1.999998 9.115000 122.242918 111.424420 6.006592 
1.999998 9.105000 122.242918 111.302177 6.006592 
1.999998 9.095000 122.242918 111.179934 6.006592 
1.999998 9.085000 122.242918 111.057691 6.006592 
1.999998 9.075000 122.242918 110.935448 6.006592 
1.999998 9.065000 122.242918 110.813205 6.006592 
1.999998 9.055000 122.242918 110.690962 6.006592 
1.999998 9.045000 122.242918 110.568719 6.006592 
1.999998 9.035000 122.242918 110.446476 6.006592 
1.999998 9.025000 122.242918 110.324233 6.006592 
1.999998 9.015000 122.242918 110.201990 6.006592 
1.999998 9.005000 122.242918 110.079748 6.006592 
1.999998 8.995000 122.242918 109.957505 6.006592 
1.999998 8.985000 122.242918 109.835262 6.006592 
1.999998 8.975000 122.242918 109.713019 6.006592 
1.999998 8.965000 122.242918 109.590776 6.006592 
1.999998 8.955000 122.242918 109.468533 6.006592 
1.999998 8.945000 122.242918 109.346290 6.006592 
1.999998 8.935000 122.242918 109.224047 6.006592 
1.999998 8.925000 122.242918 109.101804 6.006592 
1.999998 8.915000 122.242918 108.979561 6.006592 
1.999998 8.905000 122.242918 108.857318 6.006592 
1.999998 8.895000 122.242918 108.735075 6.006592 
1.999998 8.885000 122.242918 108.612833 6.006592 
1.999998 8.875000 122.242918 108.490590 6.006592 
1.999998 8.865000 122.242918 108.368347 6.006592 
1.999998 8.855000 122.242918 108.246104 6.006592 
1.999998 8.845000 122.242918 108.123861 6.006592 
1.999998 8.835000 122.242918 108.001618 6.006592 
1.999998 8.825000 122.242918 107.879375 6.006592 
1.999998 8.815000 122.242918 107.757132 6.006592 
1.999998 8.805000 122.242918 107.634889 6.006592 
1.999998 8.795000 122.242918 107.512646 6.006592 
1.999998 8.785000 122.242918 107.390403 6.006592 
1.999998 8.775000 122.242918 107.268160 6.006592 
1.999998 8.765000 122.242918 107.145917 6.006592 
1.999998 8.755000 122.242918 107.023675 6.006592 
1.999998 8.745000 122.242918 106.901432 6.006592 
1.999998 8.735000 122.242918 106.779189 6.006592 
1.999998 8.725000 122.242918 106.656946 6.006592 
1.999998 8.715000 122.242918 106.534703 6.006592 
1.999998 8.705000 122.242918 106.412460 6.006592 
1.999998 8.695000 122.242918 106.290217 6.006592 
1.999998 8.685000 122.242918 106.167974 6.006592 
1.999998 8.675000 122.242918 106.045731 6.006592 
1.999998 8.665000 122.242918 105.923488 6.006592 
1.999998 8.655000 122.242918 105.801245 6.006592 
1.999998 8.645000 122.242918 105.679002 6.006592 
1.999998 8.635000 122.242918 105.556760 6.006592 
1.999998 8.625000 122.242918 105.434517 6.006592 
1.999998 8.615000 122.242918 105.312274 6.006592 
1.999998 8.605000 122.242918 105.190031 6.006592 
1.999998 8.595000 122.242918 105.067788 6.006592 
1.999998 8.585000 122.242918 104.945545 6.006592 
1.999998 8.575000 122.242918 104.823302 6.006592 
1.999998 8.565000 122.242918 104.701059 6.006592 
1.999998 8.555000 122.242918 104.578816 6.006592 
1.999998 8.545000 122.242918 104.456573 6.006592 
1.999998 8.535000 122.242918 104.334330 6.006592 
1.999998 8.525000 122.242918 104.212087 6.006592 
1.999998 8.515000 122.242918 104.089845 6.006592 
1.999998 8.505000 122.242918 103.967602 6.006592 
1.999998 8.495000 122.242918 103.845359 6.006592 
1.999998 8.485000 122.242918 103.723116 6.006592 
1.999998 8.475000 122.242918 103.600873 6.006592 
1.999998 8.465000 122.242918 103.478630 6.006592 
1.999998 8.455000 122.242918 103.356387 6.006592 
1.999998 8.445000 122.242918 103.234144 6.006592 
1.999998 8.435000 122.242918 103.111901 6.006592 
1.999998 8.425000 122.242918 102.989658 6.006592 
1.999998 8.415000 122.242918 102.867415 6.006592 
1.999998 8.405000 122.242918 102.745172 6.006592 
1.999998 8.395000 122.242918 102.622930 6.006592 
1.999998 8.385000 122.242918 102.500687 6.006592 
1.999998 8.375000 122.242918 102.378444 6.006592 
1.999998 8.365000 122.242918 102.256201 6.006592 
1.999998 8.355000 122.242918 102.133958 6.006592 
1.999998 8.345000 122.242918 102.011715 6.006592 
1.999998 8.335000 122.242918 101.889472 6.006592 
1.999998 8.325000 122.242918 101.767229 6.006592 
1.999998 8.315000 122.242918 101.644986 6.006592 
1.999998 8.305000 122.242918 101.522743 6.006592 
1.999998 8.295000 122.242918 101.400500 6.006592 
1.999998 8.285000 122.242918 101.278257 6.006592 
1.999998 8.275000 122.242918 101.156015 6.006592 
1.999998 8.265000 122.242918 101.033772 6.006592 
1.999998 8.255000 122.242918 100.911529 6.006592 
1.999998 8.245000 122.242918 100.789286 6.006592 
1.999998 8.235000 122.242918 100.667043 6.006592 
1.999998 8.225000 122.242918 100.544800 6.006592 
1.999998 8.215000 122.242918 100.422557 6.006592 
1.999998 8.205000 122.242918 100.300314 6.006592 
1.999998 8.195000 122.242918 100.178071 6.006592 
1.999998 8.185000 122.242918 100.055828 6.006592 
1.999998 8.175000 122.242918 99.933585 6.006592 
1.999998 8.165000 122.242918 99.811342 6.006592 
1.999998 8.155000 122.242918 99.689100 6.006592 
1.999998 8.145000 122.242918 99.566857 6.006592 
1.999998 8.135000 122.242918 99.444614 6.006592 
1.999998 8.125000 122.242918 99.322371 6.006592 
1.999998 8.115000 122.242918 99.200128 6.006592 
1.999998 8.105000 122.242918 99.077885 6.006592 
1.999998 8.095000 122.242918 98.955642 6.006592 
1.999998 8.085000 122.242918 98.833399 6.006592 
1.999998 8.075000 122.242918 98.711156 6.006592 
1.999998 8.065000 122.242918 98.588913 6.006592 
1.999998 8.055000 122.242918 98.466670 6.006592 
1.999998 8.045000 122.242918 98.344427 6.006592 
1.999998 8.035000 122.242918 98.222184 6.006592 
1.999998 8.025000 122.242918 98.099942 6.006592 
1.999998 8.015000 122.242918 97.977699 6.006592 
1.999998 8.005000 122.242918 97.855456 6.006592 
1.999998 7.995000 122.242918 97.733213 6.006592 
1.999998 7.985000 122.242918 97.610970 6.006592 
1.999998 7.975000 122.242918 97.488727 6.006592 
1.999998 7.965000 122.242918 97.366484 6.006592 
1.999998 7.955000 122.242918 97.244241 6.006592 
1.999998 7.945000 122.242918 97.121998 6.006592 
1.999998 7.935000 122.242918 96.999755 6.006592 
1.999998 7.925000 122.242918 96.877512 6.006592 
1.999998 7.915000 122.242918 96.755269 6.006592 
1.999998 7.905000 122.242918 96.633027 6.006592 
1.999998 7.895000 122.242918 96.510784 6.006592 
1.999998 7.885000 122.242918 96.388541 6.006592 
1.999998 7.875000 122.242918 96.266298 6.006592 
1.999998 7.865000 122.242918 96.144055 6.006592 
1.999998 7.855000 122.242918 96.021812 6.006592 
1.999998 7.845000 122.242918 95.899569 6.006592 
1.999998 7.835000 122.242918 95.777326 6.006592 
1.999998 7.825000 122.242918 95.655083 6.006592 
1.999998 7.815000 122.242918 95.532840 6.006592 
1.999998 7.805000 122.242918 95.410597 6.006592 
1.999998 7.795000 122.242918 95.288354 6.006592 
1.999998 7.785000 122.242918 95.166112 6.006592 
1.999998 7.775000 122.242918 95.043869 6.006592 
1.999998 7.765000 122.242918 94.921626 6.006592 
1.999998 7.755000 122.242918 94.799383 6.006592 
1.999998 7.745000 122.242918 94.677140 6.006592 
1.999998 7.735000 122.242918 94.554897 6.006592 
1.999998 7.725000 122.242918 94.432654 6.006592 
1.999998 7.715000 122.242918 94.310411 6.006592 
1.999998 7.705000 122.242918 94.188168 6.006592 
1.999998 7.695000 122.242918 94.065925 6.006592 
1.999998 7.685000 122.242918 93.943682 6.006592 
1.999998 7.675000 122.242918 93.821439 6.006592 
1.999998 7.665000 122.242918 93.699197 6.006592 
1.999998 7.655000 122.242918 93.576954 6.006592 
1.999998 7.645000 122.242918 93.454711 6.006592 
1.999998 7.635000 122.242918 93.332468 6.006592 
1.999998 7.625000 122.242918 93.210225 6.006592 
1.999998 7.615000 122.242918 93.087982 6.006592 
1.999998 7.605000 122.242918 92.965739 6.006592 
1.999998 7.595000 122.242918 92.843496 6.006592 
1.999998 7.585000 122.242918 92.721253 6.006592 
1.999998 7.575000 122.242918 92.599010 6.006592 
1.999998 7.565000 122.242918 92.476767 6.006592 
1.999998 7.555000 122.242918 92.354524 6.006592 
1.999998 7.545000 122.242918 92.232282 6.006592 
1.999998 7.535000 122.242918 92.110039 6.006592 
1.999998 7.525000 122.242918 91.987796 6.006592 
1.999998 7.515000 122.242918 91.865553 6.006592 
1.999998 7.505000 122.242918 91.743310 6.006592 
1.999998 7.495000 122.242918 91.621067 6.006592 
1.999998 7.485000 122.242918 91.498824 6.006592 
1.999998 7.475000 122.242918 91.376581 6.006592 
1.999998 7.465000 122.242918 91.254338 6.006592 
1.999998 7.455000 122.242918 91.132095 6.006592 
1.999998 7.445000 122.242918 91.009852 6.006592 
1.999998 7.435000 122.242918 90.887609 6.006592 
1.999998 7.425000 122.242918 90.765367 6.006592 
1.999998 7.415000 122.242918 90.643124 6.006592 
1.999998 7.405000 122.242918 90.520881 6.006592 
1.999998 7.395000 122.242918 90.398638 6.006592 
1.999998 7.385000 122.242918 90.276395 6.006592 
1.999998 7.375000 122.242918 90.154152 6.006592 
1.999998 7.365000 122.242918 90.031909 6.006592 
1.999998 7.355000 122.242918 89.909666 6.006592 
1.999998 7.345000 122.242918 89.787423 6.006592 
1.999998 7.335000 122.242918 89.665180 6.006592 
1.999998 7.325000 122.242918 89.542937 6.006592 
1.999998 7.315000 122.242918 89.420694 6.006592 
1.999998 7.305000 122.242918 89.298451 6.006592 
1.999998 7.295000 122.242918 89.176209 6.006592 
1.999998 7.285000 122.242918 89.053966 6.006592 
1.999998 7.275000 122.242918 88.931723 6.006592 
1.999998 7.265000 122.242918 88.809480 6.006592 
1.999998 7.255000 122.242918 88.687237 6.006592 
1.999998 7.245000 122.242918 88.564994 6.006592 
1.999998 7.235000 122.242918 88.442751 6.006592 
1.999998 7.225000 122.242918 88.320508 6.006592 
1.999998 7.215000 122.242918 88.198265 6.006592 
1.999998 7.205000 122.242918 88.076022 6.006592 
1.999998 7.195000 122.242918 87.953779 6.006592 
1.999998 7.185000 122.242918 87.831536 6.006592 
1.999998 7.175000 122.242918 87.709294 6.006592 
1.999998 7.165000 122.242918 87.587051 6.006592 
1.999998 7.155000 122.242918 87.464808 6.006592 
1.999998 7.145000 122.242918 87.342565 6.006592 
1.999998 7.135000 122.242918 87.220322 6.006592 
1.999998 7.125000 122.242918 87.098079 6.006592 
1.999998 7.115000 122.242918 86.975836 6.006592 
1.999998 7.105000 122.242918 86.853593 6.006592 
1.999998 7.095000 122.242918 86.731350 6.006592 
1.999998 7.085000 122.242918 86.609107 6.006592 
1.999998 7.075000 122.242918 86.486864 6.006592 
1.999998 7.065000 122.242918 86.364621 6.006592 
1.999998 7.055000 122.242918 86.242379 6.006592 
1.999998 7.045000 122.242918 86.120136 6.006592 
1.999998 7.035000 122.242918 85.997893 6.006592 
1.999998 7.025000 122.242918 85.875650 6.006592 
1.999998 7.015000 122.242918 85.753407 6.006592 
1.999998 7.005000 122.242918 85.631164 6.006592 
1.999998 6.995000 122.242918 85.508921 6.006592 
1.999998 6.985000 122.242918 85.386678 6.006592 
1.999998 6.975000 122.242918 85.264435 6.006592 
1.999998 6.965000 122.242918 85.142192 6.006592 
1.999998 6.955000 122.242918 85.019949 6.006592 
1.999998 6.945000 122.242918 84.897706 6.006592 
1.999998 6.935000 122.242918 84.775464 6.006592 
1.999998 6.925000 122.242918 84.653221 6.006592 
1.999998 6.915000 122.242918 84.530978 6.006592 
1.999998 6.905000 122.242918 84.408735 6.006592 
1.999998 6.895000 122.242918 84.286492 6.006592 
1.999998 6.885000 122.242918 84.164249 6.006592 
1.999998 6.875000 122.242918 84.042006 6.006592 
1.999998 6.865000 122.242918 83.919763 6.006592 
1.999998 6.855000 122.242918 83.797520 6.006592 
1.999998 6.845000 122.242918 83.675277 6.006592 
1.999998 6.835000 122.242918 83.553034 6.006592 
1.999998 6.825000 122.242918 83.430791 6.006592 
1.999998 6.815000 122.242918 83.308549 6.006592 
1.999998 6.805000 122.242918 83.186306 6.006592 
1.999998 6.795000 122.242918 83.064063 6.006592 
1.999998 6.785000 122.242918 82.941820 6.006592 
1.999998 6.775000 122.242918 82.819577 6.006592 
1.999998 6.765000 122.242918 82.697334 6.006592 
1.999998 6.755000 122.242918 82.575091 6.006592 
1.999998 6.745000 122.242918 82.452848 6.006592 
1.999998 6.735000 122.242918 82.330605 6.006592 
1.999998 6.725000 122.242918 82.208362 6.006592 
1.999998 6.715000 122.242918 82.086119 6.006592 
1.999998 6.705000 122.242918 81.963876 6.006592 
1.999998 6.695000 122.242918 81.841634 6.006592 
1.999998 6.685000 122.242918 81.719391 6.006592 
1.999998 6.675000 122.242918 81.597148 6.006592 
1.999998 6.665000 122.242918 81.474905 6.006592 
1.999998 6.655000 122.242918 81.352662 6.006592 
1.999998 6.645000 122.242918 81.230419 6.006592 
1.999998 6.635000 122.242918 81.108176 6.006592 
1.999998 6.625000 122.242918 80.985933 6.006592 
1.999998 6.615000 122.242918 80.863690 6.006592 
1.999998 6.605000 122.242918 80.741447 6.006592 
1.999998 6.595000 122.242918 80.619204 6.006592 
1.999998 6.585000 122.242918 80.496961 6.006592 
1.999998 6.575000 122.242918 80.374718 6.006592 
1.999998 6.565000 122.242918 80.252476 6.006592 
1.999998 6.555000 122.242918 80.130233 6.006592 
1.999998 6.545000 122.242918 80.007990 6.006592 
1.999998 6.535000 122.242918 79.885747 6.006592 
1.999998 6.525000 122.242918 79.763504 6.006592 
1.999998 6.515000 122.242918 79.641261 6.006592 
1.999998 6.505000 122.242918 79.519018 6.006592 
1.999998 6.495000 122.242918 79.396775 6.006592 
1.999998 6.485000 122.242918 79.274532 6.006592 
1.999998 6.475000 122.242918 79.152289 6.006592 
1.999998 6.465000 122.242918 79.030046 6.006592 
1.999998 6.455000 122.242918 78.907803 6.006592 
1.999998 6.445000 122.242918 78.785561 6.006592 
1.999998 6.435000 122.242918 78.663318 6.006592 
1.999998 6.425000 122.242918 78.541075 6.006592 
1.999998 6.415000 122.242918 78.418832 6.006592 
1.999998 6.405000 122.242918 78.296589 6.006592 
1.999998 6.395000 122.242918 78.174346 6.006592 
1.999998 6.385000 122.242918 78.052103 6.006592 
1.999998 6.375000 122.242918 77.929860 6.006592 
1.999998 6.365000 122.242918 77.807617 6.006592 
1.999998 6.355000 122.242918 77.685374 6.006592 
1.999998 6.345000 122.242918 77.563131 6.006592 
1.999998 6.335000 122.242918 77.440888 6.006592 
1.999998 6.325000 122.242918 77.318646 6.006592 
1.999998 6.315000 122.242918 77.196403 6.006592 
1.999998 6.305000 122.242918 77.074160 6.006592 
1.999998 6.295000 122.242918 76.951917 6.006592 
1.999998 6.285000 122.242918 76.829674 6.006592 
1.999998 6.275000 122.242918 76.707431 6.006592 
1.999998 6.265000 122.242918 76.585188 6.006592 
1.999998 6.255000 122.242918 76.462945 6.006592 
1.999998 6.245000 122.242918 76.340702 6.006592 
1.999998 6.235000 122.242918 76.218459 6.006592 
1.999998 6.225000 122.242918 76.096216 6.006592 
1.999998 6.215000 122.242918 75.973973 6.006592 
1.999998 6.205000 122.242918 75.851731 6.006592 
1.999998 6.195000 122.242918 75.729488 6.006592 
1.999998 6.185000 122.242918 75.607245 6.006592 
1.999998 6.175000 122.242918 75.485002 6.006592 
1.999998 6.165000 122.242918 75.362759 6.006592 
1.999998 6.155000 122.242918 75.240516 6.006592 
1.999998 6.145000 122.242918 75.118273 6.006592 
1.999998 6.135000 122.242918 74.996030 6.006592 
1.999998 6.125000 122.242918 74.873787 6.006592 
1.999998 6.115000 122.242918 74.751544 6.006592 
1.999998 6.105000 122.242918 74.629301 6.006592 
1.999998 6.095000 122.242918 74.507058 6.006592 
1.999998 6.085000 122.242918 74.384816 6.006592 
1.999998 6.075000 122.242918 74.262573 6.006592 
1.999998 6.065000 122.242918 74.140330 6.006592 
1.999998 6.055000 122.242918 74.018087 6.006592 
1.999998 6.045000 122.242918 73.895844 6.006592 
1.999998 6.035000 122.242918 73.773601 6.006592 
1.999998 6.025000 122.242918 73.651358 6.006592 
1.999998 6.015000 122.242918 73.529115 6.006592 
1.999986 6.005000 122.242918 73.406872 5.383048 
1.999986 5.995000 122.242918 73.284629 5.383048 
1.999986 5.985000 122.242918 73.162386 5.383048 
1.999986 5.975000 122.242918 73.040143 5.383048 
1.999986 5.965000 122.242918 72.917901 5.383048 
1.999986 5.955000 122.242918 72.795658 5.383048 
1.999986 5.945000 122.242918 72.673415 5.383048 
1.999986 5.935000 122.242918 72.551172 5.383048 
1.999986 5.925000 122.242918 72.428929 5.383048 
1.999986 5.915000 122.242918 72.306686 5.383048 
1.999986 5.905000 122.242918 72.184443 5.383048 
1.999986 5.895000 122.242918 72.062200 5.383048 
1.999986 5.885000 122.242918 71.939957 5.383048 
1.999986 5.875000 122.242918 71.817714 5.383048 
1.999986 5.865000 122.242918 71.695471 5.383048 
1.999986 5.855000 122.242918 71.573228 5.383048 
1.999986 5.845000 122.242918 71.450985 5.383048 
1.999986 5.835000 122.242918 71.328743 5.383048 
1.999986 5.825000 122.242918 71.206500 5.383048 
1.999986 5.815000 122.242918 71.084257 5.383048 
1.999986 5.805000 122.242918 70.962014 5.383048 
1.999986 5.795000 122.242918 70.839771 5.383048 
1.999986 5.785000 122.242918 70.717528 5.383048 
1.999986 5.775000 122.242918 70.595285 5.383048 
1.999986 5.765000 122.242918 70.473042 5.383048 
1.999986 5.755000 122.242918 70.350799 5.383048 
1.999986 5.745000 122.242918 70.228556 5.383048 
1.999986 5.735000 122.242918 70.106313 5.383048 
1.999986 5.725000 122.242918 69.984070 5.383048 
1.999986 5.715000 122.242918 69.861828 5.383048 
1.999986 5.705000 122.242918 69.739585 5.383048 
1.999986 5.695000 122.242918 69.617342 5.383048 
1.999986 5.685000 122.242918 69.495099 5.383048 
1.999986 5.675000 122.242918 69.372856 5.383048 
1.999986 5.665000 122.242918 69.250613 5.383048 
1.999986 5.655000 122.242918 69.128370 5.383048 
1.999986 5.645000 122.242918 69.006127 5.383048 
1.999986 5.635000 122.242918 68.883884 5.383048 
1.999986 5.625000 122.242918 68.761641 5.383048 
1.999986 5.615000 122.242918 68.639398 5.383048 
1.999986 5.605000 122.242918 68.517155 5.383048 
1.999986 5.595000 122.242918 68.394913 5.383048 
1.999986 5.585000 122.242918 68.272670 5.383048 
1.999986 5.575000 122.242918 68.150427 5.383048 
1.999986 5.565000 122.242918 68.028184 5.383048 
1.999986 5.555000 122.242918 67.905941 5.383048 
1.999986 5.545000 122.242918 67.783698 5.383048 
1.999986 5.535000 122.242918 67.661455 5.383048 
1.999986 5.525000 122.242918 67.539212 5.383048 
1.999986 5.515000 122.242918 67.416969 5.383048 
1.999986 5.505000 122.242918 67.294726 5.383048 
1.999986 5.495000 122.242918 67.172483 5.383048 
1.999986 5.485000 122.242918 67.050240 5.383048 
1.999986 5.475000 122.242918 66.927998 5.383048 
1.999986 5.465000 122.242918 66.805755 5.383048 
1.999986 5.455000 122.242918 66.683512 5.383048 
1.999986 5.445000 122.242918 66.561269 5.383048 
1.999986 5.435000 122.242918 66.439026 5.383048 
1.999986 5.425000 122.242918 66.316783 5.383048 
1.999986 5.415000 122.242918 66.194540 5.383048 
1.999986 5.405000 122.242918 66.072297 5.383048 
1.999986 5.395000 122.242918 65.950054 5.383048 
1.999986 5.385000 122.242918 65.827811 5.383048 
1.999963 5.375000 122.242918 65.705568 5.066569 
1.999963 5.365000 122.242918 65.583325 5.066569 
1.999963 5.355000 122.242918 65.461083 5.066569 
1.999963 5.345000 122.242918 65.338840 5.066569 
1.999963 5.335000 122.242918 65.216597 5.066569 
1.999963 5.325000 122.242918 65.094354 5.066569 
1.999963 5.315000 122.242918 64.972111 5.066569 
1.999963 5.305000 122.242918 64.849868 5.066569 
1.999963 5.295000 122.242918 64.727625 5.066569 
1.999963 5.285000 122.242918 64.605382 5.066569 
1.999963 5.275000 122.242918 64.483139 5.066569 
1.999963 5.265000 122.242918 64.360896 5.066569 
1.999963 5.255000 122.242918 64.238653 5.066569 
1.999963 5.245000 122.242918 64.116410 5.066569 
1.999963 5.235000 122.242918 63.994167 5.066569 
1.999963 5.225000 122.242918 63.871925 5.066569 
1.999963 5.215000 122.242918 63.749682 5.066569 
1.999963 5.205000 122.242918 63.627439 5.066569 
1.999963 5.195000 122.242918 63.505196 5.066569 
1.999963 5.185000 122.242918 63.382953 5.066569 
1.999963 5.175000 122.242918 63.260710 5.066569 
1.999963 5.165000 122.242918 63.138467 5.066569 
1.999963 5.155000 122.242918 63.016224 5.066569 
1.999963 5.145000 122.242918 62.893981 5.066569 
1.999963 5.135000 122.242918 62.771738 5.066569 
1.999963 5.125000 122.242918 62.649495 5.066569 
1.999963 5.115000 122.242918 62.527252 5.066569 
1.999963 5.105000 122.242918 62.405010 5.066569 
1.999963 5.095000 122.242918 62.282767 5.066569 
1.999963 5.085000 122.242918 62.160524 5.066569 
1.999963 5.075000 122.242918 62.038281 5.066569 
1.999929 5.065000 122.242918 61.916038 4.852833 
1.999929 5.055000 122.242918 61.793795 4.852833 
1.999929 5.045000 122.242918 61.671552 4.852833 
1.999929 5.035000 122.242918 61.549309 4.852833 
1.999929 5.025000 122.242918 61.427066 4.852833 
1.999929 5.015000 122.242918 61.304823 4.852833 
1.999929 5.005000 122.242918 61.182580 4.852833 
1.999929 4.995000 122.242918 61.060337 4.852833 
1.999929 4.985000 122.242918 60.938095 4.852833 
1.999929 4.975000 122.242918 60.815852 4.852833 
1.999929 4.965000 122.242918 60.693609 4.852833 
1.999929 4.955000 122.242918 60.571366 4.852833 
1.999929 4.945000 122.242918 60.449123 4.852833 
1.999929 4.935000 122.242918 60.326880 4.852833 
1.999929 4.925000 122.242918 60.204637 4.852833 
1.999929 4.915000 122.242918 60.082394 4.852833 
1.999929 4.905000 122.242918 59.960151 4.852833 
1.999929 4.895000 122.242918 59.837908 4.852833 
1.999929 4.885000 122.242918 59.715665 4.852833 
1.999929 4.875000 122.242918 59.593422 4.852833 
1.999929 4.865000 122.242918 59.471180 4.852833 
1.999929 4.855000 122.242918 59.348937 4.852833 
1.999885 4.845000 122.242918 59.226694 4.691228 
1.999885 4.835000 122.242918 59.104451 4.691228 
1.999885 4.825000 122.242918 58.982208 4.691228 
1.999885 4.815000 122.242918 58.859965 4.691228 
1.999885 4.805000 122.242918 58.737722 4.691228 
1.999885 4.795000 122.242918 58.615479 4.691228 
1.999885 4.785000 122.242918 58.493236 4.691228 
1.999885 4.775000 122.242918 58.370993 4.691228 
1.999885 4.765000 122.242918 58.248750 4.691228 
1.999885 4.755000 122.242918 58.126507 4.691228 
1.999885 4.745000 122.242918 58.004265 4.691228 
1.999885 4.735000 122.242918 57.882022 4.691228 
1.999885 4.725000 122.242918 57.759779 4.691228 
1.999885 4.715000 122.242918 57.637536 4.691228 
1.999885 4.705000 122.242918 57.515293 4.691228 
1.999885 4.695000 122.242918 57.393050 4.691228 
1.999829 4.685000 122.242918 57.270807 4.561243 
1.999829 4.675000 122.242918 57.148564 4.561243 
1.999829 4.665000 122.242918 57.026321 4.561243 
1.999829 4.655000 122.242918 56.904078 4.561243 
1.999829 4.645000 122.242918 56.781835 4.561243 
1.999829 4.635000 122.242918 56.659592 4.561243 
1.999829 4.625000 122.242918 56.537350 4.561243 
1.999829 4.615000 122.242918 56.415107 4.561243 
1.999829 4.605000 122.242918 56.292864 4.561243 
1.999829 4.595000 122.242918 56.170621 4.561243 
1.999829 4.585000 122.242918 56.048378 4.561243 
1.999829 4.575000 122.242918 55.926135 4.561243 
1.999829 4.565000 122.242918 55.803892 4.561243 
1.999763 4.555000 122.242918 55.681649 4.452501 
1.999763 4.545000 122.242918 55.559406 4.452501 
1.999763 4.535000 122.242918 55.437163 4.452501 
1.999763 4.525000 122.242918 55.314920 4.452501 
1.999763 4.515000 122.242918 55.192677 4.452501 
1.999763 4.505000 122.242918 55.070434 4.452501 
1.999763 4.495000 122.242918 54.948192 4.452501 
1.999763 4.485000 122.242918 54.825949 4.452501 
1.999763 4.475000 122.242918 54.703706 4.452501 
1.999763 4.465000 122.242918 54.581463 4.452501 
1.999763 4.455000 122.242918 54.459220 4.452501 
1.999686 4.445000 122.242918 54.336977 4.359022 
1.999686 4.435000 122.242918 54.214734 4.359022 
1.999686 4.425000 122.242918 54.092491 4.359022 
1.999686 4.415000 122.242918 53.970248 4.359022 
1.999686 4.405000 122.242918 53.848005 4.359022 
1.999686 4.395000 122.242918 53.725762 4.359022 
1.999686 4.385000 122.242918 53.603519 4.359022 
1.999686 4.375000 122.242918 53.481277 4.359022 
1.999686 4.365000 122.242918 53.359034 4.359022 
1.999598 4.355000 122.242918 53.236791 4.277040 
1.999598 4.345000 122.242918 53.114548 4.277040 
1.999598 4.335000 122.242918 52.992305 4.277040 
1.999598 4.325000 122.242918 52.870062 4.277040 
1.999598 4.315000 122.242918 52.747819 4.277040 
1.999598 4.305000 122.242918 52.625576 4.277040 
1.999598 4.295000 122.242918 52.503333 4.277040 
1.999598 4.285000 122.242918 52.381090 4.277040 
1.999500 4.275000 122.242918 52.258847 4.204031 
1.999500 4.265000 122.242918 52.136604 4.204031 
1.999500 4.255000 122.242918 52.014362 4.204031 
1.999500 4.245000 122.242918 51.892119 4.204031 
1.999500 4.235000 122.242918 51.769876 4.204031 
1.999500 4.225000 122.242918 51.647633 4.204031 
1.999500 4.215000 122.242918 51.525390 4.204031 
1.999500 4.205000 122.242918 51.403147 4.204031 
1.999391 4.195000 122.242918 51.280904 4.138222 
1.999391 4.185000 122.242918 51.158661 4.138222 
1.999391 4.175000 122.242918 51.036418 4.138222 
1.999391 4.165000 122.242918 50.914175 4.138222 
1.999391 4.155000 122.242918 50.791932 4.138222 
1.999391 4.145000 122.242918 50.669689 4.138222 
1.999271 4.135000 122.242918 50.547447 4.078316 
1.999271 4.125000 122.242918 50.425204 4.078316 
1.999271 4.115000 122.242918 50.302961 4.078316 
1.999271 4.105000 122.242918 50.180718 4.078316 
1.999271 4.095000 122.242918 50.058475 4.078316 
1.999271 4.085000 122.242918 49.936232 4.078316 
1.999140 4.075000 122.242918 49.813989 4.023338 
1.999140 4.065000 122.242918 49.691746 4.023338 
1.999140 4.055000 122.242918 49.569503 4.023338 
1.999140 4.045000 122.242918 49.447260 4.023338 
1.999140 4.035000 122.242918 49.325017 4.023338 
1.999140 4.025000 122.242918 49.202774 4.023338 
1.998998 4.015000 122.242918 49.080532 3.972538 
1.998998 4.005000 122.242918 48.958289 3.972538 
1.998998 3.995000 122.242918 48.836046 3.972538 
1.998998 3.985000 122.242918 48.713803 3.972538 
1.998998 3.975000 122.242918 48.591560 3.972538 
1.998846 3.965000 122.242918 48.469317 3.925323 
1.998846 3.955000 122.242918 48.347074 3.925323 
1.998846 3.945000 122.242918 48.224831 3.925323 
1.998846 3.935000 122.242918 48.102588 3.925323 
1.998683 3.925000 122.242918 47.980345 3.881218 
1.998683 3.915000 122.242918 47.858102 3.881218 
1.998683 3.905000 122.242918 47.735859 3.881218 
1.998683 3.895000 122.242918 47.613617 3.881218 
1.998683 3.885000 122.242918 47.491374 3.881218 
1.998509 3.875000 122.242918 47.369131 3.839837 
1.998509 3.865000 122.242918 47.246888 3.839837 
1.998509 3.855000 122.242918 47.124645 3.839837 
1.998509 3.845000 122.242918 47.002402 3.839837 
1.998325 3.835000 122.242918 46.880159 3.800861 
1.998325 3.825000 122.242918 46.757916 3.800861 
1.998325 3.815000 122.242918 46.635673 3.800861 
1.998325 3.805000 122.242918 46.513430 3.800861 
1.998129 3.795000 122.242918 46.391187 3.764025 
1.998129 3.785000 122.242918 46.268944 3.764025 
1.998129 3.775000 122.242918 46.146701 3.764025 
1.998129 3.765000 122.242918 46.024459 3.764025 
1.997923 3.755000 122.242918 45.902216 3.729105 
1.997923 3.745000 122.242918 45.779973 3.729105 
1.997923 3.735000 122.242918 45.657730 3.729105 
1.997706 3.725000 122.242918 45.535487 3.695909 
1.997706 3.715000 122.242918 45.413244 3.695909 
1.997706 3.705000 122.242918 45.291001 3.695909 
1.997479 3.695000 122.242918 45.168758 3.664274 
1.997479 3.685000 122.242918 45.046515 3.664274 
1.997479 3.675000 122.242918 44.924272 3.664274 
1.997479 3.665000 122.242918 44.802029 3.664274 
1.997240 3.655000 122.242918 44.679786 3.634059 
1.997240 3.645000 122.242918 44.557544 3.634059 
1.997240 3.635000 122.242918 44.435301 3.634059 
1.996991 3.625000 122.242918 44.313058 3.605140 
1.996991 3.615000 122.242918 44.190815 3.605140 
1.996731 3.605000 122.242918 44.068572 3.577410 
1.996731 3.595000 122.242918 43.946329 3.577410 
1.996731 3.585000 122.242918 43.824086 3.577410 
1.996460 3.575000 122.242918 43.701843 3.550773 
1.996460 3.565000 122.242918 43.579600 3.550773 
1.996460 3.555000 122.242918 43.457357 3.550773 
1.996178 3.545000 122.242918 43.335114 3.525146 
1.996178 3.535000 122.242918 43.212871 3.525146 
1.995886 3.525000 122.242918 43.090629 3.500454 
1.995886 3.515000 122.242918 42.968386 3.500454 
1.995886 3.505000 122.242918 42.846143 3.500454 
1.995583 3.495000 122.242918 42.723900 3.476629 
1.995583 3.485000 122.242918 42.601657 3.476629 
1.995269 3.475000 122.242918 42.479414 3.453613 
1.995269 3.465000 122.242918 42.357171 3.453613 
1.995269 3.455000 122.242918 42.234928 3.453613 
1.994944 3.445000 122.242918 42.112685 3.431350 
1.994944 3.435000 122.242918 41.990442 3.431350 
1.994608 3.425000 122.242918 41.868199 3.409793 
1.994608 3.415000 122.242918 41.745956 3.409793 
1.994262 3.405000 122.242918 41.623714 3.388897 
1.994262 3.395000 122.242918 41.501471 3.388897 
1.993905 3.385000 122.242918 41.379228 3.368623 
1.993905 3.375000 122.242918 41.256985 3.368623 
1.993537 3.365000 122.242918 41.134742 3.348932 
1.993537 3.355000 122.242918 41.012499 3.348932 
1.993158 3.345000 122.242918 40.890256 3.329792 
1.993158 3.335000 122.242918 40.768013 3.329792 
1.992768 3.325000 122.242918 40.645770 3.311172 
1.992768 3.315000 122.242918 40.523527 3.311172 
1.992368 3.305000 122.242918 40.401284 3.293044 
1.992368 3.295000 122.242918 40.279041 3.293044 
1.991956 3.285000 122.242918 40.156799 3.275382 
1.991534 3.275000 122.242918 40.034556 3.258161 
1.991534 3.265000 122.242918 39.912313 3.258161 
1.991101 3.255000 122.242918 39.790070 3.241360 
1.991101 3.245000 122.242918 39.667827 3.241360 
1.990658 3.235000 122.242918 39.545584 3.224957 
1.990658 3.225000 122.242918 39.423341 3.224957 
1.990203 3.215000 122.242918 39.301098 3.208934 
1.989738 3.205000 122.242918 39.178855 3.193272 
1.989738 3.195000 122.242918 39.056612 3.193272 
1.989262 3.185000 122.242918 38.934369 3.177956 
1.988774 3.175000 122.242918 38.812126 3.162970 
1.988774 3.165000 122.242918 38.689884 3.162970 
1.988277 3.155000 122.242918 38.567641 3.148298 
1.987768 3.145000 122.242918 38.445398 3.133928 
1.987768 3.135000 122.242918 38.323155 3.133928 
1.987248 3.125000 122.242918 38.200912 3.119847 
1.986718 3.115000 122.242918 38.078669 3.106043 
1.986176 3.105000 122.242918 37.956426 3.092504 
1.986176 3.095000 122.242918 37.834183 3.092504 
1.985624 3.085000 122.242918 37.711940 3.079220 
1.985061 3.075000 122.242918 37.589697 3.066182 
1.984487 3.065000 122.242918 37.467454 3.053379 
1.984487 3.055000 122.242918 37.345211 3.053379 
1.983902 3.045000 122.242918 37.222968 3.040802 
1.983307 3.035000 122.242918 37.100726 3.028444 
1.982700 3.025000 122.242918 36.978483 3.016297 
1.982083 3.015000 122.242918 36.856240 3.004352 
1.982083 3.005000 122.242918 36.733997 3.004352 
1.981454 2.995000 122.242918 36.611754 2.992603 
1.980815 2.985000 122.242918 36.489511 2.981042 
1.980165 2.975000 122.242918 36.367268 2.969664 
1.979504 2.965000 122.242918 36.245025 2.958463 
1.978832 2.955000 122.242918 36.122782 2.947431 
1.978149 2.945000 122.242918 36.000539 2.936565 
1.977455 2.935000 122.242918 35.878296 2.925858 
1.976751 2.925000 122.242918 35.756053 2.915306 
1.976035 2.915000 122.242918 35.633811 2.904903 
1.976035 2.905000 122.242918 35.511568 2.904903 
1.975308 2.895000 122.242918 35.389325 2.894646 
1.974571 2.885000 122.242918 35.267082 2.884529 
1.973822 2.875000 122.242918 35.144839 2.874548 
1.973063 2.865000 122.242918 35.022596 2.864700 
1.972293 2.855000 122.242918 34.900353 2.854980 
1.970719 2.845000 122.242918 34.778110 2.835912 
1.969916 2.835000 122.242918 34.655867 2.826556 
1.969101 2.825000 122.242918 34.533624 2.817315 
1.968276 2.815000 122.242918 34.411381 2.808185 
1.967440 2.805000 122.242918 34.289138 2.799164 
1.966593 2.795000 122.242918 34.166896 2.790247 
1.965734 2.785000 122.242918 34.044653 2.781434 
1.964865 2.775000 122.242918 33.922410 2.772721 
1.963985 2.765000 122.242918 33.800167 2.764104 
1.962191 2.755000 122.242918 33.677924 2.747154 
1.961278 2.745000 122.242918 33.555681 2.738816 
1.960353 2.735000 122.242918 33.433438 2.730565 
1.959418 2.725000 122.242918 33.311195 2.722399 
1.958471 2.715000 122.242918 33.188952 2.714318 
1.956545 2.705000 122.242918 33.066709 2.698397 
1.955565 2.695000 122.242918 32.944466 2.690554 
1.954574 2.685000 122.242918 32.822223 2.682787 
1.952559 2.675000 122.242918 32.699981 2.667474 
1.951535 2.665000 122.242918 32.577738 2.659924 
1.950500 2.655000 122.242918 32.455495 2.652444 
1.948396 2.645000 122.242918 32.333252 2.637684 
1.947327 2.635000 122.242918 32.211009 2.630401 
1.946247 2.625000 122.242918 32.088766 2.623182 
1.944054 2.615000 122.242918 31.966523 2.608927 
1.942941 2.605000 122.242918 31.844280 2.601889 
1.941816 2.595000 122.242918 31.722037 2.594909 
1.939534 2.585000 122.242918 31.599794 2.581118 
1.938375 2.575000 122.242918 31.477551 2.574304 
1.936026 2.565000 122.242918 31.355308 2.560836 
1.934834 2.555000 122.242918 31.233066 2.554178 
1.932416 2.545000 122.242918 31.110823 2.541012 
1.931191 2.535000 122.242918 30.988580 2.534502 
1.928706 2.525000 122.242918 30.866337 2.521621 
1.926176 2.515000 122.242918 30.744094 2.508921 
1.924894 2.505000 122.242918 30.621851 2.502636 
1.922295 2.495000 122.242918 30.499608 2.490194 
1.920979 2.485000 122.242918 30.377365 2.484034 
1.918313 2.475000 122.242918 30.255122 2.471835 
1.915602 2.465000 122.242918 30.132879 2.459791 
1.914229 2.455000 122.242918 30.010636 2.453825 
1.911449 2.445000 122.242918 29.888393 2.442002 
1.908623 2.435000 122.242918 29.766150 2.430319 
1.907193 2.425000 122.242918 29.643908 2.424529 
1.904298 2.415000 122.242918 29.521665 2.413048 
1.901358 2.405000 122.242918 29.399422 2.401695 
1.898371 2.395000 122.242918 29.277179 2.390466 
1.896861 2.385000 122.242918 29.154936 2.384896 
1.893805 2.375000 122.242918 29.032693 2.373844 
1.890703 2.365000 122.242918 28.910450 2.362905 
1.887555 2.355000 122.242918 28.788207 2.352075 
1.884360 2.345000 122.242918 28.665964 2.341350 
1.881118 2.335000 122.242918 28.543721 2.330726 
1.877830 2.325000 122.242918 28.421478 2.320200 
1.876169 2.315000 122.242918 28.299235 2.314973 
1.872810 2.305000 122.242918 28.176993 2.304587 
1.869405 2.295000 122.242918 28.054750 2.294291 
1.865953 2.285000 122.242918 27.932507 2.284082 
1.862453 2.275000 122.242918 27.810264 2.273956 
1.858906 2.265000 122.242918 27.688021 2.263910 
1.855312 2.255000 122.242918 27.565778 2.253943 
1.851670 2.245000 122.242918 27.443535 2.244050 
1.847980 2.235000 122.242918 27.321292 2.234230 
1.844243 2.225000 122.242918 27.199049 2.224479 
1.840458 2.215000 122.242918 27.076806 2.214797 
1.834690 2.205000 122.242918 26.954563 2.200393 
1.830784 2.195000 122.242918 26.832320 2.190868 
1.826830 2.185000 122.242918 26.710078 2.181403 
1.822828 2.175000 122.242918 26.587835 2.171995 
1.818777 2.165000 122.242918 26.465592 2.162642 
1.814677 2.155000 122.242918 26.343349 2.153342 
1.810528 2.145000 122.242918 26.221106 2.144093 
1.806330 2.135000 122.242918 26.098863 2.134893 
1.799940 2.125000 122.242918 25.976620 2.121181 
1.795619 2.115000 122.242918 25.854377 2.112096 
1.791248 2.105000 122.242918 25.732134 2.103053 
1.786827 2.095000 122.242918 25.609891 2.094052 
1.780102 2.085000 122.242918 25.487648 2.080623 
1.775556 2.075000 122.242918 25.365405 2.071717 
1.770960 2.065000 122.242918 25.243163 2.062846 
1.766313 2.055000 122.242918 25.120920 2.054009 
1.759248 2.045000 122.242918 24.998677 2.040814 
1.754474 2.035000 122.242918 24.876434 2.032054 
1.749649 2.025000 122.242918 24.754191 2.023323 
1.744772 2.015000 122.242918 24.631948 2.014619 
1.737361 2.005000 122.242918 24.509705 2.001610 
1.732355 1.995000 122.242918 24.387462 1.992968 
1.727298 1.985000 122.242918 24.265219 1.984347 
1.719613 1.975000 122.242918 24.142976 1.971455 
1.714425 1.965000 122.242918 24.020733 1.962884 
1.709184 1.955000 122.242918 23.898490 1.954331 
1.701222 1.945000 122.242918 23.776248 1.941531 
1.695849 1.935000 122.242918 23.654005 1.933016 
1.690421 1.925000 122.242918 23.531762 1.924514 
1.682179 1.915000 122.242918 23.409519 1.911783 
1.676617 1.905000 122.242918 23.287276 1.903309 
1.671001 1.895000 122.242918 23.165033 1.894843 
1.662475 1.885000 122.242918 23.042790 1.882159 
1.656722 1.875000 122.242918 22.920547 1.873710 
1.647989 1.865000 122.242918 22.798304 1.861046 
1.642098 1.855000 122.242918 22.676061 1.852608 
1.636151 1.845000 122.242918 22.553818 1.844171 
1.627126 1.835000 122.242918 22.431575 1.831516 
1.621038 1.825000 122.242918 22.309333 1.823079 
1.614894 1.815000 122.242918 22.187090 1.814639 
1.605571 1.805000 122.242918 22.064847 1.801973 
1.599284 1.795000 122.242918 21.942604 1.793523 
1.589746 1.785000 122.242918 21.820361 1.780836 
1.583314 1.775000 122.242918 21.698118 1.772369 
1.576824 1.765000 122.242918 21.575875 1.763892 
1.566979 1.755000 122.242918 21.453632 1.751158 
1.560342 1.745000 122.242918 21.331389 1.742653 
1.553645 1.735000 122.242918 21.209146 1.734136 
1.543488 1.725000 122.242918 21.086903 1.721332 
1.536641 1.715000 122.242918 20.964660 1.712777 
1.529733 1.705000 122.242918 20.842417 1.704204 
1.519257 1.695000 122.242918 20.720175 1.691310 
1.512196 1.685000 122.242918 20.597932 1.682689 
1.505073 1.675000 122.242918 20.475689 1.674047 
1.494272 1.665000 122.242918 20.353446 1.661040 
1.486993 1.655000 122.242918 20.231203 1.652338 
1.479650 1.645000 122.242918 20.108960 1.643610 
1.472244 1.635000 122.242918 19.986717 1.634855 
1.461014 1.625000 122.242918 19.864474 1.621669 
1.453447 1.615000 122.242918 19.742231 1.612841 
1.445815 1.605000 122.242918 19.619988 1.603980 
1.434244 1.595000 122.242918 19.497745 1.590627 
1.426447 1.585000 122.242918 19.375502 1.581680 
1.418583 1.575000 122.242918 19.253260 1.572697 
1.410653 1.565000 122.242918 19.131017 1.563676 
1.402655 1.555000 122.242918 19.008774 1.554615 
1.390529 1.545000 122.242918 18.886531 1.540946 
1.382360 1.535000 122.242918 18.764288 1.531779 
1.374121 1.525000 122.242918 18.642045 1.522567 
1.365813 1.515000 122.242918 18.519802 1.513308 
1.357434 1.505000 122.242918 18.397559 1.504000 
1.348984 1.495000 122.242918 18.275316 1.494643 
1.336176 1.485000 122.242918 18.153073 1.480508 
1.327546 1.475000 122.242918 18.030830 1.471018 
1.318844 1.465000 122.242918 17.908587 1.461471 
1.310068 1.455000 122.242918 17.786345 1.451865 
1.301218 1.445000 122.242918 17.664102 1.442199 
1.292293 1.435000 122.242918 17.541859 1.432471 
1.283293 1.425000 122.242918 17.419616 1.422679 
1.274217 1.415000 122.242918 17.297373 1.412820 
1.265065 1.405000 122.242918 17.175130 1.402893 
1.255835 1.395000 122.242918 17.052887 1.392894 
1.246526 1.385000 122.242918 16.930644 1.382823 
1.237140 1.375000 122.242918 16.808401 1.372676 
1.227673 1.365000 122.242918 16.686158 1.362452 
1.218127 1.355000 122.242918 16.563915 1.352146 
1.208499 1.345000 122.242918 16.441672 1.341758 
1.198790 1.335000 122.242918 16.319430 1.331284 
1.188998 1.325000 122.242918 16.197187 1.320722 
1.179123 1.315000 122.242918 16.074944 1.310069 
1.174154 1.305000 122.242918 15.952701 1.304707 
1.164152 1.295000 122.242918 15.830458 1.293910 
1.154064 1.285000 122.242918 15.708215 1.283015 
1.143890 1.275000 122.242918 15.585972 1.272018 
1.133629 1.265000 122.242918 15.463729 1.260915 
1.123279 1.255000 122.242918 15.341486 1.249703 
1.118071 1.245000 122.242918 15.219243 1.244055 
1.107587 1.235000 122.242918 15.097000 1.232673 
1.097013 1.225000 122.242918 14.974757 1.221173 
1.086346 1.215000 122.242918 14.852515 1.209550 
1.080978 1.205000 122.242918 14.730272 1.203691 
1.070172 1.195000 122.242918 14.608029 1.191877 
1.059271 1.185000 122.242918 14.485786 1.179930 
1.053785 1.175000 122.242918 14.363543 1.173906 
1.042740 1.165000 122.242918 14.241300 1.161751 
1.031597 1.155000 122.242918 14.119057 1.149451 
1.025989 1.145000 122.242918 13.996814 1.143245 
1.014698 1.135000 122.242918 13.874571 1.130718 
1.009015 1.125000 122.242918 13.752328 1.124395 
0.997573 1.115000 122.242918 13.630085 1.111629 
0.986028 1.105000 122.242918 13.507842 1.098696 
0.980217 1.095000 122.242918 13.385600 1.092165 
0.968515 1.085000 122.242918 13.263357 1.078970 
0.962625 1.075000 122.242918 13.141114 1.072304 
0.950763 1.065000 122.242918 13.018871 1.058832 
0.944792 1.055000 122.242918 12.896628 1.052024 
0.932767 1.045000 122.242918 12.774385 1.038259 
0.926714 1.035000 122.242918 12.652142 1.031300 
0.920632 1.025000 122.242918 12.529899 1.024289 
0.908384 1.015000 122.242918 12.407656 1.010107 
0.902217 1.005000 122.242918 12.285413 1.002933 
0.889797 0.995000 122.242918 12.163170 0.988415 
0.883543 0.985000 122.242918 12.040927 0.981068 
0.877260 0.975000 122.242918 11.918684 0.973661 
0.864604 0.965000 122.242918 11.796442 0.958662 
0.858231 0.955000 122.242918 11.674199 0.951067 
0.851828 0.945000 122.242918 11.551956 0.943408 
0.838928 0.935000 122.242918 11.429713 0.927887 
0.832432 0.925000 122.242918 11.307470 0.920022 
0.825904 0.915000 122.242918 11.185227 0.912087 
0.819345 0.905000 122.242918 11.062984 0.904079 
0.806129 0.895000 122.242918 10.940741 0.887838 
0.799473 0.885000 122.242918 10.818498 0.879602 
0.792783 0.875000 122.242918 10.696255 0.871286 
0.786061 0.865000 122.242918 10.574012 0.862889 
0.779305 0.855000 122.242918 10.451769 0.854409 
0.765691 0.845000 122.242918 10.329527 0.837189 
0.758832 0.835000 122.242918 10.207284 0.828447 
0.751939 0.825000 122.242918 10.085041 0.819612 
0.745010 0.815000 122.242918 9.962798 0.810684 
0.738046 0.805000 122.242918 9.840555 0.801659 
0.731046 0.795000 122.242918 9.718312 0.792535 
0.724010 0.785000 122.242918 9.596069 0.783310 
0.716937 0.775000 122.242918 9.473826 0.773981 
0.709828 0.765000 122.242918 9.351583 0.764545 
0.702681 0.755000 122.242918 9.229340 0.755000 
0.688273 0.745000 122.242918 9.107097 0.735569 
0.681011 0.735000 122.242918 8.984854 0.725676 
0.673711 0.725000 122.242918 8.862612 0.715662 
0.666371 0.715000 122.242918 8.740369 0.705522 
0.658991 0.705000 122.242918 8.618126 0.695253 
0.651571 0.695000 122.242918 8.495883 0.684851 
0.651571 0.685000 122.242918 8.373640 0.684851 
0.644109 0.675000 122.242918 8.251397 0.674313 
0.636607 0.665000 122.242918 8.129154 0.663633 
0.629063 0.655000 122.242918 8.006911 0.652808 
0.621476 0.645000 122.242918 7.884668 0.641834 
0.613847 0.635000 122.242918 7.762425 0.630705 
0.606174 0.625000 122.242918 7.640182 0.619417 
0.598458 0.615000 122.242918 7.517939 0.607965 
0.590696 0.605000 122.242918 7.395697 0.596344 
0.582890 0.595000 122.242918 7.273454 0.584547 
0.582890 0.585000 122.242918 7.151211 0.584547 
0.575039 0.575000 122.242918 7.028968 0.572569 
0.567140 0.565000 122.242918 6.906725 0.560403 
0.559196 0.555000 122.242918 6.784482 0.548044 
0.551203 0.545000 122.242918 6.662239 0.535484 
0.543162 0.535000 122.242918 6.539996 0.522717 
0.543162 0.525000 122.242918 6.417753 0.522717 
0.535073 0.515000 122.242918 6.295510 0.509734 
0.526934 0.505000 122.242918 6.173267 0.496527 
0.518745 0.495000 122.242918 6.051024 0.483089 
0.518745 0.485000 122.242918 5.928782 0.483089 
0.510504 0.475000 122.242918 5.806539 0.469410 
0.502212 0.465000 122.242918 5.684296 0.455480 
0.493867 0.455000 122.242918 5.562053 0.441291 
0.493867 0.445000 122.242918 5.439810 0.441291 
0.485469 0.435000 122.242918 5.317567 0.426830 
0.477016 0.425000 122.242918 5.195324 0.412088 
0.477016 0.415000 122.242918 5.073081 0.412088 
0.468508 0.405000 122.242918 4.950838 0.397051 
0.459944 0.395000 122.242918 4.828595 0.381707 
0.459944 0.385000 122.242918 4.706352 0.381707 
0.451324 0.375000 122.242918 4.584109 0.366044 
0.442645 0.365000 122.242918 4.461867 0.350045 
0.442645 0.355000 122.242918 4.339624 0.350045 
0.433907 0.345000 122.242918 4.217381 0.333696 
0.433907 0.335000 122.242918 4.095138 0.333696 
0.425109 0.325000 122.242918 3.972895 0.316981 
0.416250 0.315000 122.242918 3.850652 0.299880 
0.416250 0.305000 122.242918 3.728409 0.299880 
0.407329 0.295000 122.242918 3.606166 0.282377 
0.407329 0.285000 122.242918 3.483923 0.282377 
0.398344 0.275000 122.242918 3.361680 0.264449 
0.398344 0.265000 122.242918 3.239437 0.264449 
0.389295 0.255000 122.242918 3.117194 0.246075 
0.380180 0.245000 122.242918 2.994951 0.227231 
0.380180 0.235000 122.242918 2.872709 0.227231 
0.370998 0.225000 122.242918 2.750466 0.207892 
0.370998 0.215000 122.242918 2.628223 0.207892 
0.361747 0.205000 122.242918 2.505980 0.188030 
0.361747 0.195000 122.242918 2.383737 0.188030 
0.352427 0.185000 122.242918 2.261494 0.167614 
0.352427 0.175000 122.242918 2.139251 0.167614 
0.343034 0.165000 122.242918 2.017008 0.146612 
0.343034 0.155000 122.242918 1.894765 0.146612 
0.333569 0.145000 122.242918 1.772522 0.124988 
0.333569 0.135000 122.242918 1.650279 0.124988 
0.333569 0.125000 122.242918 1.528036 0.124988 
0.324030 0.115000 122.242918 1.405794 0.102703 
0.324030 0.105000 122.242918 1.283551 0.102703 
0.314414 0.095000 122.242918 1.161308 0.079714 
0.314414 0.085000 122.242918 1.039065 0.079714 
0.304720 0.075000 122.242918 0.916822 0.055973 
0.304720 0.065000 122.242918 0.794579 0.055973 
0.294946 0.055000 122.242918 0.672336 0.031430 
0.294946 0.045000 122.242918 0.550093 0.031430 
0.294946 0.035000 122.242918 0.427850 0.031430 
0.285091 0.025000 122.242918 0.305607 0.006026 
0.285091 0.015000 122.242918 0.183364 0.006026 
