1.999998 9.985000 12.224292 12.205955 4.469875 
1.999998 9.975000 12.224292 12.193731 4.469875 
1.999998 9.965000 12.224292 12.181507 4.469875 
1.999998 9.955000 12.224292 12.169282 4.469875 
1.999998 9.945000 12.224292 12.157058 4.469875 
1.999998 9.935000 12.224292 12.144834 4.469875 
1.999998 9.925000 12.224292 12.132610 4.469875 
1.999998 9.915000 12.224292 12.120385 4.469875 
1.999998 9.905000 12.224292 12.108161 4.469875 
1.999998 9.895000 12.224292 12.095937 4.469875 
1.999998 9.885000 12.224292 12.083712 4.469875 
1.999998 9.875000 12.224292 12.071488 4.469875 
1.999998 9.865000 12.224292 12.059264 4.469875 
1.999998 9.855000 12.224292 12.047040 4.469875 
1.999998 9.845000 12.224292 12.034815 4.469875 
1.999998 9.835000 12.224292 12.022591 4.469875 
1.999998 9.825000 12.224292 12.010367 4.469875 
1.999998 9.815000 12.224292 11.998142 4.469875 
1.999998 9.805000 12.224292 11.985918 4.469875 
1.999998 9.795000 12.224292 11.973694 4.469875 
1.999998 9.785000 12.224292 11.961470 4.469875 
1.999998 9.775000 12.224292 11.949245 4.469875 
1.999998 9.765000 12.224292 11.937021 4.469875 
1.999998 9.755000 12.224292 11.924797 4.469875 
1.999998 9.745000 12.224292 11.912572 4.469875 
1.999998 9.735000 12.224292 11.900348 4.469875 
1.999998 9.725000 12.224292 11.888124 4.469875 
1.999998 9.715000 12.224292 11.875899 4.469875 
1.999998 9.705000 12.224292 11.863675 4.469875 
1.999998 9.695000 12.224292 11.851451 4.469875 
1.999998 9.685000 12.224292 11.839227 4.469875 
1.999998 9.675000 12.224292 11.827002 4.469875 
1.999998 9.665000 12.224292 11.814778 4.469875 
1.999998 9.655000 12.224292 11.802554 4.469875 
1.999998 9.645000 12.224292 11.790329 4.469875 
1.999998 9.635000 12.224292 11.778105 4.469875 
1.999998 9.625000 12.224292 11.765881 4.469875 
1.999998 9.615000 12.224292 11.753657 4.469875 
1.999998 9.605000 12.224292 11.741432 4.469875 
1.999998 9.595000 12.224292 11.729208 4.469875 
1.999998 9.585000 12.224292 11.716984 4.469875 
1.999998 9.575000 12.224292 11.704759 4.469875 
1.999998 9.565000 12.224292 11.692535 4.469875 
1.999998 9.555000 12.224292 11.680311 4.469875 
1.999998 9.545000 12.224292 11.668087 4.469875 
1.999998 9.535000 12.224292 11.655862 4.469875 
1.999998 9.525000 12.224292 11.643638 4.469875 
1.999998 9.515000 12.224292 11.631414 4.469875 
1.999998 9.505000 12.224292 11.619189 4.469875 
1.999998 9.495000 12.224292 11.606965 4.469875 
1.999998 9.485000 12.224292 11.594741 4.469875 
1.999998 9.475000 12.224292 11.582516 4.469875 
1.999998 9.465000 12.224292 11.570292 4.469875 
1.999998 9.455000 12.224292 11.558068 4.469875 
1.999998 9.445000 12.224292 11.545844 4.469875 
1.999998 9.435000 12.224292 11.533619 4.469875 
1.999998 9.425000 12.224292 11.521395 4.469875 
1.999998 9.415000 12.224292 11.509171 4.469875 
1.999998 9.405000 12.224292 11.496946 4.469875 
1.999998 9.395000 12.224292 11.484722 4.469875 
1.999998 9.385000 12.224292 11.472498 4.469875 
1.999998 9.375000 12.224292 11.460274 4.469875 
1.999998 9.365000 12.224292 11.448049 4.469875 
1.999998 9.355000 12.224292 11.435825 4.469875 
1.999998 9.345000 12.224292 11.423601 4.469875 
1.999998 9.335000 12.224292 11.411376 4.469875 
1.999998 9.325000 12.224292 11.399152 4.469875 
1.999998 9.315000 12.224292 11.386928 4.469875 
1.999998 9.305000 12.224292 11.374704 4.469875 
1.999998 9.295000 12.224292 11.362479 4.469875 
1.999998 9.285000 12.224292 11.350255 4.469875 
1.999998 9.275000 12.224292 11.338031 4.469875 
1.999998 9.265000 12.224292 11.325806 4.469875 
1.999998 9.255000 12.224292 11.313582 4.469875 
1.999998 9.245000 12.224292 11.301358 4.469875 
1.999998 9.235000 12.224292 11.289133 4.469875 
1.999998 9.225000 12.224292 11.276909 4.469875 
1.999998 9.215000 12.224292 11.264685 4.469875 
1.999998 9.205000 12.224292 11.252461 4.469875 
1.999998 9.195000 12.224292 11.240236 4.469875 
1.999998 9.185000 12.224292 11.228012 4.469875 
1.999998 9.175000 12.224292 11.215788 4.469875 
1.999998 9.165000 12.224292 11.203563 4.469875 
1.999998 9.155000 12.224292 11.191339 4.469875 
1.999998 9.145000 12.224292 11.179115 4.469875 
1.999998 9.135000 12.224292 11.166891 4.469875 
1.999998 9.125000 12.224292 11.154666 4.469875 
1.999998 9.115000 12.224292 11.142442 4.469875 
1.999998 9.105000 12.224292 11.130218 4.469875 
1.999998 9.095000 12.224292 11.117993 4.469875 
1.999998 9.085000 12.224292 11.105769 4.469875 
1.999998 9.075000 12.224292 11.093545 4.469875 
1.999998 9.065000 12.224292 11.081321 4.469875 
1.999998 9.055000 12.224292 11.069096 4.469875 
1.999998 9.045000 12.224292 11.056872 4.469875 
1.999998 9.035000 12.224292 11.044648 4.469875 
1.999998 9.025000 12.224292 11.032423 4.469875 
1.999998 9.015000 12.224292 11.020199 4.469875 
1.999998 9.005000 12.224292 11.007975 4.469875 
1.999998 8.995000 12.224292 10.995750 4.469875 
1.999998 8.985000 12.224292 10.983526 4.469875 
1.999998 8.975000 12.224292 10.971302 4.469875 
1.999998 8.965000 12.224292 10.959078 4.469875 
1.999998 8.955000 12.224292 10.946853 4.469875 
1.999998 8.945000 12.224292 10.934629 4.469875 
1.999998 8.935000 12.224292 10.922405 4.469875 
1.999998 8.925000 12.224292 10.910180 4.469875 
1.999998 8.915000 12.224292 10.897956 4.469875 
1.999998 8.905000 12.224292 10.885732 4.469875 
1.999998 8.895000 12.224292 10.873508 4.469875 
1.999998 8.885000 12.224292 10.861283 4.469875 
1.999998 8.875000 12.224292 10.849059 4.469875 
1.999998 8.865000 12.224292 10.836835 4.469875 
1.999998 8.855000 12.224292 10.824610 4.469875 
1.999998 8.845000 12.224292 10.812386 4.469875 
1.999998 8.835000 12.224292 10.800162 4.469875 
1.999998 8.825000 12.224292 10.787938 4.469875 
1.999998 8.815000 12.224292 10.775713 4.469875 
1.999998 8.805000 12.224292 10.763489 4.469875 
1.999998 8.795000 12.224292 10.751265 4.469875 
1.999998 8.785000 12.224292 10.739040 4.469875 
1.999998 8.775000 12.224292 10.726816 4.469875 
1.999998 8.765000 12.224292 10.714592 4.469875 
1.999998 8.755000 12.224292 10.702367 4.469875 
1.999998 8.745000 12.224292 10.690143 4.469875 
1.999998 8.735000 12.224292 10.677919 4.469875 
1.999998 8.725000 12.224292 10.665695 4.469875 
1.999998 8.715000 12.224292 10.653470 4.469875 
1.999998 8.705000 12.224292 10.641246 4.469875 
1.999998 8.695000 12.224292 10.629022 4.469875 
1.999998 8.685000 12.224292 10.616797 4.469875 
1.999998 8.675000 12.224292 10.604573 4.469875 
1.999998 8.665000 12.224292 10.592349 4.469875 
1.999998 8.655000 12.224292 10.580125 4.469875 
1.999998 8.645000 12.224292 10.567900 4.469875 
1.999998 8.635000 12.224292 10.555676 4.469875 
1.999998 8.625000 12.224292 10.543452 4.469875 
1.999998 8.615000 12.224292 10.531227 4.469875 
1.999998 8.605000 12.224292 10.519003 4.469875 
1.999998 8.595000 12.224292 10.506779 4.469875 
1.999998 8.585000 12.224292 10.494554 4.469875 
1.999998 8.575000 12.224292 10.482330 4.469875 
1.999998 8.565000 12.224292 10.470106 4.469875 
1.999998 8.555000 12.224292 10.457882 4.469875 
1.999998 8.545000 12.224292 10.445657 4.469875 
1.999998 8.535000 12.224292 10.433433 4.469875 
1.999998 8.525000 12.224292 10.421209 4.469875 
1.999998 8.515000 12.224292 10.408984 4.469875 
1.999998 8.505000 12.224292 10.396760 4.469875 
1.999998 8.495000 12.224292 10.384536 4.469875 
1.999998 8.485000 12.224292 10.372312 4.469875 
1.999998 8.475000 12.224292 10.360087 4.469875 
1.999998 8.465000 12.224292 10.347863 4.469875 
1.999998 8.455000 12.224292 10.335639 4.469875 
1.999998 8.445000 12.224292 10.323414 4.469875 
1.999998 8.435000 12.224292 10.311190 4.469875 
1.999998 8.425000 12.224292 10.298966 4.469875 
1.999998 8.415000 12.224292 10.286742 4.469875 
1.999998 8.405000 12.224292 10.274517 4.469875 
1.999998 8.395000 12.224292 10.262293 4.469875 
1.999998 8.385000 12.224292 10.250069 4.469875 
1.999998 8.375000 12.224292 10.237844 4.469875 
1.999998 8.365000 12.224292 10.225620 4.469875 
1.999998 8.355000 12.224292 10.213396 4.469875 
1.999998 8.345000 12.224292 10.201171 4.469875 
1.999998 8.335000 12.224292 10.188947 4.469875 
1.999998 8.325000 12.224292 10.176723 4.469875 
1.999998 8.315000 12.224292 10.164499 4.469875 
1.999998 8.305000 12.224292 10.152274 4.469875 
1.999998 8.295000 12.224292 10.140050 4.469875 
1.999998 8.285000 12.224292 10.127826 4.469875 
1.999998 8.275000 12.224292 10.115601 4.469875 
1.999998 8.265000 12.224292 10.103377 4.469875 
1.999998 8.255000 12.224292 10.091153 4.469875 
1.999998 8.245000 12.224292 10.078929 4.469875 
1.999998 8.235000 12.224292 10.066704 4.469875 
1.999998 8.225000 12.224292 10.054480 4.469875 
1.999998 8.215000 12.224292 10.042256 4.469875 
1.999998 8.205000 12.224292 10.030031 4.469875 
1.999998 8.195000 12.224292 10.017807 4.469875 
1.999998 8.185000 12.224292 10.005583 4.469875 
1.999998 8.175000 12.224292 9.993359 4.469875 
1.999998 8.165000 12.224292 9.981134 4.469875 
1.999998 8.155000 12.224292 9.968910 4.469875 
1.999998 8.145000 12.224292 9.956686 4.469875 
1.999998 8.135000 12.224292 9.944461 4.469875 
1.999998 8.125000 12.224292 9.932237 4.469875 
1.999998 8.115000 12.224292 9.920013 4.469875 
1.999998 8.105000 12.224292 9.907788 4.469875 
1.999998 8.095000 12.224292 9.895564 4.469875 
1.999998 8.085000 12.224292 9.883340 4.469875 
1.999998 8.075000 12.224292 9.871116 4.469875 
1.999998 8.065000 12.224292 9.858891 4.469875 
1.999998 8.055000 12.224292 9.846667 4.469875 
1.999998 8.045000 12.224292 9.834443 4.469875 
1.999998 8.035000 12.224292 9.822218 4.469875 
1.999998 8.025000 12.224292 9.809994 4.469875 
1.999998 8.015000 12.224292 9.797770 4.469875 
1.999998 8.005000 12.224292 9.785546 4.469875 
1.999998 7.995000 12.224292 9.773321 4.469875 
1.999998 7.985000 12.224292 9.761097 4.469875 
1.999998 7.975000 12.224292 9.748873 4.469875 
1.999998 7.965000 12.224292 9.736648 4.469875 
1.999998 7.955000 12.224292 9.724424 4.469875 
1.999998 7.945000 12.224292 9.712200 4.469875 
1.999998 7.935000 12.224292 9.699976 4.469875 
1.999998 7.925000 12.224292 9.687751 4.469875 
1.999998 7.915000 12.224292 9.675527 4.469875 
1.999998 7.905000 12.224292 9.663303 4.469875 
1.999998 7.895000 12.224292 9.651078 4.469875 
1.999998 7.885000 12.224292 9.638854 4.469875 
1.999998 7.875000 12.224292 9.626630 4.469875 
1.999998 7.865000 12.224292 9.614405 4.469875 
1.999998 7.855000 12.224292 9.602181 4.469875 
1.999998 7.845000 12.224292 9.589957 4.469875 
1.999998 7.835000 12.224292 9.577733 4.469875 
1.999998 7.825000 12.224292 9.565508 4.469875 
1.999998 7.815000 12.224292 9.553284 4.469875 
1.999998 7.805000 12.224292 9.541060 4.469875 
1.999998 7.795000 12.224292 9.528835 4.469875 
1.999998 7.785000 12.224292 9.516611 4.469875 
1.999998 7.775000 12.224292 9.504387 4.469875 
1.999998 7.765000 12.224292 9.492163 4.469875 
1.999998 7.755000 12.224292 9.479938 4.469875 
1.999998 7.745000 12.224292 9.467714 4.469875 
1.999998 7.735000 12.224292 9.455490 4.469875 
1.999998 7.725000 12.224292 9.443265 4.469875 
1.999998 7.715000 12.224292 9.431041 4.469875 
1.999998 7.705000 12.224292 9.418817 4.469875 
1.999998 7.695000 12.224292 9.406593 4.469875 
1.999998 7.685000 12.224292 9.394368 4.469875 
1.999998 7.675000 12.224292 9.382144 4.469875 
1.999998 7.665000 12.224292 9.369920 4.469875 
1.999998 7.655000 12.224292 9.357695 4.469875 
1.999998 7.645000 12.224292 9.345471 4.469875 
1.999998 7.635000 12.224292 9.333247 4.469875 
1.999998 7.625000 12.224292 9.321022 4.469875 
1.999998 7.615000 12.224292 9.308798 4.469875 
1.999998 7.605000 12.224292 9.296574 4.469875 
1.999998 7.595000 12.224292 9.284350 4.469875 
1.999998 7.585000 12.224292 9.272125 4.469875 
1.999998 7.575000 12.224292 9.259901 4.469875 
1.999998 7.565000 12.224292 9.247677 4.469875 
1.999998 7.555000 12.224292 9.235452 4.469875 
1.999998 7.545000 12.224292 9.223228 4.469875 
1.999998 7.535000 12.224292 9.211004 4.469875 
1.999998 7.525000 12.224292 9.198780 4.469875 
1.999998 7.515000 12.224292 9.186555 4.469875 
1.999998 7.505000 12.224292 9.174331 4.469875 
1.999998 7.495000 12.224292 9.162107 4.469875 
1.999998 7.485000 12.224292 9.149882 4.469875 
1.999998 7.475000 12.224292 9.137658 4.469875 
1.999998 7.465000 12.224292 9.125434 4.469875 
1.999998 7.455000 12.224292 9.113210 4.469875 
1.999998 7.445000 12.224292 9.100985 4.469875 
1.999998 7.435000 12.224292 9.088761 4.469875 
1.999998 7.425000 12.224292 9.076537 4.469875 
1.999998 7.415000 12.224292 9.064312 4.469875 
1.999998 7.405000 12.224292 9.052088 4.469875 
1.999998 7.395000 12.224292 9.039864 4.469875 
1.999998 7.385000 12.224292 9.027639 4.469875 
1.999998 7.375000 12.224292 9.015415 4.469875 
1.999998 7.365000 12.224292 9.003191 4.469875 
1.999998 7.355000 12.224292 8.990967 4.469875 
1.999998 7.345000 12.224292 8.978742 4.469875 
1.999998 7.335000 12.224292 8.966518 4.469875 
1.999998 7.325000 12.224292 8.954294 4.469875 
1.999998 7.315000 12.224292 8.942069 4.469875 
1.999998 7.305000 12.224292 8.929845 4.469875 
1.999998 7.295000 12.224292 8.917621 4.469875 
1.999998 7.285000 12.224292 8.905397 4.469875 
1.999998 7.275000 12.224292 8.893172 4.469875 
1.999998 7.265000 12.224292 8.880948 4.469875 
1.999998 7.255000 12.224292 8.868724 4.469875 
1.999998 7.245000 12.224292 8.856499 4.469875 
1.999998 7.235000 12.224292 8.844275 4.469875 
1.999998 7.225000 12.224292 8.832051 4.469875 
1.999998 7.215000 12.224292 8.819827 4.469875 
1.999998 7.205000 12.224292 8.807602 4.469875 
1.999998 7.195000 12.224292 8.795378 4.469875 
1.999998 7.185000 12.224292 8.783154 4.469875 
1.999998 7.175000 12.224292 8.770929 4.469875 
1.999998 7.165000 12.224292 8.758705 4.469875 
1.999998 7.155000 12.224292 8.746481 4.469875 
1.999998 7.145000 12.224292 8.734256 4.469875 
1.999998 7.135000 12.224292 8.722032 4.469875 
1.999998 7.125000 12.224292 8.709808 4.469875 
1.999998 7.115000 12.224292 8.697584 4.469875 
1.999998 7.105000 12.224292 8.685359 4.469875 
1.999998 7.095000 12.224292 8.673135 4.469875 
1.999998 7.085000 12.224292 8.660911 4.469875 
1.999998 7.075000 12.224292 8.648686 4.469875 
1.999998 7.065000 12.224292 8.636462 4.469875 
1.999998 7.055000 12.224292 8.624238 4.469875 
1.999998 7.045000 12.224292 8.612014 4.469875 
1.999998 7.035000 12.224292 8.599789 4.469875 
1.999998 7.025000 12.224292 8.587565 4.469875 
1.999998 7.015000 12.224292 8.575341 4.469875 
1.999998 7.005000 12.224292 8.563116 4.469875 
1.999998 6.995000 12.224292 8.550892 4.469875 
1.999998 6.985000 12.224292 8.538668 4.469875 
1.999998 6.975000 12.224292 8.526444 4.469875 
1.999998 6.965000 12.224292 8.514219 4.469875 
1.999998 6.955000 12.224292 8.501995 4.469875 
1.999998 6.945000 12.224292 8.489771 4.469875 
1.999998 6.935000 12.224292 8.477546 4.469875 
1.999998 6.925000 12.224292 8.465322 4.469875 
1.999998 6.915000 12.224292 8.453098 4.469875 
1.999998 6.905000 12.224292 8.440873 4.469875 
1.999998 6.895000 12.224292 8.428649 4.469875 
1.999998 6.885000 12.224292 8.416425 4.469875 
1.999998 6.875000 12.224292 8.404201 4.469875 
1.999998 6.865000 12.224292 8.391976 4.469875 
1.999998 6.855000 12.224292 8.379752 4.469875 
1.999998 6.845000 12.224292 8.367528 4.469875 
1.999998 6.835000 12.224292 8.355303 4.469875 
1.999998 6.825000 12.224292 8.343079 4.469875 
1.999998 6.815000 12.224292 8.330855 4.469875 
1.999998 6.805000 12.224292 8.318631 4.469875 
1.999998 6.795000 12.224292 8.306406 4.469875 
1.999998 6.785000 12.224292 8.294182 4.469875 
1.999998 6.775000 12.224292 8.281958 4.469875 
1.999998 6.765000 12.224292 8.269733 4.469875 
1.999998 6.755000 12.224292 8.257509 4.469875 
1.999998 6.745000 12.224292 8.245285 4.469875 
1.999998 6.735000 12.224292 8.233061 4.469875 
1.999998 6.725000 12.224292 8.220836 4.469875 
1.999998 6.715000 12.224292 8.208612 4.469875 
1.999998 6.705000 12.224292 8.196388 4.469875 
1.999998 6.695000 12.224292 8.184163 4.469875 
1.999998 6.685000 12.224292 8.171939 4.469875 
1.999998 6.675000 12.224292 8.159715 4.469875 
1.999998 6.665000 12.224292 8.147490 4.469875 
1.999998 6.655000 12.224292 8.135266 4.469875 
1.999998 6.645000 12.224292 8.123042 4.469875 
1.999998 6.635000 12.224292 8.110818 4.469875 
1.999998 6.625000 12.224292 8.098593 4.469875 
1.999998 6.615000 12.224292 8.086369 4.469875 
1.999998 6.605000 12.224292 8.074145 4.469875 
1.999998 6.595000 12.224292 8.061920 4.469875 
1.999998 6.585000 12.224292 8.049696 4.469875 
1.999998 6.575000 12.224292 8.037472 4.469875 
1.999998 6.565000 12.224292 8.025248 4.469875 
1.999998 6.555000 12.224292 8.013023 4.469875 
1.999998 6.545000 12.224292 8.000799 4.469875 
1.999998 6.535000 12.224292 7.988575 4.469875 
1.999998 6.525000 12.224292 7.976350 4.469875 
1.999998 6.515000 12.224292 7.964126 4.469875 
1.999998 6.505000 12.224292 7.951902 4.469875 
1.999998 6.495000 12.224292 7.939678 4.469875 
1.999998 6.485000 12.224292 7.927453 4.469875 
1.999998 6.475000 12.224292 7.915229 4.469875 
1.999998 6.465000 12.224292 7.903005 4.469875 
1.999998 6.455000 12.224292 7.890780 4.469875 
1.999998 6.445000 12.224292 7.878556 4.469875 
1.999998 6.435000 12.224292 7.866332 4.469875 
1.999998 6.425000 12.224292 7.854107 4.469875 
1.999998 6.415000 12.224292 7.841883 4.469875 
1.999998 6.405000 12.224292 7.829659 4.469875 
1.999998 6.395000 12.224292 7.817435 4.469875 
1.999998 6.385000 12.224292 7.805210 4.469875 
1.999998 6.375000 12.224292 7.792986 4.469875 
1.999998 6.365000 12.224292 7.780762 4.469875 
1.999998 6.355000 12.224292 7.768537 4.469875 
1.999998 6.345000 12.224292 7.756313 4.469875 
1.999998 6.335000 12.224292 7.744089 4.469875 
1.999998 6.325000 12.224292 7.731865 4.469875 
1.999998 6.315000 12.224292 7.719640 4.469875 
1.999998 6.305000 12.224292 7.707416 4.469875 
1.999998 6.295000 12.224292 7.695192 4.469875 
1.999998 6.285000 12.224292 7.682967 4.469875 
1.999998 6.275000 12.224292 7.670743 4.469875 
1.999998 6.265000 12.224292 7.658519 4.469875 
1.999998 6.255000 12.224292 7.646295 4.469875 
1.999998 6.245000 12.224292 7.634070 4.469875 
1.999998 6.235000 12.224292 7.621846 4.469875 
1.999998 6.225000 12.224292 7.609622 4.469875 
1.999998 6.215000 12.224292 7.597397 4.469875 
1.999998 6.205000 12.224292 7.585173 4.469875 
1.999998 6.195000 12.224292 7.572949 4.469875 
1.999998 6.185000 12.224292 7.560724 4.469875 
1.999998 6.175000 12.224292 7.548500 4.469875 
1.999998 6.165000 12.224292 7.536276 4.469875 
1.999998 6.155000 12.224292 7.524052 4.469875 
1.999998 6.145000 12.224292 7.511827 4.469875 
1.999998 6.135000 12.224292 7.499603 4.469875 
1.999998 6.125000 12.224292 7.487379 4.469875 
1.999998 6.115000 12.224292 7.475154 4.469875 
1.999998 6.105000 12.224292 7.462930 4.469875 
1.999998 6.095000 12.224292 7.450706 4.469875 
1.999998 6.085000 12.224292 7.438482 4.469875 
1.999998 6.075000 12.224292 7.426257 4.469875 
1.999998 6.065000 12.224292 7.414033 4.469875 
1.999998 6.055000 12.224292 7.401809 4.469875 
1.999998 6.045000 12.224292 7.389584 4.469875 
1.999998 6.035000 12.224292 7.377360 4.469875 
1.999998 6.025000 12.224292 7.365136 4.469875 
1.999998 6.015000 12.224292 7.352912 4.469875 
1.999998 6.005000 12.224292 7.340687 4.469875 
1.999998 5.995000 12.224292 7.328463 4.469875 
1.999998 5.985000 12.224292 7.316239 4.469875 
1.999998 5.975000 12.224292 7.304014 4.469875 
1.999998 5.965000 12.224292 7.291790 4.469875 
1.999998 5.955000 12.224292 7.279566 4.469875 
1.999998 5.945000 12.224292 7.267341 4.469875 
1.999998 5.935000 12.224292 7.255117 4.469875 
1.999998 5.925000 12.224292 7.242893 4.469875 
1.999998 5.915000 12.224292 7.230669 4.469875 
1.999998 5.905000 12.224292 7.218444 4.469875 
1.999998 5.895000 12.224292 7.206220 4.469875 
1.999998 5.885000 12.224292 7.193996 4.469875 
1.999998 5.875000 12.224292 7.181771 4.469875 
1.999998 5.865000 12.224292 7.169547 4.469875 
1.999998 5.855000 12.224292 7.157323 4.469875 
1.999998 5.845000 12.224292 7.145099 4.469875 
1.999998 5.835000 12.224292 7.132874 4.469875 
1.999998 5.825000 12.224292 7.120650 4.469875 
1.999998 5.815000 12.224292 7.108426 4.469875 
1.999998 5.805000 12.224292 7.096201 4.469875 
1.999998 5.795000 12.224292 7.083977 4.469875 
1.999998 5.785000 12.224292 7.071753 4.469875 
1.999998 5.775000 12.224292 7.059529 4.469875 
1.999998 5.765000 12.224292 7.047304 4.469875 
1.999998 5.755000 12.224292 7.035080 4.469875 
1.999998 5.745000 12.224292 7.022856 4.469875 
1.999998 5.735000 12.224292 7.010631 4.469875 
1.999998 5.725000 12.224292 6.998407 4.469875 
1.999998 5.715000 12.224292 6.986183 4.469875 
1.999998 5.705000 12.224292 6.973958 4.469875 
1.999998 5.695000 12.224292 6.961734 4.469875 
1.999998 5.685000 12.224292 6.949510 4.469875 
1.999998 5.675000 12.224292 6.937286 4.469875 
1.999998 5.665000 12.224292 6.925061 4.469875 
1.999998 5.655000 12.224292 6.912837 4.469875 
1.999998 5.645000 12.224292 6.900613 4.469875 
1.999998 5.635000 12.224292 6.888388 4.469875 
1.999998 5.625000 12.224292 6.876164 4.469875 
1.999998 5.615000 12.224292 6.863940 4.469875 
1.999998 5.605000 12.224292 6.851716 4.469875 
1.999998 5.595000 12.224292 6.839491 4.469875 
1.999998 5.585000 12.224292 6.827267 4.469875 
1.999998 5.575000 12.224292 6.815043 4.469875 
1.999998 5.565000 12.224292 6.802818 4.469875 
1.999998 5.555000 12.224292 6.790594 4.469875 
1.999998 5.545000 12.224292 6.778370 4.469875 
1.999998 5.535000 12.224292 6.766146 4.469875 
1.999998 5.525000 12.224292 6.753921 4.469875 
1.999998 5.515000 12.224292 6.741697 4.469875 
1.999998 5.505000 12.224292 6.729473 4.469875 
1.999998 5.495000 12.224292 6.717248 4.469875 
1.999998 5.485000 12.224292 6.705024 4.469875 
1.999998 5.475000 12.224292 6.692800 4.469875 
1.999998 5.465000 12.224292 6.680575 4.469875 
1.999998 5.455000 12.224292 6.668351 4.469875 
1.999998 5.445000 12.224292 6.656127 4.469875 
1.999998 5.435000 12.224292 6.643903 4.469875 
1.999998 5.425000 12.224292 6.631678 4.469875 
1.999998 5.415000 12.224292 6.619454 4.469875 
1.999998 5.405000 12.224292 6.607230 4.469875 
1.999998 5.395000 12.224292 6.595005 4.469875 
1.999998 5.385000 12.224292 6.582781 4.469875 
1.999998 5.375000 12.224292 6.570557 4.469875 
1.999998 5.365000 12.224292 6.558333 4.469875 
1.999998 5.355000 12.224292 6.546108 4.469875 
1.999998 5.345000 12.224292 6.533884 4.469875 
1.999998 5.335000 12.224292 6.521660 4.469875 
1.999998 5.325000 12.224292 6.509435 4.469875 
1.999998 5.315000 12.224292 6.497211 4.469875 
1.999998 5.305000 12.224292 6.484987 4.469875 
1.999998 5.295000 12.224292 6.472763 4.469875 
1.999998 5.285000 12.224292 6.460538 4.469875 
1.999998 5.275000 12.224292 6.448314 4.469875 
1.999998 5.265000 12.224292 6.436090 4.469875 
1.999998 5.255000 12.224292 6.423865 4.469875 
1.999998 5.245000 12.224292 6.411641 4.469875 
1.999998 5.235000 12.224292 6.399417 4.469875 
1.999998 5.225000 12.224292 6.387192 4.469875 
1.999998 5.215000 12.224292 6.374968 4.469875 
1.999998 5.205000 12.224292 6.362744 4.469875 
1.999998 5.195000 12.224292 6.350520 4.469875 
1.999998 5.185000 12.224292 6.338295 4.469875 
1.999998 5.175000 12.224292 6.326071 4.469875 
1.999998 5.165000 12.224292 6.313847 4.469875 
1.999998 5.155000 12.224292 6.301622 4.469875 
1.999998 5.145000 12.224292 6.289398 4.469875 
1.999998 5.135000 12.224292 6.277174 4.469875 
1.999998 5.125000 12.224292 6.264950 4.469875 
1.999998 5.115000 12.224292 6.252725 4.469875 
1.999998 5.105000 12.224292 6.240501 4.469875 
1.999998 5.095000 12.224292 6.228277 4.469875 
1.999998 5.085000 12.224292 6.216052 4.469875 
1.999998 5.075000 12.224292 6.203828 4.469875 
1.999998 5.065000 12.224292 6.191604 4.469875 
1.999998 5.055000 12.224292 6.179379 4.469875 
1.999998 5.045000 12.224292 6.167155 4.469875 
1.999998 5.035000 12.224292 6.154931 4.469875 
1.999998 5.025000 12.224292 6.142707 4.469875 
1.999998 5.015000 12.224292 6.130482 4.469875 
1.999998 5.005000 12.224292 6.118258 4.469875 
1.999998 4.995000 12.224292 6.106034 4.469875 
1.999998 4.985000 12.224292 6.093809 4.469875 
1.999998 4.975000 12.224292 6.081585 4.469875 
1.999998 4.965000 12.224292 6.069361 4.469875 
1.999998 4.955000 12.224292 6.057137 4.469875 
1.999998 4.945000 12.224292 6.044912 4.469875 
1.999998 4.935000 12.224292 6.032688 4.469875 
1.999998 4.925000 12.224292 6.020464 4.469875 
1.999998 4.915000 12.224292 6.008239 4.469875 
1.999998 4.905000 12.224292 5.996015 4.469875 
1.999998 4.895000 12.224292 5.983791 4.469875 
1.999998 4.885000 12.224292 5.971567 4.469875 
1.999998 4.875000 12.224292 5.959342 4.469875 
1.999998 4.865000 12.224292 5.947118 4.469875 
1.999998 4.855000 12.224292 5.934894 4.469875 
1.999998 4.845000 12.224292 5.922669 4.469875 
1.999998 4.835000 12.224292 5.910445 4.469875 
1.999998 4.825000 12.224292 5.898221 4.469875 
1.999998 4.815000 12.224292 5.885996 4.469875 
1.999998 4.805000 12.224292 5.873772 4.469875 
1.999998 4.795000 12.224292 5.861548 4.469875 
1.999998 4.785000 12.224292 5.849324 4.469875 
1.999998 4.775000 12.224292 5.837099 4.469875 
1.999998 4.765000 12.224292 5.824875 4.469875 
1.999998 4.755000 12.224292 5.812651 4.469875 
1.999998 4.745000 12.224292 5.800426 4.469875 
1.999998 4.735000 12.224292 5.788202 4.469875 
1.999998 4.725000 12.224292 5.775978 4.469875 
1.999998 4.715000 12.224292 5.763754 4.469875 
1.999998 4.705000 12.224292 5.751529 4.469875 
1.999998 4.695000 12.224292 5.739305 4.469875 
1.999998 4.685000 12.224292 5.727081 4.469875 
1.999998 4.675000 12.224292 5.714856 4.469875 
1.999998 4.665000 12.224292 5.702632 4.469875 
1.999998 4.655000 12.224292 5.690408 4.469875 
1.999998 4.645000 12.224292 5.678184 4.469875 
1.999998 4.635000 12.224292 5.665959 4.469875 
1.999998 4.625000 12.224292 5.653735 4.469875 
1.999998 4.615000 12.224292 5.641511 4.469875 
1.999998 4.605000 12.224292 5.629286 4.469875 
1.999998 4.595000 12.224292 5.617062 4.469875 
1.999998 4.585000 12.224292 5.604838 4.469875 
1.999998 4.575000 12.224292 5.592613 4.469875 
1.999998 4.565000 12.224292 5.580389 4.469875 
1.999998 4.555000 12.224292 5.568165 4.469875 
1.999998 4.545000 12.224292 5.555941 4.469875 
1.999998 4.535000 12.224292 5.543716 4.469875 
1.999998 4.525000 12.224292 5.531492 4.469875 
1.999998 4.515000 12.224292 5.519268 4.469875 
1.999998 4.505000 12.224292 5.507043 4.469875 
1.999998 4.495000 12.224292 5.494819 4.469875 
1.999998 4.485000 12.224292 5.482595 4.469875 
1.999998 4.475000 12.224292 5.470371 4.469875 
1.999986 4.465000 12.224292 5.458146 3.846330 
1.999986 4.455000 12.224292 5.445922 3.846330 
1.999986 4.445000 12.224292 5.433698 3.846330 
1.999986 4.435000 12.224292 5.421473 3.846330 
1.999986 4.425000 12.224292 5.409249 3.846330 
1.999986 4.415000 12.224292 5.397025 3.846330 
1.999986 4.405000 12.224292 5.384801 3.846330 
1.999986 4.395000 12.224292 5.372576 3.846330 
1.999986 4.385000 12.224292 5.360352 3.846330 
1.999986 4.375000 12.224292 5.348128 3.846330 
1.999986 4.365000 12.224292 5.335903 3.846330 
1.999986 4.355000 12.224292 5.323679 3.846330 
1.999986 4.345000 12.224292 5.311455 3.846330 
1.999986 4.335000 12.224292 5.299230 3.846330 
1.999986 4.325000 12.224292 5.287006 3.846330 
1.999986 4.315000 12.224292 5.274782 3.846330 
1.999986 4.305000 12.224292 5.262558 3.846330 
1.999986 4.295000 12.224292 5.250333 3.846330 
1.999986 4.285000 12.224292 5.238109 3.846330 
1.999986 4.275000 12.224292 5.225885 3.846330 
1.999986 4.265000 12.224292 5.213660 3.846330 
1.999986 4.255000 12.224292 5.201436 3.846330 
1.999986 4.245000 12.224292 5.189212 3.846330 
1.999986 4.235000 12.224292 5.176988 3.846330 
1.999986 4.225000 12.224292 5.164763 3.846330 
1.999986 4.215000 12.224292 5.152539 3.846330 
1.999986 4.205000 12.224292 5.140315 3.846330 
1.999986 4.195000 12.224292 5.128090 3.846330 
1.999986 4.185000 12.224292 5.115866 3.846330 
1.999986 4.175000 12.224292 5.103642 3.846330 
1.999986 4.165000 12.224292 5.091418 3.846330 
1.999986 4.155000 12.224292 5.079193 3.846330 
1.999986 4.145000 12.224292 5.066969 3.846330 
1.999986 4.135000 12.224292 5.054745 3.846330 
1.999986 4.125000 12.224292 5.042520 3.846330 
1.999986 4.115000 12.224292 5.030296 3.846330 
1.999986 4.105000 12.224292 5.018072 3.846330 
1.999986 4.095000 12.224292 5.005847 3.846330 
1.999986 4.085000 12.224292 4.993623 3.846330 
1.999986 4.075000 12.224292 4.981399 3.846330 
1.999986 4.065000 12.224292 4.969175 3.846330 
1.999986 4.055000 12.224292 4.956950 3.846330 
1.999986 4.045000 12.224292 4.944726 3.846330 
1.999986 4.035000 12.224292 4.932502 3.846330 
1.999986 4.025000 12.224292 4.920277 3.846330 
1.999986 4.015000 12.224292 4.908053 3.846330 
1.999986 4.005000 12.224292 4.895829 3.846330 
1.999986 3.995000 12.224292 4.883605 3.846330 
1.999986 3.985000 12.224292 4.871380 3.846330 
1.999986 3.975000 12.224292 4.859156 3.846330 
1.999986 3.965000 12.224292 4.846932 3.846330 
1.999986 3.955000 12.224292 4.834707 3.846330 
1.999986 3.945000 12.224292 4.822483 3.846330 
1.999986 3.935000 12.224292 4.810259 3.846330 
1.999986 3.925000 12.224292 4.798035 3.846330 
1.999986 3.915000 12.224292 4.785810 3.846330 
1.999986 3.905000 12.224292 4.773586 3.846330 
1.999986 3.895000 12.224292 4.761362 3.846330 
1.999986 3.885000 12.224292 4.749137 3.846330 
1.999986 3.875000 12.224292 4.736913 3.846330 
1.999986 3.865000 12.224292 4.724689 3.846330 
1.999986 3.855000 12.224292 4.712464 3.846330 
1.999963 3.845000 12.224292 4.700240 3.529851 
1.999963 3.835000 12.224292 4.688016 3.529851 
1.999963 3.825000 12.224292 4.675792 3.529851 
1.999963 3.815000 12.224292 4.663567 3.529851 
1.999963 3.805000 12.224292 4.651343 3.529851 
1.999963 3.795000 12.224292 4.639119 3.529851 
1.999963 3.785000 12.224292 4.626894 3.529851 
1.999963 3.775000 12.224292 4.614670 3.529851 
1.999963 3.765000 12.224292 4.602446 3.529851 
1.999963 3.755000 12.224292 4.590222 3.529851 
1.999963 3.745000 12.224292 4.577997 3.529851 
1.999963 3.735000 12.224292 4.565773 3.529851 
1.999963 3.725000 12.224292 4.553549 3.529851 
1.999963 3.715000 12.224292 4.541324 3.529851 
1.999963 3.705000 12.224292 4.529100 3.529851 
1.999963 3.695000 12.224292 4.516876 3.529851 
1.999963 3.685000 12.224292 4.504652 3.529851 
1.999963 3.675000 12.224292 4.492427 3.529851 
1.999963 3.665000 12.224292 4.480203 3.529851 
1.999963 3.655000 12.224292 4.467979 3.529851 
1.999963 3.645000 12.224292 4.455754 3.529851 
1.999963 3.635000 12.224292 4.443530 3.529851 
1.999963 3.625000 12.224292 4.431306 3.529851 
1.999963 3.615000 12.224292 4.419081 3.529851 
1.999963 3.605000 12.224292 4.406857 3.529851 
1.999963 3.595000 12.224292 4.394633 3.529851 
1.999963 3.585000 12.224292 4.382409 3.529851 
1.999963 3.575000 12.224292 4.370184 3.529851 
1.999963 3.565000 12.224292 4.357960 3.529851 
1.999963 3.555000 12.224292 4.345736 3.529851 
1.999963 3.545000 12.224292 4.333511 3.529851 
1.999963 3.535000 12.224292 4.321287 3.529851 
1.999929 3.525000 12.224292 4.309063 3.316115 
1.999929 3.515000 12.224292 4.296839 3.316115 
1.999929 3.505000 12.224292 4.284614 3.316115 
1.999929 3.495000 12.224292 4.272390 3.316115 
1.999929 3.485000 12.224292 4.260166 3.316115 
1.999929 3.475000 12.224292 4.247941 3.316115 
1.999929 3.465000 12.224292 4.235717 3.316115 
1.999929 3.455000 12.224292 4.223493 3.316115 
1.999929 3.445000 12.224292 4.211269 3.316115 
1.999929 3.435000 12.224292 4.199044 3.316115 
1.999929 3.425000 12.224292 4.186820 3.316115 
1.999929 3.415000 12.224292 4.174596 3.316115 
1.999929 3.405000 12.224292 4.162371 3.316115 
1.999929 3.395000 12.224292 4.150147 3.316115 
1.999929 3.385000 12.224292 4.137923 3.316115 
1.999929 3.375000 12.224292 4.125698 3.316115 
1.999929 3.365000 12.224292 4.113474 3.316115 
1.999929 3.355000 12.224292 4.101250 3.316115 
1.999929 3.345000 12.224292 4.089026 3.316115 
1.999929 3.335000 12.224292 4.076801 3.316115 
1.999929 3.325000 12.224292 4.064577 3.316115 
1.999884 3.315000 12.224292 4.052353 3.154511 
1.999884 3.305000 12.224292 4.040128 3.154511 
1.999884 3.295000 12.224292 4.027904 3.154511 
1.999884 3.285000 12.224292 4.015680 3.154511 
1.999884 3.275000 12.224292 4.003456 3.154511 
1.999884 3.265000 12.224292 3.991231 3.154511 
1.999884 3.255000 12.224292 3.979007 3.154511 
1.999884 3.245000 12.224292 3.966783 3.154511 
1.999884 3.235000 12.224292 3.954558 3.154511 
1.999884 3.225000 12.224292 3.942334 3.154511 
1.999884 3.215000 12.224292 3.930110 3.154511 
1.999884 3.205000 12.224292 3.917886 3.154511 
1.999884 3.195000 12.224292 3.905661 3.154511 
1.999884 3.185000 12.224292 3.893437 3.154511 
1.999884 3.175000 12.224292 3.881213 3.154511 
1.999884 3.165000 12.224292 3.868988 3.154511 
1.999884 3.155000 12.224292 3.856764 3.154511 
1.999828 3.145000 12.224292 3.844540 3.024525 
1.999828 3.135000 12.224292 3.832315 3.024525 
1.999828 3.125000 12.224292 3.820091 3.024525 
1.999828 3.115000 12.224292 3.807867 3.024525 
1.999828 3.105000 12.224292 3.795643 3.024525 
1.999828 3.095000 12.224292 3.783418 3.024525 
1.999828 3.085000 12.224292 3.771194 3.024525 
1.999828 3.075000 12.224292 3.758970 3.024525 
1.999828 3.065000 12.224292 3.746745 3.024525 
1.999828 3.055000 12.224292 3.734521 3.024525 
1.999828 3.045000 12.224292 3.722297 3.024525 
1.999828 3.035000 12.224292 3.710073 3.024525 
1.999828 3.025000 12.224292 3.697848 3.024525 
1.999762 3.015000 12.224292 3.685624 2.915783 
1.999762 3.005000 12.224292 3.673400 2.915783 
1.999762 2.995000 12.224292 3.661175 2.915783 
1.999762 2.985000 12.224292 3.648951 2.915783 
1.999762 2.975000 12.224292 3.636727 2.915783 
1.999762 2.965000 12.224292 3.624503 2.915783 
1.999762 2.955000 12.224292 3.612278 2.915783 
1.999762 2.945000 12.224292 3.600054 2.915783 
1.999762 2.935000 12.224292 3.587830 2.915783 
1.999762 2.925000 12.224292 3.575605 2.915783 
1.999684 2.915000 12.224292 3.563381 2.822304 
1.999684 2.905000 12.224292 3.551157 2.822304 
1.999684 2.895000 12.224292 3.538932 2.822304 
1.999684 2.885000 12.224292 3.526708 2.822304 
1.999684 2.875000 12.224292 3.514484 2.822304 
1.999684 2.865000 12.224292 3.502260 2.822304 
1.999684 2.855000 12.224292 3.490035 2.822304 
1.999684 2.845000 12.224292 3.477811 2.822304 
1.999684 2.835000 12.224292 3.465587 2.822304 
1.999684 2.825000 12.224292 3.453362 2.822304 
1.999596 2.815000 12.224292 3.441138 2.740321 
1.999596 2.805000 12.224292 3.428914 2.740321 
1.999596 2.795000 12.224292 3.416690 2.740321 
1.999596 2.785000 12.224292 3.404465 2.740321 
1.999596 2.775000 12.224292 3.392241 2.740321 
1.999596 2.765000 12.224292 3.380017 2.740321 
1.999596 2.755000 12.224292 3.367792 2.740321 
1.999596 2.745000 12.224292 3.355568 2.740321 
1.999497 2.735000 12.224292 3.343344 2.667313 
1.999497 2.725000 12.224292 3.331120 2.667313 
1.999497 2.715000 12.224292 3.318895 2.667313 
1.999497 2.705000 12.224292 3.306671 2.667313 
1.999497 2.695000 12.224292 3.294447 2.667313 
1.999497 2.685000 12.224292 3.282222 2.667313 
1.999497 2.675000 12.224292 3.269998 2.667313 
1.999388 2.665000 12.224292 3.257774 2.601503 
1.999388 2.655000 12.224292 3.245549 2.601503 
1.999388 2.645000 12.224292 3.233325 2.601503 
1.999388 2.635000 12.224292 3.221101 2.601503 
1.999388 2.625000 12.224292 3.208877 2.601503 
1.999388 2.615000 12.224292 3.196652 2.601503 
1.999388 2.605000 12.224292 3.184428 2.601503 
1.999267 2.595000 12.224292 3.172204 2.541597 
1.999267 2.585000 12.224292 3.159979 2.541597 
1.999267 2.575000 12.224292 3.147755 2.541597 
1.999267 2.565000 12.224292 3.135531 2.541597 
1.999267 2.555000 12.224292 3.123307 2.541597 
1.999267 2.545000 12.224292 3.111082 2.541597 
1.999136 2.535000 12.224292 3.098858 2.486619 
1.999136 2.525000 12.224292 3.086634 2.486619 
1.999136 2.515000 12.224292 3.074409 2.486619 
1.999136 2.505000 12.224292 3.062185 2.486619 
1.999136 2.495000 12.224292 3.049961 2.486619 
1.998993 2.485000 12.224292 3.037737 2.435818 
1.998993 2.475000 12.224292 3.025512 2.435818 
1.998993 2.465000 12.224292 3.013288 2.435818 
1.998993 2.455000 12.224292 3.001064 2.435818 
1.998993 2.445000 12.224292 2.988839 2.435818 
1.998840 2.435000 12.224292 2.976615 2.388602 
1.998840 2.425000 12.224292 2.964391 2.388602 
1.998840 2.415000 12.224292 2.952166 2.388602 
1.998840 2.405000 12.224292 2.939942 2.388602 
1.998840 2.395000 12.224292 2.927718 2.388602 
1.998677 2.385000 12.224292 2.915494 2.344497 
1.998677 2.375000 12.224292 2.903269 2.344497 
1.998677 2.365000 12.224292 2.891045 2.344497 
1.998677 2.355000 12.224292 2.878821 2.344497 
1.998677 2.345000 12.224292 2.866596 2.344497 
1.998502 2.335000 12.224292 2.854372 2.303116 
1.998502 2.325000 12.224292 2.842148 2.303116 
1.998502 2.315000 12.224292 2.829924 2.303116 
1.998502 2.305000 12.224292 2.817699 2.303116 
1.998316 2.295000 12.224292 2.805475 2.264140 
1.998316 2.285000 12.224292 2.793251 2.264140 
1.998316 2.275000 12.224292 2.781026 2.264140 
1.998316 2.265000 12.224292 2.768802 2.264140 
1.998120 2.255000 12.224292 2.756578 2.227304 
1.998120 2.245000 12.224292 2.744354 2.227304 
1.998120 2.235000 12.224292 2.732129 2.227304 
1.997913 2.225000 12.224292 2.719905 2.192383 
1.997913 2.215000 12.224292 2.707681 2.192383 
1.997913 2.205000 12.224292 2.695456 2.192383 
1.997913 2.195000 12.224292 2.683232 2.192383 
1.997695 2.185000 12.224292 2.671008 2.159186 
1.997695 2.175000 12.224292 2.658783 2.159186 
1.997695 2.165000 12.224292 2.646559 2.159186 
1.997466 2.155000 12.224292 2.634335 2.127551 
1.997466 2.145000 12.224292 2.622111 2.127551 
1.997466 2.135000 12.224292 2.609886 2.127551 
1.997226 2.125000 12.224292 2.597662 2.097335 
1.997226 2.115000 12.224292 2.585438 2.097335 
1.997226 2.105000 12.224292 2.573213 2.097335 
1.996976 2.095000 12.224292 2.560989 2.068416 
1.996976 2.085000 12.224292 2.548765 2.068416 
1.996976 2.075000 12.224292 2.536541 2.068416 
1.996714 2.065000 12.224292 2.524316 2.040685 
1.996714 2.055000 12.224292 2.512092 2.040685 
1.996714 2.045000 12.224292 2.499868 2.040685 
1.996442 2.035000 12.224292 2.487643 2.014048 
1.996442 2.025000 12.224292 2.475419 2.014048 
1.996442 2.015000 12.224292 2.463195 2.014048 
1.996159 2.005000 12.224292 2.450971 1.988420 
1.996159 1.995000 12.224292 2.438746 1.988420 
1.995865 1.985000 12.224292 2.426522 1.963727 
1.995865 1.975000 12.224292 2.414298 1.963727 
1.995865 1.965000 12.224292 2.402073 1.963727 
1.995561 1.955000 12.224292 2.389849 1.939902 
1.995561 1.945000 12.224292 2.377625 1.939902 
1.995245 1.935000 12.224292 2.365400 1.916884 
1.995245 1.925000 12.224292 2.353176 1.916884 
1.994919 1.915000 12.224292 2.340952 1.894621 
1.994919 1.905000 12.224292 2.328728 1.894621 
1.994919 1.895000 12.224292 2.316503 1.894621 
1.994581 1.885000 12.224292 2.304279 1.873064 
1.994581 1.875000 12.224292 2.292055 1.873064 
1.994233 1.865000 12.224292 2.279830 1.852167 
1.994233 1.855000 12.224292 2.267606 1.852167 
1.993874 1.845000 12.224292 2.255382 1.831891 
1.993874 1.835000 12.224292 2.243158 1.831891 
1.993504 1.825000 12.224292 2.230933 1.812200 
1.993504 1.815000 12.224292 2.218709 1.812200 
1.993124 1.805000 12.224292 2.206485 1.793059 
1.993124 1.795000 12.224292 2.194260 1.793059 
1.992732 1.785000 12.224292 2.182036 1.774439 
1.992732 1.775000 12.224292 2.169812 1.774439 
1.992330 1.765000 12.224292 2.157588 1.756310 
1.991916 1.755000 12.224292 2.145363 1.738646 
1.991916 1.745000 12.224292 2.133139 1.738646 
1.991492 1.735000 12.224292 2.120915 1.721424 
1.991492 1.725000 12.224292 2.108690 1.721424 
1.991057 1.715000 12.224292 2.096466 1.704622 
1.991057 1.705000 12.224292 2.084242 1.704622 
1.990611 1.695000 12.224292 2.072017 1.688218 
1.990154 1.685000 12.224292 2.059793 1.672194 
1.990154 1.675000 12.224292 2.047569 1.672194 
1.989686 1.665000 12.224292 2.035345 1.656532 
1.989208 1.655000 12.224292 2.023120 1.641215 
1.989208 1.645000 12.224292 2.010896 1.641215 
1.988718 1.635000 12.224292 1.998672 1.626227 
1.988218 1.625000 12.224292 1.986447 1.611554 
1.988218 1.615000 12.224292 1.974223 1.611554 
1.987707 1.605000 12.224292 1.961999 1.597183 
1.987184 1.595000 12.224292 1.949775 1.583101 
1.987184 1.585000 12.224292 1.937550 1.583101 
1.986651 1.575000 12.224292 1.925326 1.569295 
1.986107 1.565000 12.224292 1.913102 1.555755 
1.985552 1.555000 12.224292 1.900877 1.542470 
1.985552 1.545000 12.224292 1.888653 1.542470 
1.984986 1.535000 12.224292 1.876429 1.529430 
1.984410 1.525000 12.224292 1.864204 1.516626 
1.983822 1.515000 12.224292 1.851980 1.504048 
1.983822 1.505000 12.224292 1.839756 1.504048 
1.983223 1.495000 12.224292 1.827532 1.491689 
1.982614 1.485000 12.224292 1.815307 1.479540 
1.981993 1.475000 12.224292 1.803083 1.467594 
1.981362 1.465000 12.224292 1.790859 1.455843 
1.980719 1.455000 12.224292 1.778634 1.444281 
1.980719 1.445000 12.224292 1.766410 1.444281 
1.980066 1.435000 12.224292 1.754186 1.432902 
1.979401 1.425000 12.224292 1.741962 1.421699 
1.978726 1.415000 12.224292 1.729737 1.410666 
1.978040 1.405000 12.224292 1.717513 1.399798 
1.977342 1.395000 12.224292 1.705289 1.389089 
1.976634 1.385000 12.224292 1.693064 1.378536 
1.975915 1.375000 12.224292 1.680840 1.368131 
1.975185 1.365000 12.224292 1.668616 1.357872 
1.974443 1.355000 12.224292 1.656392 1.347753 
1.973691 1.345000 12.224292 1.644167 1.337771 
1.972928 1.335000 12.224292 1.631943 1.327921 
1.972154 1.325000 12.224292 1.619719 1.318200 
1.971368 1.315000 12.224292 1.607494 1.308603 
1.970572 1.305000 12.224292 1.595270 1.299128 
1.969765 1.295000 12.224292 1.583046 1.289770 
1.968946 1.285000 12.224292 1.570821 1.280527 
1.968117 1.275000 12.224292 1.558597 1.271395 
1.967277 1.265000 12.224292 1.546373 1.262372 
1.966425 1.255000 12.224292 1.534149 1.253454 
1.965562 1.245000 12.224292 1.521924 1.244638 
1.963804 1.235000 12.224292 1.509700 1.227305 
1.962908 1.225000 12.224292 1.497476 1.218781 
1.962001 1.215000 12.224292 1.485251 1.210350 
1.961083 1.205000 12.224292 1.473027 1.202009 
1.960154 1.195000 12.224292 1.460803 1.193756 
1.958263 1.185000 12.224292 1.448579 1.177505 
1.957300 1.175000 12.224292 1.436354 1.169503 
1.956327 1.165000 12.224292 1.424130 1.161580 
1.955342 1.155000 12.224292 1.411906 1.153735 
1.953339 1.145000 12.224292 1.399681 1.138270 
1.952321 1.135000 12.224292 1.387457 1.130647 
1.951292 1.125000 12.224292 1.375233 1.123095 
1.949199 1.115000 12.224292 1.363009 1.108197 
1.948137 1.105000 12.224292 1.350784 1.100847 
1.947062 1.095000 12.224292 1.338560 1.093562 
1.944881 1.085000 12.224292 1.326336 1.079180 
1.943773 1.075000 12.224292 1.314111 1.072081 
1.941524 1.065000 12.224292 1.301887 1.058057 
1.940382 1.055000 12.224292 1.289663 1.051131 
1.939229 1.045000 12.224292 1.277438 1.044261 
1.936890 1.035000 12.224292 1.265214 1.030681 
1.935704 1.025000 12.224292 1.252990 1.023970 
1.933297 1.015000 12.224292 1.240766 1.010699 
1.932076 1.005000 12.224292 1.228541 1.004138 
1.929601 0.995000 12.224292 1.216317 0.991158 
1.928347 0.985000 12.224292 1.204093 0.984737 
1.925804 0.975000 12.224292 1.191868 0.972031 
1.923215 0.965000 12.224292 1.179644 0.959498 
1.921904 0.955000 12.224292 1.167420 0.953295 
1.919247 0.945000 12.224292 1.155196 0.941010 
1.917901 0.935000 12.224292 1.142971 0.934926 
1.915176 0.925000 12.224292 1.130747 0.922875 
1.912405 0.915000 12.224292 1.118523 0.910973 
1.909587 0.905000 12.224292 1.106298 0.899214 
1.908162 0.895000 12.224292 1.094074 0.893386 
1.905275 0.885000 12.224292 1.081850 0.881832 
1.902343 0.875000 12.224292 1.069626 0.870409 
1.900860 0.865000 12.224292 1.057401 0.864744 
1.897858 0.855000 12.224292 1.045177 0.853508 
1.894810 0.845000 12.224292 1.032953 0.842390 
1.891715 0.835000 12.224292 1.020728 0.831387 
1.888574 0.825000 12.224292 1.008504 0.820495 
1.885386 0.815000 12.224292 0.996280 0.809709 
1.883774 0.805000 12.224292 0.984055 0.804356 
1.880516 0.795000 12.224292 0.971831 0.793724 
1.877211 0.785000 12.224292 0.959607 0.783189 
1.873859 0.775000 12.224292 0.947383 0.772749 
1.870460 0.765000 12.224292 0.935158 0.762400 
1.867014 0.755000 12.224292 0.922934 0.752139 
1.863520 0.745000 12.224292 0.910710 0.741963 
1.859978 0.735000 12.224292 0.898485 0.731868 
1.856389 0.725000 12.224292 0.886261 0.721852 
1.852753 0.715000 12.224292 0.874037 0.711913 
1.849068 0.705000 12.224292 0.861813 0.702047 
1.845335 0.695000 12.224292 0.849588 0.692252 
1.841555 0.685000 12.224292 0.837364 0.682526 
1.837726 0.675000 12.224292 0.825140 0.672865 
1.833848 0.665000 12.224292 0.812915 0.663269 
1.829922 0.655000 12.224292 0.800691 0.653733 
1.825948 0.645000 12.224292 0.788467 0.644257 
1.821924 0.635000 12.224292 0.776243 0.634838 
1.815798 0.625000 12.224292 0.764018 0.620811 
1.811652 0.615000 12.224292 0.751794 0.611525 
1.807456 0.605000 12.224292 0.739570 0.602290 
1.803212 0.595000 12.224292 0.727345 0.593102 
1.798917 0.585000 12.224292 0.715121 0.583960 
1.794573 0.575000 12.224292 0.702897 0.574863 
1.787964 0.565000 12.224292 0.690672 0.561296 
1.783495 0.555000 12.224292 0.678448 0.552302 
1.778975 0.545000 12.224292 0.666224 0.543346 
1.774405 0.535000 12.224292 0.654000 0.534426 
1.767455 0.525000 12.224292 0.641775 0.521113 
1.762758 0.515000 12.224292 0.629551 0.512278 
1.758010 0.505000 12.224292 0.617327 0.503475 
1.753211 0.495000 12.224292 0.605102 0.494701 
1.745916 0.485000 12.224292 0.592878 0.481593 
1.740987 0.475000 12.224292 0.580654 0.472887 
1.736007 0.465000 12.224292 0.568430 0.464205 
1.728439 0.455000 12.224292 0.556205 0.451227 
1.723328 0.445000 12.224292 0.543981 0.442601 
1.718165 0.435000 12.224292 0.531757 0.433995 
1.710321 0.425000 12.224292 0.519532 0.421121 
1.705025 0.415000 12.224292 0.507308 0.412559 
1.699675 0.405000 12.224292 0.495084 0.404013 
1.691551 0.395000 12.224292 0.482860 0.391219 
1.686067 0.385000 12.224292 0.470635 0.382706 
1.680530 0.375000 12.224292 0.458411 0.374203 
1.672121 0.365000 12.224292 0.446187 0.361467 
1.666447 0.355000 12.224292 0.433962 0.352987 
1.660718 0.345000 12.224292 0.421738 0.344513 
1.652021 0.335000 12.224292 0.409514 0.331813 
1.646153 0.325000 12.224292 0.397289 0.323351 
1.640230 0.315000 12.224292 0.385065 0.314892 
1.631240 0.305000 12.224292 0.372841 0.302206 
1.625176 0.295000 12.224292 0.360617 0.293748 
1.615973 0.285000 12.224292 0.348392 0.281059 
1.609767 0.275000 12.224292 0.336168 0.272596 
1.603503 0.265000 12.224292 0.323944 0.264128 
1.593998 0.255000 12.224292 0.311719 0.251416 
1.587589 0.245000 12.224292 0.299495 0.242933 
1.581122 0.235000 12.224292 0.287271 0.234441 
1.571311 0.225000 12.224292 0.275047 0.221686 
1.564696 0.215000 12.224292 0.262822 0.213168 
1.558021 0.205000 12.224292 0.250598 0.204638 
1.547897 0.195000 12.224292 0.238374 0.191817 
1.541072 0.185000 12.224292 0.226149 0.183251 
1.534187 0.175000 12.224292 0.213925 0.174668 
1.523743 0.165000 12.224292 0.201701 0.161760 
1.516704 0.155000 12.224292 0.189477 0.153131 
1.509603 0.145000 12.224292 0.177252 0.144481 
1.498835 0.135000 12.224292 0.165028 0.131464 
1.491577 0.125000 12.224292 0.152804 0.122756 
1.484256 0.115000 12.224292 0.140579 0.114023 
1.473155 0.105000 12.224292 0.128355 0.100873 
1.465674 0.095000 12.224292 0.116131 0.092071 
1.458128 0.085000 12.224292 0.103906 0.083240 
1.450517 0.075000 12.224292 0.091682 0.074377 
1.438977 0.065000 12.224292 0.079458 0.061021 
1.431202 0.055000 12.224292 0.067234 0.052075 
1.423359 0.045000 12.224292 0.055009 0.043092 
1.415450 0.035000 12.224292 0.042785 0.034072 
1.403458 0.025000 12.224292 0.030561 0.020467 
1.395379 0.015000 12.224292 0.018336 0.011347 
