1.999998 9.985000 0.567401 0.566550 2.423131 
1.999998 9.975000 0.567401 0.565983 2.423131 
1.999998 9.965000 0.567401 0.565415 2.423131 
1.999998 9.955000 0.567401 0.564848 2.423131 
1.999998 9.945000 0.567401 0.564281 2.423131 
1.999998 9.935000 0.567401 0.563713 2.423131 
1.999998 9.925000 0.567401 0.563146 2.423131 
1.999998 9.915000 0.567401 0.562578 2.423131 
1.999998 9.905000 0.567401 0.562011 2.423131 
1.999998 9.895000 0.567401 0.561444 2.423131 
1.999998 9.885000 0.567401 0.560876 2.423131 
1.999998 9.875000 0.567401 0.560309 2.423131 
1.999998 9.865000 0.567401 0.559741 2.423131 
1.999998 9.855000 0.567401 0.559174 2.423131 
1.999998 9.845000 0.567401 0.558607 2.423131 
1.999998 9.835000 0.567401 0.558039 2.423131 
1.999998 9.825000 0.567401 0.557472 2.423131 
1.999998 9.815000 0.567401 0.556904 2.423131 
1.999998 9.805000 0.567401 0.556337 2.423131 
1.999998 9.795000 0.567401 0.555770 2.423131 
1.999998 9.785000 0.567401 0.555202 2.423131 
1.999998 9.775000 0.567401 0.554635 2.423131 
1.999998 9.765000 0.567401 0.554067 2.423131 
1.999998 9.755000 0.567401 0.553500 2.423131 
1.999998 9.745000 0.567401 0.552933 2.423131 
1.999998 9.735000 0.567401 0.552365 2.423131 
1.999998 9.725000 0.567401 0.551798 2.423131 
1.999998 9.715000 0.567401 0.551230 2.423131 
1.999998 9.705000 0.567401 0.550663 2.423131 
1.999998 9.695000 0.567401 0.550096 2.423131 
1.999998 9.685000 0.567401 0.549528 2.423131 
1.999998 9.675000 0.567401 0.548961 2.423131 
1.999998 9.665000 0.567401 0.548393 2.423131 
1.999998 9.655000 0.567401 0.547826 2.423131 
1.999998 9.645000 0.567401 0.547259 2.423131 
1.999998 9.635000 0.567401 0.546691 2.423131 
1.999998 9.625000 0.567401 0.546124 2.423131 
1.999998 9.615000 0.567401 0.545556 2.423131 
1.999998 9.605000 0.567401 0.544989 2.423131 
1.999998 9.595000 0.567401 0.544422 2.423131 
1.999998 9.585000 0.567401 0.543854 2.423131 
1.999998 9.575000 0.567401 0.543287 2.423131 
1.999998 9.565000 0.567401 0.542719 2.423131 
1.999998 9.555000 0.567401 0.542152 2.423131 
1.999998 9.545000 0.567401 0.541585 2.423131 
1.999998 9.535000 0.567401 0.541017 2.423131 
1.999998 9.525000 0.567401 0.540450 2.423131 
1.999998 9.515000 0.567401 0.539882 2.423131 
1.999998 9.505000 0.567401 0.539315 2.423131 
1.999998 9.495000 0.567401 0.538748 2.423131 
1.999998 9.485000 0.567401 0.538180 2.423131 
1.999998 9.475000 0.567401 0.537613 2.423131 
1.999998 9.465000 0.567401 0.537045 2.423131 
1.999998 9.455000 0.567401 0.536478 2.423131 
1.999998 9.445000 0.567401 0.535911 2.423131 
1.999998 9.435000 0.567401 0.535343 2.423131 
1.999998 9.425000 0.567401 0.534776 2.423131 
1.999998 9.415000 0.567401 0.534208 2.423131 
1.999998 9.405000 0.567401 0.533641 2.423131 
1.999998 9.395000 0.567401 0.533074 2.423131 
1.999998 9.385000 0.567401 0.532506 2.423131 
1.999998 9.375000 0.567401 0.531939 2.423131 
1.999998 9.365000 0.567401 0.531371 2.423131 
1.999998 9.355000 0.567401 0.530804 2.423131 
1.999998 9.345000 0.567401 0.530237 2.423131 
1.999998 9.335000 0.567401 0.529669 2.423131 
1.999998 9.325000 0.567401 0.529102 2.423131 
1.999998 9.315000 0.567401 0.528534 2.423131 
1.999998 9.305000 0.567401 0.527967 2.423131 
1.999998 9.295000 0.567401 0.527400 2.423131 
1.999998 9.285000 0.567401 0.526832 2.423131 
1.999998 9.275000 0.567401 0.526265 2.423131 
1.999998 9.265000 0.567401 0.525697 2.423131 
1.999998 9.255000 0.567401 0.525130 2.423131 
1.999998 9.245000 0.567401 0.524563 2.423131 
1.999998 9.235000 0.567401 0.523995 2.423131 
1.999998 9.225000 0.567401 0.523428 2.423131 
1.999998 9.215000 0.567401 0.522860 2.423131 
1.999998 9.205000 0.567401 0.522293 2.423131 
1.999998 9.195000 0.567401 0.521726 2.423131 
1.999998 9.185000 0.567401 0.521158 2.423131 
1.999998 9.175000 0.567401 0.520591 2.423131 
1.999998 9.165000 0.567401 0.520023 2.423131 
1.999998 9.155000 0.567401 0.519456 2.423131 
1.999998 9.145000 0.567401 0.518889 2.423131 
1.999998 9.135000 0.567401 0.518321 2.423131 
1.999998 9.125000 0.567401 0.517754 2.423131 
1.999998 9.115000 0.567401 0.517186 2.423131 
1.999998 9.105000 0.567401 0.516619 2.423131 
1.999998 9.095000 0.567401 0.516052 2.423131 
1.999998 9.085000 0.567401 0.515484 2.423131 
1.999998 9.075000 0.567401 0.514917 2.423131 
1.999998 9.065000 0.567401 0.514349 2.423131 
1.999998 9.055000 0.567401 0.513782 2.423131 
1.999998 9.045000 0.567401 0.513215 2.423131 
1.999998 9.035000 0.567401 0.512647 2.423131 
1.999998 9.025000 0.567401 0.512080 2.423131 
1.999998 9.015000 0.567401 0.511512 2.423131 
1.999998 9.005000 0.567401 0.510945 2.423131 
1.999998 8.995000 0.567401 0.510378 2.423131 
1.999998 8.985000 0.567401 0.509810 2.423131 
1.999998 8.975000 0.567401 0.509243 2.423131 
1.999998 8.965000 0.567401 0.508675 2.423131 
1.999998 8.955000 0.567401 0.508108 2.423131 
1.999998 8.945000 0.567401 0.507541 2.423131 
1.999998 8.935000 0.567401 0.506973 2.423131 
1.999998 8.925000 0.567401 0.506406 2.423131 
1.999998 8.915000 0.567401 0.505838 2.423131 
1.999998 8.905000 0.567401 0.505271 2.423131 
1.999998 8.895000 0.567401 0.504704 2.423131 
1.999998 8.885000 0.567401 0.504136 2.423131 
1.999998 8.875000 0.567401 0.503569 2.423131 
1.999998 8.865000 0.567401 0.503001 2.423131 
1.999998 8.855000 0.567401 0.502434 2.423131 
1.999998 8.845000 0.567401 0.501867 2.423131 
1.999998 8.835000 0.567401 0.501299 2.423131 
1.999998 8.825000 0.567401 0.500732 2.423131 
1.999998 8.815000 0.567401 0.500164 2.423131 
1.999998 8.805000 0.567401 0.499597 2.423131 
1.999998 8.795000 0.567401 0.499029 2.423131 
1.999998 8.785000 0.567401 0.498462 2.423131 
1.999998 8.775000 0.567401 0.497895 2.423131 
1.999998 8.765000 0.567401 0.497327 2.423131 
1.999998 8.755000 0.567401 0.496760 2.423131 
1.999998 8.745000 0.567401 0.496192 2.423131 
1.999998 8.735000 0.567401 0.495625 2.423131 
1.999998 8.725000 0.567401 0.495058 2.423131 
1.999998 8.715000 0.567401 0.494490 2.423131 
1.999998 8.705000 0.567401 0.493923 2.423131 
1.999998 8.695000 0.567401 0.493355 2.423131 
1.999998 8.685000 0.567401 0.492788 2.423131 
1.999998 8.675000 0.567401 0.492221 2.423131 
1.999998 8.665000 0.567401 0.491653 2.423131 
1.999998 8.655000 0.567401 0.491086 2.423131 
1.999998 8.645000 0.567401 0.490518 2.423131 
1.999998 8.635000 0.567401 0.489951 2.423131 
1.999998 8.625000 0.567401 0.489384 2.423131 
1.999998 8.615000 0.567401 0.488816 2.423131 
1.999998 8.605000 0.567401 0.488249 2.423131 
1.999998 8.595000 0.567401 0.487681 2.423131 
1.999998 8.585000 0.567401 0.487114 2.423131 
1.999998 8.575000 0.567401 0.486547 2.423131 
1.999998 8.565000 0.567401 0.485979 2.423131 
1.999998 8.555000 0.567401 0.485412 2.423131 
1.999998 8.545000 0.567401 0.484844 2.423131 
1.999998 8.535000 0.567401 0.484277 2.423131 
1.999998 8.525000 0.567401 0.483710 2.423131 
1.999998 8.515000 0.567401 0.483142 2.423131 
1.999998 8.505000 0.567401 0.482575 2.423131 
1.999998 8.495000 0.567401 0.482007 2.423131 
1.999998 8.485000 0.567401 0.481440 2.423131 
1.999998 8.475000 0.567401 0.480873 2.423131 
1.999998 8.465000 0.567401 0.480305 2.423131 
1.999998 8.455000 0.567401 0.479738 2.423131 
1.999998 8.445000 0.567401 0.479170 2.423131 
1.999998 8.435000 0.567401 0.478603 2.423131 
1.999998 8.425000 0.567401 0.478036 2.423131 
1.999998 8.415000 0.567401 0.477468 2.423131 
1.999998 8.405000 0.567401 0.476901 2.423131 
1.999998 8.395000 0.567401 0.476333 2.423131 
1.999998 8.385000 0.567401 0.475766 2.423131 
1.999998 8.375000 0.567401 0.475199 2.423131 
1.999998 8.365000 0.567401 0.474631 2.423131 
1.999998 8.355000 0.567401 0.474064 2.423131 
1.999998 8.345000 0.567401 0.473496 2.423131 
1.999998 8.335000 0.567401 0.472929 2.423131 
1.999998 8.325000 0.567401 0.472362 2.423131 
1.999998 8.315000 0.567401 0.471794 2.423131 
1.999998 8.305000 0.567401 0.471227 2.423131 
1.999998 8.295000 0.567401 0.470659 2.423131 
1.999998 8.285000 0.567401 0.470092 2.423131 
1.999998 8.275000 0.567401 0.469525 2.423131 
1.999998 8.265000 0.567401 0.468957 2.423131 
1.999998 8.255000 0.567401 0.468390 2.423131 
1.999998 8.245000 0.567401 0.467822 2.423131 
1.999998 8.235000 0.567401 0.467255 2.423131 
1.999998 8.225000 0.567401 0.466688 2.423131 
1.999998 8.215000 0.567401 0.466120 2.423131 
1.999998 8.205000 0.567401 0.465553 2.423131 
1.999998 8.195000 0.567401 0.464985 2.423131 
1.999998 8.185000 0.567401 0.464418 2.423131 
1.999998 8.175000 0.567401 0.463851 2.423131 
1.999998 8.165000 0.567401 0.463283 2.423131 
1.999998 8.155000 0.567401 0.462716 2.423131 
1.999998 8.145000 0.567401 0.462148 2.423131 
1.999998 8.135000 0.567401 0.461581 2.423131 
1.999998 8.125000 0.567401 0.461014 2.423131 
1.999998 8.115000 0.567401 0.460446 2.423131 
1.999998 8.105000 0.567401 0.459879 2.423131 
1.999998 8.095000 0.567401 0.459311 2.423131 
1.999998 8.085000 0.567401 0.458744 2.423131 
1.999998 8.075000 0.567401 0.458177 2.423131 
1.999998 8.065000 0.567401 0.457609 2.423131 
1.999998 8.055000 0.567401 0.457042 2.423131 
1.999998 8.045000 0.567401 0.456474 2.423131 
1.999998 8.035000 0.567401 0.455907 2.423131 
1.999998 8.025000 0.567401 0.455340 2.423131 
1.999998 8.015000 0.567401 0.454772 2.423131 
1.999998 8.005000 0.567401 0.454205 2.423131 
1.999998 7.995000 0.567401 0.453637 2.423131 
1.999998 7.985000 0.567401 0.453070 2.423131 
1.999998 7.975000 0.567401 0.452503 2.423131 
1.999998 7.965000 0.567401 0.451935 2.423131 
1.999998 7.955000 0.567401 0.451368 2.423131 
1.999998 7.945000 0.567401 0.450800 2.423131 
1.999998 7.935000 0.567401 0.450233 2.423131 
1.999998 7.925000 0.567401 0.449666 2.423131 
1.999998 7.915000 0.567401 0.449098 2.423131 
1.999998 7.905000 0.567401 0.448531 2.423131 
1.999998 7.895000 0.567401 0.447963 2.423131 
1.999998 7.885000 0.567401 0.447396 2.423131 
1.999998 7.875000 0.567401 0.446829 2.423131 
1.999998 7.865000 0.567401 0.446261 2.423131 
1.999998 7.855000 0.567401 0.445694 2.423131 
1.999998 7.845000 0.567401 0.445126 2.423131 
1.999998 7.835000 0.567401 0.444559 2.423131 
1.999998 7.825000 0.567401 0.443992 2.423131 
1.999998 7.815000 0.567401 0.443424 2.423131 
1.999998 7.805000 0.567401 0.442857 2.423131 
1.999998 7.795000 0.567401 0.442289 2.423131 
1.999998 7.785000 0.567401 0.441722 2.423131 
1.999998 7.775000 0.567401 0.441155 2.423131 
1.999998 7.765000 0.567401 0.440587 2.423131 
1.999998 7.755000 0.567401 0.440020 2.423131 
1.999998 7.745000 0.567401 0.439452 2.423131 
1.999998 7.735000 0.567401 0.438885 2.423131 
1.999998 7.725000 0.567401 0.438318 2.423131 
1.999998 7.715000 0.567401 0.437750 2.423131 
1.999998 7.705000 0.567401 0.437183 2.423131 
1.999998 7.695000 0.567401 0.436615 2.423131 
1.999998 7.685000 0.567401 0.436048 2.423131 
1.999998 7.675000 0.567401 0.435481 2.423131 
1.999998 7.665000 0.567401 0.434913 2.423131 
1.999998 7.655000 0.567401 0.434346 2.423131 
1.999998 7.645000 0.567401 0.433778 2.423131 
1.999998 7.635000 0.567401 0.433211 2.423131 
1.999998 7.625000 0.567401 0.432644 2.423131 
1.999998 7.615000 0.567401 0.432076 2.423131 
1.999998 7.605000 0.567401 0.431509 2.423131 
1.999998 7.595000 0.567401 0.430941 2.423131 
1.999998 7.585000 0.567401 0.430374 2.423131 
1.999998 7.575000 0.567401 0.429807 2.423131 
1.999998 7.565000 0.567401 0.429239 2.423131 
1.999998 7.555000 0.567401 0.428672 2.423131 
1.999998 7.545000 0.567401 0.428104 2.423131 
1.999998 7.535000 0.567401 0.427537 2.423131 
1.999998 7.525000 0.567401 0.426970 2.423131 
1.999998 7.515000 0.567401 0.426402 2.423131 
1.999998 7.505000 0.567401 0.425835 2.423131 
1.999998 7.495000 0.567401 0.425267 2.423131 
1.999998 7.485000 0.567401 0.424700 2.423131 
1.999998 7.475000 0.567401 0.424133 2.423131 
1.999998 7.465000 0.567401 0.423565 2.423131 
1.999998 7.455000 0.567401 0.422998 2.423131 
1.999998 7.445000 0.567401 0.422430 2.423131 
1.999998 7.435000 0.567401 0.421863 2.423131 
1.999998 7.425000 0.567401 0.421296 2.423131 
1.999998 7.415000 0.567401 0.420728 2.423131 
1.999998 7.405000 0.567401 0.420161 2.423131 
1.999998 7.395000 0.567401 0.419593 2.423131 
1.999998 7.385000 0.567401 0.419026 2.423131 
1.999998 7.375000 0.567401 0.418459 2.423131 
1.999998 7.365000 0.567401 0.417891 2.423131 
1.999998 7.355000 0.567401 0.417324 2.423131 
1.999998 7.345000 0.567401 0.416756 2.423131 
1.999998 7.335000 0.567401 0.416189 2.423131 
1.999998 7.325000 0.567401 0.415621 2.423131 
1.999998 7.315000 0.567401 0.415054 2.423131 
1.999998 7.305000 0.567401 0.414487 2.423131 
1.999998 7.295000 0.567401 0.413919 2.423131 
1.999998 7.285000 0.567401 0.413352 2.423131 
1.999998 7.275000 0.567401 0.412784 2.423131 
1.999998 7.265000 0.567401 0.412217 2.423131 
1.999998 7.255000 0.567401 0.411650 2.423131 
1.999998 7.245000 0.567401 0.411082 2.423131 
1.999998 7.235000 0.567401 0.410515 2.423131 
1.999998 7.225000 0.567401 0.409947 2.423131 
1.999998 7.215000 0.567401 0.409380 2.423131 
1.999998 7.205000 0.567401 0.408813 2.423131 
1.999998 7.195000 0.567401 0.408245 2.423131 
1.999998 7.185000 0.567401 0.407678 2.423131 
1.999998 7.175000 0.567401 0.407110 2.423131 
1.999998 7.165000 0.567401 0.406543 2.423131 
1.999998 7.155000 0.567401 0.405976 2.423131 
1.999998 7.145000 0.567401 0.405408 2.423131 
1.999998 7.135000 0.567401 0.404841 2.423131 
1.999998 7.125000 0.567401 0.404273 2.423131 
1.999998 7.115000 0.567401 0.403706 2.423131 
1.999998 7.105000 0.567401 0.403139 2.423131 
1.999998 7.095000 0.567401 0.402571 2.423131 
1.999998 7.085000 0.567401 0.402004 2.423131 
1.999998 7.075000 0.567401 0.401436 2.423131 
1.999998 7.065000 0.567401 0.400869 2.423131 
1.999998 7.055000 0.567401 0.400302 2.423131 
1.999998 7.045000 0.567401 0.399734 2.423131 
1.999998 7.035000 0.567401 0.399167 2.423131 
1.999998 7.025000 0.567401 0.398599 2.423131 
1.999998 7.015000 0.567401 0.398032 2.423131 
1.999998 7.005000 0.567401 0.397465 2.423131 
1.999998 6.995000 0.567401 0.396897 2.423131 
1.999998 6.985000 0.567401 0.396330 2.423131 
1.999998 6.975000 0.567401 0.395762 2.423131 
1.999998 6.965000 0.567401 0.395195 2.423131 
1.999998 6.955000 0.567401 0.394628 2.423131 
1.999998 6.945000 0.567401 0.394060 2.423131 
1.999998 6.935000 0.567401 0.393493 2.423131 
1.999998 6.925000 0.567401 0.392925 2.423131 
1.999998 6.915000 0.567401 0.392358 2.423131 
1.999998 6.905000 0.567401 0.391791 2.423131 
1.999998 6.895000 0.567401 0.391223 2.423131 
1.999998 6.885000 0.567401 0.390656 2.423131 
1.999998 6.875000 0.567401 0.390088 2.423131 
1.999998 6.865000 0.567401 0.389521 2.423131 
1.999998 6.855000 0.567401 0.388954 2.423131 
1.999998 6.845000 0.567401 0.388386 2.423131 
1.999998 6.835000 0.567401 0.387819 2.423131 
1.999998 6.825000 0.567401 0.387251 2.423131 
1.999998 6.815000 0.567401 0.386684 2.423131 
1.999998 6.805000 0.567401 0.386117 2.423131 
1.999998 6.795000 0.567401 0.385549 2.423131 
1.999998 6.785000 0.567401 0.384982 2.423131 
1.999998 6.775000 0.567401 0.384414 2.423131 
1.999998 6.765000 0.567401 0.383847 2.423131 
1.999998 6.755000 0.567401 0.383280 2.423131 
1.999998 6.745000 0.567401 0.382712 2.423131 
1.999998 6.735000 0.567401 0.382145 2.423131 
1.999998 6.725000 0.567401 0.381577 2.423131 
1.999998 6.715000 0.567401 0.381010 2.423131 
1.999998 6.705000 0.567401 0.380443 2.423131 
1.999998 6.695000 0.567401 0.379875 2.423131 
1.999998 6.685000 0.567401 0.379308 2.423131 
1.999998 6.675000 0.567401 0.378740 2.423131 
1.999998 6.665000 0.567401 0.378173 2.423131 
1.999998 6.655000 0.567401 0.377606 2.423131 
1.999998 6.645000 0.567401 0.377038 2.423131 
1.999998 6.635000 0.567401 0.376471 2.423131 
1.999998 6.625000 0.567401 0.375903 2.423131 
1.999998 6.615000 0.567401 0.375336 2.423131 
1.999998 6.605000 0.567401 0.374769 2.423131 
1.999998 6.595000 0.567401 0.374201 2.423131 
1.999998 6.585000 0.567401 0.373634 2.423131 
1.999998 6.575000 0.567401 0.373066 2.423131 
1.999998 6.565000 0.567401 0.372499 2.423131 
1.999998 6.555000 0.567401 0.371932 2.423131 
1.999998 6.545000 0.567401 0.371364 2.423131 
1.999998 6.535000 0.567401 0.370797 2.423131 
1.999998 6.525000 0.567401 0.370229 2.423131 
1.999998 6.515000 0.567401 0.369662 2.423131 
1.999998 6.505000 0.567401 0.369095 2.423131 
1.999998 6.495000 0.567401 0.368527 2.423131 
1.999998 6.485000 0.567401 0.367960 2.423131 
1.999998 6.475000 0.567401 0.367392 2.423131 
1.999998 6.465000 0.567401 0.366825 2.423131 
1.999998 6.455000 0.567401 0.366258 2.423131 
1.999998 6.445000 0.567401 0.365690 2.423131 
1.999998 6.435000 0.567401 0.365123 2.423131 
1.999998 6.425000 0.567401 0.364555 2.423131 
1.999998 6.415000 0.567401 0.363988 2.423131 
1.999998 6.405000 0.567401 0.363421 2.423131 
1.999998 6.395000 0.567401 0.362853 2.423131 
1.999998 6.385000 0.567401 0.362286 2.423131 
1.999998 6.375000 0.567401 0.361718 2.423131 
1.999998 6.365000 0.567401 0.361151 2.423131 
1.999998 6.355000 0.567401 0.360584 2.423131 
1.999998 6.345000 0.567401 0.360016 2.423131 
1.999998 6.335000 0.567401 0.359449 2.423131 
1.999998 6.325000 0.567401 0.358881 2.423131 
1.999998 6.315000 0.567401 0.358314 2.423131 
1.999998 6.305000 0.567401 0.357747 2.423131 
1.999998 6.295000 0.567401 0.357179 2.423131 
1.999998 6.285000 0.567401 0.356612 2.423131 
1.999998 6.275000 0.567401 0.356044 2.423131 
1.999998 6.265000 0.567401 0.355477 2.423131 
1.999998 6.255000 0.567401 0.354910 2.423131 
1.999998 6.245000 0.567401 0.354342 2.423131 
1.999998 6.235000 0.567401 0.353775 2.423131 
1.999998 6.225000 0.567401 0.353207 2.423131 
1.999998 6.215000 0.567401 0.352640 2.423131 
1.999998 6.205000 0.567401 0.352073 2.423131 
1.999998 6.195000 0.567401 0.351505 2.423131 
1.999998 6.185000 0.567401 0.350938 2.423131 
1.999998 6.175000 0.567401 0.350370 2.423131 
1.999998 6.165000 0.567401 0.349803 2.423131 
1.999998 6.155000 0.567401 0.349236 2.423131 
1.999998 6.145000 0.567401 0.348668 2.423131 
1.999998 6.135000 0.567401 0.348101 2.423131 
1.999998 6.125000 0.567401 0.347533 2.423131 
1.999998 6.115000 0.567401 0.346966 2.423131 
1.999998 6.105000 0.567401 0.346399 2.423131 
1.999998 6.095000 0.567401 0.345831 2.423131 
1.999998 6.085000 0.567401 0.345264 2.423131 
1.999998 6.075000 0.567401 0.344696 2.423131 
1.999998 6.065000 0.567401 0.344129 2.423131 
1.999998 6.055000 0.567401 0.343562 2.423131 
1.999998 6.045000 0.567401 0.342994 2.423131 
1.999998 6.035000 0.567401 0.342427 2.423131 
1.999998 6.025000 0.567401 0.341859 2.423131 
1.999998 6.015000 0.567401 0.341292 2.423131 
1.999998 6.005000 0.567401 0.340725 2.423131 
1.999998 5.995000 0.567401 0.340157 2.423131 
1.999998 5.985000 0.567401 0.339590 2.423131 
1.999998 5.975000 0.567401 0.339022 2.423131 
1.999998 5.965000 0.567401 0.338455 2.423131 
1.999998 5.955000 0.567401 0.337888 2.423131 
1.999998 5.945000 0.567401 0.337320 2.423131 
1.999998 5.935000 0.567401 0.336753 2.423131 
1.999998 5.925000 0.567401 0.336185 2.423131 
1.999998 5.915000 0.567401 0.335618 2.423131 
1.999998 5.905000 0.567401 0.335051 2.423131 
1.999998 5.895000 0.567401 0.334483 2.423131 
1.999998 5.885000 0.567401 0.333916 2.423131 
1.999998 5.875000 0.567401 0.333348 2.423131 
1.999998 5.865000 0.567401 0.332781 2.423131 
1.999998 5.855000 0.567401 0.332213 2.423131 
1.999998 5.845000 0.567401 0.331646 2.423131 
1.999998 5.835000 0.567401 0.331079 2.423131 
1.999998 5.825000 0.567401 0.330511 2.423131 
1.999998 5.815000 0.567401 0.329944 2.423131 
1.999998 5.805000 0.567401 0.329376 2.423131 
1.999998 5.795000 0.567401 0.328809 2.423131 
1.999998 5.785000 0.567401 0.328242 2.423131 
1.999998 5.775000 0.567401 0.327674 2.423131 
1.999998 5.765000 0.567401 0.327107 2.423131 
1.999998 5.755000 0.567401 0.326539 2.423131 
1.999998 5.745000 0.567401 0.325972 2.423131 
1.999998 5.735000 0.567401 0.325405 2.423131 
1.999998 5.725000 0.567401 0.324837 2.423131 
1.999998 5.715000 0.567401 0.324270 2.423131 
1.999998 5.705000 0.567401 0.323702 2.423131 
1.999998 5.695000 0.567401 0.323135 2.423131 
1.999998 5.685000 0.567401 0.322568 2.423131 
1.999998 5.675000 0.567401 0.322000 2.423131 
1.999998 5.665000 0.567401 0.321433 2.423131 
1.999998 5.655000 0.567401 0.320865 2.423131 
1.999998 5.645000 0.567401 0.320298 2.423131 
1.999998 5.635000 0.567401 0.319731 2.423131 
1.999998 5.625000 0.567401 0.319163 2.423131 
1.999998 5.615000 0.567401 0.318596 2.423131 
1.999998 5.605000 0.567401 0.318028 2.423131 
1.999998 5.595000 0.567401 0.317461 2.423131 
1.999998 5.585000 0.567401 0.316894 2.423131 
1.999998 5.575000 0.567401 0.316326 2.423131 
1.999998 5.565000 0.567401 0.315759 2.423131 
1.999998 5.555000 0.567401 0.315191 2.423131 
1.999998 5.545000 0.567401 0.314624 2.423131 
1.999998 5.535000 0.567401 0.314057 2.423131 
1.999998 5.525000 0.567401 0.313489 2.423131 
1.999998 5.515000 0.567401 0.312922 2.423131 
1.999998 5.505000 0.567401 0.312354 2.423131 
1.999998 5.495000 0.567401 0.311787 2.423131 
1.999998 5.485000 0.567401 0.311220 2.423131 
1.999998 5.475000 0.567401 0.310652 2.423131 
1.999998 5.465000 0.567401 0.310085 2.423131 
1.999998 5.455000 0.567401 0.309517 2.423131 
1.999998 5.445000 0.567401 0.308950 2.423131 
1.999998 5.435000 0.567401 0.308383 2.423131 
1.999998 5.425000 0.567401 0.307815 2.423131 
1.999998 5.415000 0.567401 0.307248 2.423131 
1.999998 5.405000 0.567401 0.306680 2.423131 
1.999998 5.395000 0.567401 0.306113 2.423131 
1.999998 5.385000 0.567401 0.305546 2.423131 
1.999998 5.375000 0.567401 0.304978 2.423131 
1.999998 5.365000 0.567401 0.304411 2.423131 
1.999998 5.355000 0.567401 0.303843 2.423131 
1.999998 5.345000 0.567401 0.303276 2.423131 
1.999998 5.335000 0.567401 0.302709 2.423131 
1.999998 5.325000 0.567401 0.302141 2.423131 
1.999998 5.315000 0.567401 0.301574 2.423131 
1.999998 5.305000 0.567401 0.301006 2.423131 
1.999998 5.295000 0.567401 0.300439 2.423131 
1.999998 5.285000 0.567401 0.299872 2.423131 
1.999998 5.275000 0.567401 0.299304 2.423131 
1.999998 5.265000 0.567401 0.298737 2.423131 
1.999998 5.255000 0.567401 0.298169 2.423131 
1.999998 5.245000 0.567401 0.297602 2.423131 
1.999998 5.235000 0.567401 0.297035 2.423131 
1.999998 5.225000 0.567401 0.296467 2.423131 
1.999998 5.215000 0.567401 0.295900 2.423131 
1.999998 5.205000 0.567401 0.295332 2.423131 
1.999998 5.195000 0.567401 0.294765 2.423131 
1.999998 5.185000 0.567401 0.294198 2.423131 
1.999998 5.175000 0.567401 0.293630 2.423131 
1.999998 5.165000 0.567401 0.293063 2.423131 
1.999998 5.155000 0.567401 0.292495 2.423131 
1.999998 5.145000 0.567401 0.291928 2.423131 
1.999998 5.135000 0.567401 0.291361 2.423131 
1.999998 5.125000 0.567401 0.290793 2.423131 
1.999998 5.115000 0.567401 0.290226 2.423131 
1.999998 5.105000 0.567401 0.289658 2.423131 
1.999998 5.095000 0.567401 0.289091 2.423131 
1.999998 5.085000 0.567401 0.288524 2.423131 
1.999998 5.075000 0.567401 0.287956 2.423131 
1.999998 5.065000 0.567401 0.287389 2.423131 
1.999998 5.055000 0.567401 0.286821 2.423131 
1.999998 5.045000 0.567401 0.286254 2.423131 
1.999998 5.035000 0.567401 0.285687 2.423131 
1.999998 5.025000 0.567401 0.285119 2.423131 
1.999998 5.015000 0.567401 0.284552 2.423131 
1.999998 5.005000 0.567401 0.283984 2.423131 
1.999998 4.995000 0.567401 0.283417 2.423131 
1.999998 4.985000 0.567401 0.282850 2.423131 
1.999998 4.975000 0.567401 0.282282 2.423131 
1.999998 4.965000 0.567401 0.281715 2.423131 
1.999998 4.955000 0.567401 0.281147 2.423131 
1.999998 4.945000 0.567401 0.280580 2.423131 
1.999998 4.935000 0.567401 0.280013 2.423131 
1.999998 4.925000 0.567401 0.279445 2.423131 
1.999998 4.915000 0.567401 0.278878 2.423131 
1.999998 4.905000 0.567401 0.278310 2.423131 
1.999998 4.895000 0.567401 0.277743 2.423131 
1.999998 4.885000 0.567401 0.277176 2.423131 
1.999998 4.875000 0.567401 0.276608 2.423131 
1.999998 4.865000 0.567401 0.276041 2.423131 
1.999998 4.855000 0.567401 0.275473 2.423131 
1.999998 4.845000 0.567401 0.274906 2.423131 
1.999998 4.835000 0.567401 0.274339 2.423131 
1.999998 4.825000 0.567401 0.273771 2.423131 
1.999998 4.815000 0.567401 0.273204 2.423131 
1.999998 4.805000 0.567401 0.272636 2.423131 
1.999998 4.795000 0.567401 0.272069 2.423131 
1.999998 4.785000 0.567401 0.271502 2.423131 
1.999998 4.775000 0.567401 0.270934 2.423131 
1.999998 4.765000 0.567401 0.270367 2.423131 
1.999998 4.755000 0.567401 0.269799 2.423131 
1.999998 4.745000 0.567401 0.269232 2.423131 
1.999998 4.735000 0.567401 0.268665 2.423131 
1.999998 4.725000 0.567401 0.268097 2.423131 
1.999998 4.715000 0.567401 0.267530 2.423131 
1.999998 4.705000 0.567401 0.266962 2.423131 
1.999998 4.695000 0.567401 0.266395 2.423131 
1.999998 4.685000 0.567401 0.265828 2.423131 
1.999998 4.675000 0.567401 0.265260 2.423131 
1.999998 4.665000 0.567401 0.264693 2.423131 
1.999998 4.655000 0.567401 0.264125 2.423131 
1.999998 4.645000 0.567401 0.263558 2.423131 
1.999998 4.635000 0.567401 0.262991 2.423131 
1.999998 4.625000 0.567401 0.262423 2.423131 
1.999998 4.615000 0.567401 0.261856 2.423131 
1.999998 4.605000 0.567401 0.261288 2.423131 
1.999998 4.595000 0.567401 0.260721 2.423131 
1.999998 4.585000 0.567401 0.260154 2.423131 
1.999998 4.575000 0.567401 0.259586 2.423131 
1.999998 4.565000 0.567401 0.259019 2.423131 
1.999998 4.555000 0.567401 0.258451 2.423131 
1.999998 4.545000 0.567401 0.257884 2.423131 
1.999998 4.535000 0.567401 0.257317 2.423131 
1.999998 4.525000 0.567401 0.256749 2.423131 
1.999998 4.515000 0.567401 0.256182 2.423131 
1.999998 4.505000 0.567401 0.255614 2.423131 
1.999998 4.495000 0.567401 0.255047 2.423131 
1.999998 4.485000 0.567401 0.254480 2.423131 
1.999998 4.475000 0.567401 0.253912 2.423131 
1.999998 4.465000 0.567401 0.253345 2.423131 
1.999998 4.455000 0.567401 0.252777 2.423131 
1.999998 4.445000 0.567401 0.252210 2.423131 
1.999998 4.435000 0.567401 0.251643 2.423131 
1.999998 4.425000 0.567401 0.251075 2.423131 
1.999998 4.415000 0.567401 0.250508 2.423131 
1.999998 4.405000 0.567401 0.249940 2.423131 
1.999998 4.395000 0.567401 0.249373 2.423131 
1.999998 4.385000 0.567401 0.248805 2.423131 
1.999998 4.375000 0.567401 0.248238 2.423131 
1.999998 4.365000 0.567401 0.247671 2.423131 
1.999998 4.355000 0.567401 0.247103 2.423131 
1.999998 4.345000 0.567401 0.246536 2.423131 
1.999998 4.335000 0.567401 0.245968 2.423131 
1.999998 4.325000 0.567401 0.245401 2.423131 
1.999998 4.315000 0.567401 0.244834 2.423131 
1.999998 4.305000 0.567401 0.244266 2.423131 
1.999998 4.295000 0.567401 0.243699 2.423131 
1.999998 4.285000 0.567401 0.243131 2.423131 
1.999998 4.275000 0.567401 0.242564 2.423131 
1.999998 4.265000 0.567401 0.241997 2.423131 
1.999998 4.255000 0.567401 0.241429 2.423131 
1.999998 4.245000 0.567401 0.240862 2.423131 
1.999998 4.235000 0.567401 0.240294 2.423131 
1.999998 4.225000 0.567401 0.239727 2.423131 
1.999998 4.215000 0.567401 0.239160 2.423131 
1.999998 4.205000 0.567401 0.238592 2.423131 
1.999998 4.195000 0.567401 0.238025 2.423131 
1.999998 4.185000 0.567401 0.237457 2.423131 
1.999998 4.175000 0.567401 0.236890 2.423131 
1.999998 4.165000 0.567401 0.236323 2.423131 
1.999998 4.155000 0.567401 0.235755 2.423131 
1.999998 4.145000 0.567401 0.235188 2.423131 
1.999998 4.135000 0.567401 0.234620 2.423131 
1.999998 4.125000 0.567401 0.234053 2.423131 
1.999998 4.115000 0.567401 0.233486 2.423131 
1.999998 4.105000 0.567401 0.232918 2.423131 
1.999998 4.095000 0.567401 0.232351 2.423131 
1.999998 4.085000 0.567401 0.231783 2.423131 
1.999998 4.075000 0.567401 0.231216 2.423131 
1.999998 4.065000 0.567401 0.230649 2.423131 
1.999998 4.055000 0.567401 0.230081 2.423131 
1.999998 4.045000 0.567401 0.229514 2.423131 
1.999998 4.035000 0.567401 0.228946 2.423131 
1.999998 4.025000 0.567401 0.228379 2.423131 
1.999998 4.015000 0.567401 0.227812 2.423131 
1.999998 4.005000 0.567401 0.227244 2.423131 
1.999998 3.995000 0.567401 0.226677 2.423131 
1.999998 3.985000 0.567401 0.226109 2.423131 
1.999998 3.975000 0.567401 0.225542 2.423131 
1.999998 3.965000 0.567401 0.224975 2.423131 
1.999998 3.955000 0.567401 0.224407 2.423131 
1.999998 3.945000 0.567401 0.223840 2.423131 
1.999998 3.935000 0.567401 0.223272 2.423131 
1.999998 3.925000 0.567401 0.222705 2.423131 
1.999998 3.915000 0.567401 0.222138 2.423131 
1.999998 3.905000 0.567401 0.221570 2.423131 
1.999998 3.895000 0.567401 0.221003 2.423131 
1.999998 3.885000 0.567401 0.220435 2.423131 
1.999998 3.875000 0.567401 0.219868 2.423131 
1.999998 3.865000 0.567401 0.219301 2.423131 
1.999998 3.855000 0.567401 0.218733 2.423131 
1.999998 3.845000 0.567401 0.218166 2.423131 
1.999998 3.835000 0.567401 0.217598 2.423131 
1.999998 3.825000 0.567401 0.217031 2.423131 
1.999998 3.815000 0.567401 0.216464 2.423131 
1.999998 3.805000 0.567401 0.215896 2.423131 
1.999998 3.795000 0.567401 0.215329 2.423131 
1.999998 3.785000 0.567401 0.214761 2.423131 
1.999998 3.775000 0.567401 0.214194 2.423131 
1.999998 3.765000 0.567401 0.213627 2.423131 
1.999998 3.755000 0.567401 0.213059 2.423131 
1.999998 3.745000 0.567401 0.212492 2.423131 
1.999998 3.735000 0.567401 0.211924 2.423131 
1.999998 3.725000 0.567401 0.211357 2.423131 
1.999998 3.715000 0.567401 0.210790 2.423131 
1.999998 3.705000 0.567401 0.210222 2.423131 
1.999998 3.695000 0.567401 0.209655 2.423131 
1.999998 3.685000 0.567401 0.209087 2.423131 
1.999998 3.675000 0.567401 0.208520 2.423131 
1.999998 3.665000 0.567401 0.207953 2.423131 
1.999998 3.655000 0.567401 0.207385 2.423131 
1.999998 3.645000 0.567401 0.206818 2.423131 
1.999998 3.635000 0.567401 0.206250 2.423131 
1.999998 3.625000 0.567401 0.205683 2.423131 
1.999998 3.615000 0.567401 0.205116 2.423131 
1.999998 3.605000 0.567401 0.204548 2.423131 
1.999998 3.595000 0.567401 0.203981 2.423131 
1.999998 3.585000 0.567401 0.203413 2.423131 
1.999998 3.575000 0.567401 0.202846 2.423131 
1.999998 3.565000 0.567401 0.202279 2.423131 
1.999998 3.555000 0.567401 0.201711 2.423131 
1.999998 3.545000 0.567401 0.201144 2.423131 
1.999998 3.535000 0.567401 0.200576 2.423131 
1.999998 3.525000 0.567401 0.200009 2.423131 
1.999998 3.515000 0.567401 0.199442 2.423131 
1.999998 3.505000 0.567401 0.198874 2.423131 
1.999998 3.495000 0.567401 0.198307 2.423131 
1.999998 3.485000 0.567401 0.197739 2.423131 
1.999998 3.475000 0.567401 0.197172 2.423131 
1.999998 3.465000 0.567401 0.196605 2.423131 
1.999998 3.455000 0.567401 0.196037 2.423131 
1.999998 3.445000 0.567401 0.195470 2.423131 
1.999998 3.435000 0.567401 0.194902 2.423131 
1.999998 3.425000 0.567401 0.194335 2.423131 
1.999998 3.415000 0.567401 0.193768 2.423131 
1.999998 3.405000 0.567401 0.193200 2.423131 
1.999998 3.395000 0.567401 0.192633 2.423131 
1.999998 3.385000 0.567401 0.192065 2.423131 
1.999998 3.375000 0.567401 0.191498 2.423131 
1.999998 3.365000 0.567401 0.190931 2.423131 
1.999998 3.355000 0.567401 0.190363 2.423131 
1.999998 3.345000 0.567401 0.189796 2.423131 
1.999998 3.335000 0.567401 0.189228 2.423131 
1.999998 3.325000 0.567401 0.188661 2.423131 
1.999998 3.315000 0.567401 0.188094 2.423131 
1.999998 3.305000 0.567401 0.187526 2.423131 
1.999998 3.295000 0.567401 0.186959 2.423131 
1.999998 3.285000 0.567401 0.186391 2.423131 
1.999998 3.275000 0.567401 0.185824 2.423131 
1.999998 3.265000 0.567401 0.185257 2.423131 
1.999998 3.255000 0.567401 0.184689 2.423131 
1.999998 3.245000 0.567401 0.184122 2.423131 
1.999998 3.235000 0.567401 0.183554 2.423131 
1.999998 3.225000 0.567401 0.182987 2.423131 
1.999998 3.215000 0.567401 0.182420 2.423131 
1.999998 3.205000 0.567401 0.181852 2.423131 
1.999998 3.195000 0.567401 0.181285 2.423131 
1.999998 3.185000 0.567401 0.180717 2.423131 
1.999998 3.175000 0.567401 0.180150 2.423131 
1.999998 3.165000 0.567401 0.179583 2.423131 
1.999998 3.155000 0.567401 0.179015 2.423131 
1.999998 3.145000 0.567401 0.178448 2.423131 
1.999998 3.135000 0.567401 0.177880 2.423131 
1.999998 3.125000 0.567401 0.177313 2.423131 
1.999998 3.115000 0.567401 0.176746 2.423131 
1.999998 3.105000 0.567401 0.176178 2.423131 
1.999998 3.095000 0.567401 0.175611 2.423131 
1.999998 3.085000 0.567401 0.175043 2.423131 
1.999998 3.075000 0.567401 0.174476 2.423131 
1.999998 3.065000 0.567401 0.173909 2.423131 
1.999998 3.055000 0.567401 0.173341 2.423131 
1.999998 3.045000 0.567401 0.172774 2.423131 
1.999998 3.035000 0.567401 0.172206 2.423131 
1.999998 3.025000 0.567401 0.171639 2.423131 
1.999998 3.015000 0.567401 0.171072 2.423131 
1.999998 3.005000 0.567401 0.170504 2.423131 
1.999998 2.995000 0.567401 0.169937 2.423131 
1.999998 2.985000 0.567401 0.169369 2.423131 
1.999998 2.975000 0.567401 0.168802 2.423131 
1.999998 2.965000 0.567401 0.168235 2.423131 
1.999998 2.955000 0.567401 0.167667 2.423131 
1.999998 2.945000 0.567401 0.167100 2.423131 
1.999998 2.935000 0.567401 0.166532 2.423131 
1.999998 2.925000 0.567401 0.165965 2.423131 
1.999998 2.915000 0.567401 0.165397 2.423131 
1.999998 2.905000 0.567401 0.164830 2.423131 
1.999998 2.895000 0.567401 0.164263 2.423131 
1.999998 2.885000 0.567401 0.163695 2.423131 
1.999998 2.875000 0.567401 0.163128 2.423131 
1.999998 2.865000 0.567401 0.162560 2.423131 
1.999998 2.855000 0.567401 0.161993 2.423131 
1.999998 2.845000 0.567401 0.161426 2.423131 
1.999998 2.835000 0.567401 0.160858 2.423131 
1.999998 2.825000 0.567401 0.160291 2.423131 
1.999998 2.815000 0.567401 0.159723 2.423131 
1.999998 2.805000 0.567401 0.159156 2.423131 
1.999998 2.795000 0.567401 0.158589 2.423131 
1.999998 2.785000 0.567401 0.158021 2.423131 
1.999998 2.775000 0.567401 0.157454 2.423131 
1.999998 2.765000 0.567401 0.156886 2.423131 
1.999998 2.755000 0.567401 0.156319 2.423131 
1.999998 2.745000 0.567401 0.155752 2.423131 
1.999998 2.735000 0.567401 0.155184 2.423131 
1.999998 2.725000 0.567401 0.154617 2.423131 
1.999998 2.715000 0.567401 0.154049 2.423131 
1.999998 2.705000 0.567401 0.153482 2.423131 
1.999998 2.695000 0.567401 0.152915 2.423131 
1.999998 2.685000 0.567401 0.152347 2.423131 
1.999998 2.675000 0.567401 0.151780 2.423131 
1.999998 2.665000 0.567401 0.151212 2.423131 
1.999998 2.655000 0.567401 0.150645 2.423131 
1.999998 2.645000 0.567401 0.150078 2.423131 
1.999998 2.635000 0.567401 0.149510 2.423131 
1.999998 2.625000 0.567401 0.148943 2.423131 
1.999998 2.615000 0.567401 0.148375 2.423131 
1.999998 2.605000 0.567401 0.147808 2.423131 
1.999998 2.595000 0.567401 0.147241 2.423131 
1.999998 2.585000 0.567401 0.146673 2.423131 
1.999998 2.575000 0.567401 0.146106 2.423131 
1.999998 2.565000 0.567401 0.145538 2.423131 
1.999998 2.555000 0.567401 0.144971 2.423131 
1.999998 2.545000 0.567401 0.144404 2.423131 
1.999998 2.535000 0.567401 0.143836 2.423131 
1.999998 2.525000 0.567401 0.143269 2.423131 
1.999998 2.515000 0.567401 0.142701 2.423131 
1.999998 2.505000 0.567401 0.142134 2.423131 
1.999998 2.495000 0.567401 0.141567 2.423131 
1.999998 2.485000 0.567401 0.140999 2.423131 
1.999998 2.475000 0.567401 0.140432 2.423131 
1.999998 2.465000 0.567401 0.139864 2.423131 
1.999998 2.455000 0.567401 0.139297 2.423131 
1.999998 2.445000 0.567401 0.138730 2.423131 
1.999998 2.435000 0.567401 0.138162 2.423131 
1.999998 2.425000 0.567401 0.137595 2.423131 
1.999986 2.415000 0.567401 0.137027 1.799586 
1.999986 2.405000 0.567401 0.136460 1.799586 
1.999986 2.395000 0.567401 0.135893 1.799586 
1.999986 2.385000 0.567401 0.135325 1.799586 
1.999986 2.375000 0.567401 0.134758 1.799586 
1.999986 2.365000 0.567401 0.134190 1.799586 
1.999986 2.355000 0.567401 0.133623 1.799586 
1.999986 2.345000 0.567401 0.133056 1.799586 
1.999986 2.335000 0.567401 0.132488 1.799586 
1.999986 2.325000 0.567401 0.131921 1.799586 
1.999986 2.315000 0.567401 0.131353 1.799586 
1.999986 2.305000 0.567401 0.130786 1.799586 
1.999986 2.295000 0.567401 0.130219 1.799586 
1.999986 2.285000 0.567401 0.129651 1.799586 
1.999986 2.275000 0.567401 0.129084 1.799586 
1.999986 2.265000 0.567401 0.128516 1.799586 
1.999986 2.255000 0.567401 0.127949 1.799586 
1.999986 2.245000 0.567401 0.127382 1.799586 
1.999986 2.235000 0.567401 0.126814 1.799586 
1.999986 2.225000 0.567401 0.126247 1.799586 
1.999986 2.215000 0.567401 0.125679 1.799586 
1.999986 2.205000 0.567401 0.125112 1.799586 
1.999986 2.195000 0.567401 0.124545 1.799586 
1.999986 2.185000 0.567401 0.123977 1.799586 
1.999986 2.175000 0.567401 0.123410 1.799586 
1.999986 2.165000 0.567401 0.122842 1.799586 
1.999986 2.155000 0.567401 0.122275 1.799586 
1.999986 2.145000 0.567401 0.121708 1.799586 
1.999986 2.135000 0.567401 0.121140 1.799586 
1.999986 2.125000 0.567401 0.120573 1.799586 
1.999986 2.115000 0.567401 0.120005 1.799586 
1.999986 2.105000 0.567401 0.119438 1.799586 
1.999986 2.095000 0.567401 0.118871 1.799586 
1.999986 2.085000 0.567401 0.118303 1.799586 
1.999986 2.075000 0.567401 0.117736 1.799586 
1.999986 2.065000 0.567401 0.117168 1.799586 
1.999986 2.055000 0.567401 0.116601 1.799586 
1.999986 2.045000 0.567401 0.116034 1.799586 
1.999986 2.035000 0.567401 0.115466 1.799586 
1.999986 2.025000 0.567401 0.114899 1.799586 
1.999986 2.015000 0.567401 0.114331 1.799586 
1.999986 2.005000 0.567401 0.113764 1.799586 
1.999986 1.995000 0.567401 0.113197 1.799586 
1.999986 1.985000 0.567401 0.112629 1.799586 
1.999986 1.975000 0.567401 0.112062 1.799586 
1.999986 1.965000 0.567401 0.111494 1.799586 
1.999986 1.955000 0.567401 0.110927 1.799586 
1.999986 1.945000 0.567401 0.110360 1.799586 
1.999986 1.935000 0.567401 0.109792 1.799586 
1.999986 1.925000 0.567401 0.109225 1.799586 
1.999986 1.915000 0.567401 0.108657 1.799586 
1.999986 1.905000 0.567401 0.108090 1.799586 
1.999986 1.895000 0.567401 0.107523 1.799586 
1.999986 1.885000 0.567401 0.106955 1.799586 
1.999986 1.875000 0.567401 0.106388 1.799586 
1.999986 1.865000 0.567401 0.105820 1.799586 
1.999986 1.855000 0.567401 0.105253 1.799586 
1.999986 1.845000 0.567401 0.104686 1.799586 
1.999986 1.835000 0.567401 0.104118 1.799586 
1.999986 1.825000 0.567401 0.103551 1.799586 
1.999986 1.815000 0.567401 0.102983 1.799586 
1.999986 1.805000 0.567401 0.102416 1.799586 
1.999963 1.795000 0.567401 0.101849 1.483108 
1.999963 1.785000 0.567401 0.101281 1.483108 
1.999963 1.775000 0.567401 0.100714 1.483108 
1.999963 1.765000 0.567401 0.100146 1.483108 
1.999963 1.755000 0.567401 0.099579 1.483108 
1.999963 1.745000 0.567401 0.099012 1.483108 
1.999963 1.735000 0.567401 0.098444 1.483108 
1.999963 1.725000 0.567401 0.097877 1.483108 
1.999963 1.715000 0.567401 0.097309 1.483108 
1.999963 1.705000 0.567401 0.096742 1.483108 
1.999963 1.695000 0.567401 0.096175 1.483108 
1.999963 1.685000 0.567401 0.095607 1.483108 
1.999963 1.675000 0.567401 0.095040 1.483108 
1.999963 1.665000 0.567401 0.094472 1.483108 
1.999963 1.655000 0.567401 0.093905 1.483108 
1.999963 1.645000 0.567401 0.093338 1.483108 
1.999963 1.635000 0.567401 0.092770 1.483108 
1.999963 1.625000 0.567401 0.092203 1.483108 
1.999963 1.615000 0.567401 0.091635 1.483108 
1.999963 1.605000 0.567401 0.091068 1.483108 
1.999963 1.595000 0.567401 0.090501 1.483108 
1.999963 1.585000 0.567401 0.089933 1.483108 
1.999963 1.575000 0.567401 0.089366 1.483108 
1.999963 1.565000 0.567401 0.088798 1.483108 
1.999963 1.555000 0.567401 0.088231 1.483108 
1.999963 1.545000 0.567401 0.087664 1.483108 
1.999963 1.535000 0.567401 0.087096 1.483108 
1.999963 1.525000 0.567401 0.086529 1.483108 
1.999963 1.515000 0.567401 0.085961 1.483108 
1.999963 1.505000 0.567401 0.085394 1.483108 
1.999963 1.495000 0.567401 0.084827 1.483108 
1.999963 1.485000 0.567401 0.084259 1.483108 
1.999929 1.475000 0.567401 0.083692 1.269371 
1.999929 1.465000 0.567401 0.083124 1.269371 
1.999929 1.455000 0.567401 0.082557 1.269371 
1.999929 1.445000 0.567401 0.081989 1.269371 
1.999929 1.435000 0.567401 0.081422 1.269371 
1.999929 1.425000 0.567401 0.080855 1.269371 
1.999929 1.415000 0.567401 0.080287 1.269371 
1.999929 1.405000 0.567401 0.079720 1.269371 
1.999929 1.395000 0.567401 0.079152 1.269371 
1.999929 1.385000 0.567401 0.078585 1.269371 
1.999929 1.375000 0.567401 0.078018 1.269371 
1.999929 1.365000 0.567401 0.077450 1.269371 
1.999929 1.355000 0.567401 0.076883 1.269371 
1.999929 1.345000 0.567401 0.076315 1.269371 
1.999929 1.335000 0.567401 0.075748 1.269371 
1.999929 1.325000 0.567401 0.075181 1.269371 
1.999929 1.315000 0.567401 0.074613 1.269371 
1.999929 1.305000 0.567401 0.074046 1.269371 
1.999929 1.295000 0.567401 0.073478 1.269371 
1.999929 1.285000 0.567401 0.072911 1.269371 
1.999929 1.275000 0.567401 0.072344 1.269371 
1.999884 1.265000 0.567401 0.071776 1.107767 
1.999884 1.255000 0.567401 0.071209 1.107767 
1.999884 1.245000 0.567401 0.070641 1.107767 
1.999884 1.235000 0.567401 0.070074 1.107767 
1.999884 1.225000 0.567401 0.069507 1.107767 
1.999884 1.215000 0.567401 0.068939 1.107767 
1.999884 1.205000 0.567401 0.068372 1.107767 
1.999884 1.195000 0.567401 0.067804 1.107767 
1.999884 1.185000 0.567401 0.067237 1.107767 
1.999884 1.175000 0.567401 0.066670 1.107767 
1.999884 1.165000 0.567401 0.066102 1.107767 
1.999884 1.155000 0.567401 0.065535 1.107767 
1.999884 1.145000 0.567401 0.064967 1.107767 
1.999884 1.135000 0.567401 0.064400 1.107767 
1.999884 1.125000 0.567401 0.063833 1.107767 
1.999884 1.115000 0.567401 0.063265 1.107767 
1.999828 1.105000 0.567401 0.062698 0.977781 
1.999828 1.095000 0.567401 0.062130 0.977781 
1.999828 1.085000 0.567401 0.061563 0.977781 
1.999828 1.075000 0.567401 0.060996 0.977781 
1.999828 1.065000 0.567401 0.060428 0.977781 
1.999828 1.055000 0.567401 0.059861 0.977781 
1.999828 1.045000 0.567401 0.059293 0.977781 
1.999828 1.035000 0.567401 0.058726 0.977781 
1.999828 1.025000 0.567401 0.058159 0.977781 
1.999828 1.015000 0.567401 0.057591 0.977781 
1.999828 1.005000 0.567401 0.057024 0.977781 
1.999828 0.995000 0.567401 0.056456 0.977781 
1.999828 0.985000 0.567401 0.055889 0.977781 
1.999762 0.975000 0.567401 0.055322 0.869039 
1.999762 0.965000 0.567401 0.054754 0.869039 
1.999762 0.955000 0.567401 0.054187 0.869039 
1.999762 0.945000 0.567401 0.053619 0.869039 
1.999762 0.935000 0.567401 0.053052 0.869039 
1.999762 0.925000 0.567401 0.052485 0.869039 
1.999762 0.915000 0.567401 0.051917 0.869039 
1.999762 0.905000 0.567401 0.051350 0.869039 
1.999762 0.895000 0.567401 0.050782 0.869039 
1.999762 0.885000 0.567401 0.050215 0.869039 
1.999762 0.875000 0.567401 0.049648 0.869039 
1.999684 0.865000 0.567401 0.049080 0.775560 
1.999684 0.855000 0.567401 0.048513 0.775560 
1.999684 0.845000 0.567401 0.047945 0.775560 
1.999684 0.835000 0.567401 0.047378 0.775560 
1.999684 0.825000 0.567401 0.046811 0.775560 
1.999684 0.815000 0.567401 0.046243 0.775560 
1.999684 0.805000 0.567401 0.045676 0.775560 
1.999684 0.795000 0.567401 0.045108 0.775560 
1.999684 0.785000 0.567401 0.044541 0.775560 
1.999596 0.775000 0.567401 0.043974 0.693577 
1.999596 0.765000 0.567401 0.043406 0.693577 
1.999596 0.755000 0.567401 0.042839 0.693577 
1.999596 0.745000 0.567401 0.042271 0.693577 
1.999596 0.735000 0.567401 0.041704 0.693577 
1.999596 0.725000 0.567401 0.041137 0.693577 
1.999596 0.715000 0.567401 0.040569 0.693577 
1.999596 0.705000 0.567401 0.040002 0.693577 
1.999596 0.695000 0.567401 0.039434 0.693577 
1.999497 0.685000 0.567401 0.038867 0.620569 
1.999497 0.675000 0.567401 0.038300 0.620569 
1.999497 0.665000 0.567401 0.037732 0.620569 
1.999497 0.655000 0.567401 0.037165 0.620569 
1.999497 0.645000 0.567401 0.036597 0.620569 
1.999497 0.635000 0.567401 0.036030 0.620569 
1.999497 0.625000 0.567401 0.035463 0.620569 
1.999388 0.615000 0.567401 0.034895 0.554759 
1.999388 0.605000 0.567401 0.034328 0.554759 
1.999388 0.595000 0.567401 0.033760 0.554759 
1.999388 0.585000 0.567401 0.033193 0.554759 
1.999388 0.575000 0.567401 0.032626 0.554759 
1.999388 0.565000 0.567401 0.032058 0.554759 
1.999388 0.555000 0.567401 0.031491 0.554759 
1.999267 0.545000 0.567401 0.030923 0.494853 
1.999267 0.535000 0.567401 0.030356 0.494853 
1.999267 0.525000 0.567401 0.029789 0.494853 
1.999267 0.515000 0.567401 0.029221 0.494853 
1.999267 0.505000 0.567401 0.028654 0.494853 
1.999267 0.495000 0.567401 0.028086 0.494853 
1.999136 0.485000 0.567401 0.027519 0.439875 
1.999136 0.475000 0.567401 0.026952 0.439875 
1.999136 0.465000 0.567401 0.026384 0.439875 
1.999136 0.455000 0.567401 0.025817 0.439875 
1.999136 0.445000 0.567401 0.025249 0.439875 
1.998993 0.435000 0.567401 0.024682 0.389074 
1.998993 0.425000 0.567401 0.024115 0.389074 
1.998993 0.415000 0.567401 0.023547 0.389074 
1.998993 0.405000 0.567401 0.022980 0.389074 
1.998993 0.395000 0.567401 0.022412 0.389074 
1.998840 0.385000 0.567401 0.021845 0.341859 
1.998840 0.375000 0.567401 0.021278 0.341859 
1.998840 0.365000 0.567401 0.020710 0.341859 
1.998840 0.355000 0.567401 0.020143 0.341859 
1.998840 0.345000 0.567401 0.019575 0.341859 
1.998677 0.335000 0.567401 0.019008 0.297753 
1.998677 0.325000 0.567401 0.018441 0.297753 
1.998677 0.315000 0.567401 0.017873 0.297753 
1.998677 0.305000 0.567401 0.017306 0.297753 
1.998502 0.295000 0.567401 0.016738 0.256372 
1.998502 0.285000 0.567401 0.016171 0.256372 
1.998502 0.275000 0.567401 0.015604 0.256372 
1.998502 0.265000 0.567401 0.015036 0.256372 
1.998316 0.255000 0.567401 0.014469 0.217396 
1.998316 0.245000 0.567401 0.013901 0.217396 
1.998316 0.235000 0.567401 0.013334 0.217396 
1.998316 0.225000 0.567401 0.012767 0.217396 
1.998120 0.215000 0.567401 0.012199 0.180560 
1.998120 0.205000 0.567401 0.011632 0.180560 
1.998120 0.195000 0.567401 0.011064 0.180560 
1.998120 0.185000 0.567401 0.010497 0.180560 
1.997913 0.175000 0.567401 0.009930 0.145639 
1.997913 0.165000 0.567401 0.009362 0.145639 
1.997913 0.155000 0.567401 0.008795 0.145639 
1.997695 0.145000 0.567401 0.008227 0.112442 
1.997695 0.135000 0.567401 0.007660 0.112442 
1.997695 0.125000 0.567401 0.007093 0.112442 
1.997695 0.115000 0.567401 0.006525 0.112442 
1.997466 0.105000 0.567401 0.005958 0.080807 
1.997466 0.095000 0.567401 0.005390 0.080807 
1.997466 0.085000 0.567401 0.004823 0.080807 
1.997226 0.075000 0.567401 0.004256 0.050591 
1.997226 0.065000 0.567401 0.003688 0.050591 
1.997226 0.055000 0.567401 0.003121 0.050591 
1.996976 0.045000 0.567401 0.002553 0.021672 
1.996976 0.035000 0.567401 0.001986 0.021672 
1.996976 0.025000 0.567401 0.001419 0.021672 
1.996714 0.015000 0.567401 0.000851 -0.006059 
