1.999998 9.985000 90.069352 89.934248 5.801975 
1.999998 9.975000 90.069352 89.844179 5.801975 
1.999998 9.965000 90.069352 89.754109 5.801975 
1.999998 9.955000 90.069352 89.664040 5.801975 
1.999998 9.945000 90.069352 89.573971 5.801975 
1.999998 9.935000 90.069352 89.483901 5.801975 
1.999998 9.925000 90.069352 89.393832 5.801975 
1.999998 9.915000 90.069352 89.303762 5.801975 
1.999998 9.905000 90.069352 89.213693 5.801975 
1.999998 9.895000 90.069352 89.123624 5.801975 
1.999998 9.885000 90.069352 89.033554 5.801975 
1.999998 9.875000 90.069352 88.943485 5.801975 
1.999998 9.865000 90.069352 88.853416 5.801975 
1.999998 9.855000 90.069352 88.763346 5.801975 
1.999998 9.845000 90.069352 88.673277 5.801975 
1.999998 9.835000 90.069352 88.583208 5.801975 
1.999998 9.825000 90.069352 88.493138 5.801975 
1.999998 9.815000 90.069352 88.403069 5.801975 
1.999998 9.805000 90.069352 88.313000 5.801975 
1.999998 9.795000 90.069352 88.222930 5.801975 
1.999998 9.785000 90.069352 88.132861 5.801975 
1.999998 9.775000 90.069352 88.042792 5.801975 
1.999998 9.765000 90.069352 87.952722 5.801975 
1.999998 9.755000 90.069352 87.862653 5.801975 
1.999998 9.745000 90.069352 87.772583 5.801975 
1.999998 9.735000 90.069352 87.682514 5.801975 
1.999998 9.725000 90.069352 87.592445 5.801975 
1.999998 9.715000 90.069352 87.502375 5.801975 
1.999998 9.705000 90.069352 87.412306 5.801975 
1.999998 9.695000 90.069352 87.322237 5.801975 
1.999998 9.685000 90.069352 87.232167 5.801975 
1.999998 9.675000 90.069352 87.142098 5.801975 
1.999998 9.665000 90.069352 87.052029 5.801975 
1.999998 9.655000 90.069352 86.961959 5.801975 
1.999998 9.645000 90.069352 86.871890 5.801975 
1.999998 9.635000 90.069352 86.781821 5.801975 
1.999998 9.625000 90.069352 86.691751 5.801975 
1.999998 9.615000 90.069352 86.601682 5.801975 
1.999998 9.605000 90.069352 86.511613 5.801975 
1.999998 9.595000 90.069352 86.421543 5.801975 
1.999998 9.585000 90.069352 86.331474 5.801975 
1.999998 9.575000 90.069352 86.241405 5.801975 
1.999998 9.565000 90.069352 86.151335 5.801975 
1.999998 9.555000 90.069352 86.061266 5.801975 
1.999998 9.545000 90.069352 85.971196 5.801975 
1.999998 9.535000 90.069352 85.881127 5.801975 
1.999998 9.525000 90.069352 85.791058 5.801975 
1.999998 9.515000 90.069352 85.700988 5.801975 
1.999998 9.505000 90.069352 85.610919 5.801975 
1.999998 9.495000 90.069352 85.520850 5.801975 
1.999998 9.485000 90.069352 85.430780 5.801975 
1.999998 9.475000 90.069352 85.340711 5.801975 
1.999998 9.465000 90.069352 85.250642 5.801975 
1.999998 9.455000 90.069352 85.160572 5.801975 
1.999998 9.445000 90.069352 85.070503 5.801975 
1.999998 9.435000 90.069352 84.980434 5.801975 
1.999998 9.425000 90.069352 84.890364 5.801975 
1.999998 9.415000 90.069352 84.800295 5.801975 
1.999998 9.405000 90.069352 84.710226 5.801975 
1.999998 9.395000 90.069352 84.620156 5.801975 
1.999998 9.385000 90.069352 84.530087 5.801975 
1.999998 9.375000 90.069352 84.440017 5.801975 
1.999998 9.365000 90.069352 84.349948 5.801975 
1.999998 9.355000 90.069352 84.259879 5.801975 
1.999998 9.345000 90.069352 84.169809 5.801975 
1.999998 9.335000 90.069352 84.079740 5.801975 
1.999998 9.325000 90.069352 83.989671 5.801975 
1.999998 9.315000 90.069352 83.899601 5.801975 
1.999998 9.305000 90.069352 83.809532 5.801975 
1.999998 9.295000 90.069352 83.719463 5.801975 
1.999998 9.285000 90.069352 83.629393 5.801975 
1.999998 9.275000 90.069352 83.539324 5.801975 
1.999998 9.265000 90.069352 83.449255 5.801975 
1.999998 9.255000 90.069352 83.359185 5.801975 
1.999998 9.245000 90.069352 83.269116 5.801975 
1.999998 9.235000 90.069352 83.179047 5.801975 
1.999998 9.225000 90.069352 83.088977 5.801975 
1.999998 9.215000 90.069352 82.998908 5.801975 
1.999998 9.205000 90.069352 82.908838 5.801975 
1.999998 9.195000 90.069352 82.818769 5.801975 
1.999998 9.185000 90.069352 82.728700 5.801975 
1.999998 9.175000 90.069352 82.638630 5.801975 
1.999998 9.165000 90.069352 82.548561 5.801975 
1.999998 9.155000 90.069352 82.458492 5.801975 
1.999998 9.145000 90.069352 82.368422 5.801975 
1.999998 9.135000 90.069352 82.278353 5.801975 
1.999998 9.125000 90.069352 82.188284 5.801975 
1.999998 9.115000 90.069352 82.098214 5.801975 
1.999998 9.105000 90.069352 82.008145 5.801975 
1.999998 9.095000 90.069352 81.918076 5.801975 
1.999998 9.085000 90.069352 81.828006 5.801975 
1.999998 9.075000 90.069352 81.737937 5.801975 
1.999998 9.065000 90.069352 81.647868 5.801975 
1.999998 9.055000 90.069352 81.557798 5.801975 
1.999998 9.045000 90.069352 81.467729 5.801975 
1.999998 9.035000 90.069352 81.377660 5.801975 
1.999998 9.025000 90.069352 81.287590 5.801975 
1.999998 9.015000 90.069352 81.197521 5.801975 
1.999998 9.005000 90.069352 81.107451 5.801975 
1.999998 8.995000 90.069352 81.017382 5.801975 
1.999998 8.985000 90.069352 80.927313 5.801975 
1.999998 8.975000 90.069352 80.837243 5.801975 
1.999998 8.965000 90.069352 80.747174 5.801975 
1.999998 8.955000 90.069352 80.657105 5.801975 
1.999998 8.945000 90.069352 80.567035 5.801975 
1.999998 8.935000 90.069352 80.476966 5.801975 
1.999998 8.925000 90.069352 80.386897 5.801975 
1.999998 8.915000 90.069352 80.296827 5.801975 
1.999998 8.905000 90.069352 80.206758 5.801975 
1.999998 8.895000 90.069352 80.116689 5.801975 
1.999998 8.885000 90.069352 80.026619 5.801975 
1.999998 8.875000 90.069352 79.936550 5.801975 
1.999998 8.865000 90.069352 79.846481 5.801975 
1.999998 8.855000 90.069352 79.756411 5.801975 
1.999998 8.845000 90.069352 79.666342 5.801975 
1.999998 8.835000 90.069352 79.576272 5.801975 
1.999998 8.825000 90.069352 79.486203 5.801975 
1.999998 8.815000 90.069352 79.396134 5.801975 
1.999998 8.805000 90.069352 79.306064 5.801975 
1.999998 8.795000 90.069352 79.215995 5.801975 
1.999998 8.785000 90.069352 79.125926 5.801975 
1.999998 8.775000 90.069352 79.035856 5.801975 
1.999998 8.765000 90.069352 78.945787 5.801975 
1.999998 8.755000 90.069352 78.855718 5.801975 
1.999998 8.745000 90.069352 78.765648 5.801975 
1.999998 8.735000 90.069352 78.675579 5.801975 
1.999998 8.725000 90.069352 78.585510 5.801975 
1.999998 8.715000 90.069352 78.495440 5.801975 
1.999998 8.705000 90.069352 78.405371 5.801975 
1.999998 8.695000 90.069352 78.315302 5.801975 
1.999998 8.685000 90.069352 78.225232 5.801975 
1.999998 8.675000 90.069352 78.135163 5.801975 
1.999998 8.665000 90.069352 78.045093 5.801975 
1.999998 8.655000 90.069352 77.955024 5.801975 
1.999998 8.645000 90.069352 77.864955 5.801975 
1.999998 8.635000 90.069352 77.774885 5.801975 
1.999998 8.625000 90.069352 77.684816 5.801975 
1.999998 8.615000 90.069352 77.594747 5.801975 
1.999998 8.605000 90.069352 77.504677 5.801975 
1.999998 8.595000 90.069352 77.414608 5.801975 
1.999998 8.585000 90.069352 77.324539 5.801975 
1.999998 8.575000 90.069352 77.234469 5.801975 
1.999998 8.565000 90.069352 77.144400 5.801975 
1.999998 8.555000 90.069352 77.054331 5.801975 
1.999998 8.545000 90.069352 76.964261 5.801975 
1.999998 8.535000 90.069352 76.874192 5.801975 
1.999998 8.525000 90.069352 76.784123 5.801975 
1.999998 8.515000 90.069352 76.694053 5.801975 
1.999998 8.505000 90.069352 76.603984 5.801975 
1.999998 8.495000 90.069352 76.513915 5.801975 
1.999998 8.485000 90.069352 76.423845 5.801975 
1.999998 8.475000 90.069352 76.333776 5.801975 
1.999998 8.465000 90.069352 76.243706 5.801975 
1.999998 8.455000 90.069352 76.153637 5.801975 
1.999998 8.445000 90.069352 76.063568 5.801975 
1.999998 8.435000 90.069352 75.973498 5.801975 
1.999998 8.425000 90.069352 75.883429 5.801975 
1.999998 8.415000 90.069352 75.793360 5.801975 
1.999998 8.405000 90.069352 75.703290 5.801975 
1.999998 8.395000 90.069352 75.613221 5.801975 
1.999998 8.385000 90.069352 75.523152 5.801975 
1.999998 8.375000 90.069352 75.433082 5.801975 
1.999998 8.365000 90.069352 75.343013 5.801975 
1.999998 8.355000 90.069352 75.252944 5.801975 
1.999998 8.345000 90.069352 75.162874 5.801975 
1.999998 8.335000 90.069352 75.072805 5.801975 
1.999998 8.325000 90.069352 74.982736 5.801975 
1.999998 8.315000 90.069352 74.892666 5.801975 
1.999998 8.305000 90.069352 74.802597 5.801975 
1.999998 8.295000 90.069352 74.712527 5.801975 
1.999998 8.285000 90.069352 74.622458 5.801975 
1.999998 8.275000 90.069352 74.532389 5.801975 
1.999998 8.265000 90.069352 74.442319 5.801975 
1.999998 8.255000 90.069352 74.352250 5.801975 
1.999998 8.245000 90.069352 74.262181 5.801975 
1.999998 8.235000 90.069352 74.172111 5.801975 
1.999998 8.225000 90.069352 74.082042 5.801975 
1.999998 8.215000 90.069352 73.991973 5.801975 
1.999998 8.205000 90.069352 73.901903 5.801975 
1.999998 8.195000 90.069352 73.811834 5.801975 
1.999998 8.185000 90.069352 73.721765 5.801975 
1.999998 8.175000 90.069352 73.631695 5.801975 
1.999998 8.165000 90.069352 73.541626 5.801975 
1.999998 8.155000 90.069352 73.451557 5.801975 
1.999998 8.145000 90.069352 73.361487 5.801975 
1.999998 8.135000 90.069352 73.271418 5.801975 
1.999998 8.125000 90.069352 73.181348 5.801975 
1.999998 8.115000 90.069352 73.091279 5.801975 
1.999998 8.105000 90.069352 73.001210 5.801975 
1.999998 8.095000 90.069352 72.911140 5.801975 
1.999998 8.085000 90.069352 72.821071 5.801975 
1.999998 8.075000 90.069352 72.731002 5.801975 
1.999998 8.065000 90.069352 72.640932 5.801975 
1.999998 8.055000 90.069352 72.550863 5.801975 
1.999998 8.045000 90.069352 72.460794 5.801975 
1.999998 8.035000 90.069352 72.370724 5.801975 
1.999998 8.025000 90.069352 72.280655 5.801975 
1.999998 8.015000 90.069352 72.190586 5.801975 
1.999998 8.005000 90.069352 72.100516 5.801975 
1.999998 7.995000 90.069352 72.010447 5.801975 
1.999998 7.985000 90.069352 71.920378 5.801975 
1.999998 7.975000 90.069352 71.830308 5.801975 
1.999998 7.965000 90.069352 71.740239 5.801975 
1.999998 7.955000 90.069352 71.650169 5.801975 
1.999998 7.945000 90.069352 71.560100 5.801975 
1.999998 7.935000 90.069352 71.470031 5.801975 
1.999998 7.925000 90.069352 71.379961 5.801975 
1.999998 7.915000 90.069352 71.289892 5.801975 
1.999998 7.905000 90.069352 71.199823 5.801975 
1.999998 7.895000 90.069352 71.109753 5.801975 
1.999998 7.885000 90.069352 71.019684 5.801975 
1.999998 7.875000 90.069352 70.929615 5.801975 
1.999998 7.865000 90.069352 70.839545 5.801975 
1.999998 7.855000 90.069352 70.749476 5.801975 
1.999998 7.845000 90.069352 70.659407 5.801975 
1.999998 7.835000 90.069352 70.569337 5.801975 
1.999998 7.825000 90.069352 70.479268 5.801975 
1.999998 7.815000 90.069352 70.389199 5.801975 
1.999998 7.805000 90.069352 70.299129 5.801975 
1.999998 7.795000 90.069352 70.209060 5.801975 
1.999998 7.785000 90.069352 70.118991 5.801975 
1.999998 7.775000 90.069352 70.028921 5.801975 
1.999998 7.765000 90.069352 69.938852 5.801975 
1.999998 7.755000 90.069352 69.848782 5.801975 
1.999998 7.745000 90.069352 69.758713 5.801975 
1.999998 7.735000 90.069352 69.668644 5.801975 
1.999998 7.725000 90.069352 69.578574 5.801975 
1.999998 7.715000 90.069352 69.488505 5.801975 
1.999998 7.705000 90.069352 69.398436 5.801975 
1.999998 7.695000 90.069352 69.308366 5.801975 
1.999998 7.685000 90.069352 69.218297 5.801975 
1.999998 7.675000 90.069352 69.128228 5.801975 
1.999998 7.665000 90.069352 69.038158 5.801975 
1.999998 7.655000 90.069352 68.948089 5.801975 
1.999998 7.645000 90.069352 68.858020 5.801975 
1.999998 7.635000 90.069352 68.767950 5.801975 
1.999998 7.625000 90.069352 68.677881 5.801975 
1.999998 7.615000 90.069352 68.587812 5.801975 
1.999998 7.605000 90.069352 68.497742 5.801975 
1.999998 7.595000 90.069352 68.407673 5.801975 
1.999998 7.585000 90.069352 68.317603 5.801975 
1.999998 7.575000 90.069352 68.227534 5.801975 
1.999998 7.565000 90.069352 68.137465 5.801975 
1.999998 7.555000 90.069352 68.047395 5.801975 
1.999998 7.545000 90.069352 67.957326 5.801975 
1.999998 7.535000 90.069352 67.867257 5.801975 
1.999998 7.525000 90.069352 67.777187 5.801975 
1.999998 7.515000 90.069352 67.687118 5.801975 
1.999998 7.505000 90.069352 67.597049 5.801975 
1.999998 7.495000 90.069352 67.506979 5.801975 
1.999998 7.485000 90.069352 67.416910 5.801975 
1.999998 7.475000 90.069352 67.326841 5.801975 
1.999998 7.465000 90.069352 67.236771 5.801975 
1.999998 7.455000 90.069352 67.146702 5.801975 
1.999998 7.445000 90.069352 67.056633 5.801975 
1.999998 7.435000 90.069352 66.966563 5.801975 
1.999998 7.425000 90.069352 66.876494 5.801975 
1.999998 7.415000 90.069352 66.786424 5.801975 
1.999998 7.405000 90.069352 66.696355 5.801975 
1.999998 7.395000 90.069352 66.606286 5.801975 
1.999998 7.385000 90.069352 66.516216 5.801975 
1.999998 7.375000 90.069352 66.426147 5.801975 
1.999998 7.365000 90.069352 66.336078 5.801975 
1.999998 7.355000 90.069352 66.246008 5.801975 
1.999998 7.345000 90.069352 66.155939 5.801975 
1.999998 7.335000 90.069352 66.065870 5.801975 
1.999998 7.325000 90.069352 65.975800 5.801975 
1.999998 7.315000 90.069352 65.885731 5.801975 
1.999998 7.305000 90.069352 65.795662 5.801975 
1.999998 7.295000 90.069352 65.705592 5.801975 
1.999998 7.285000 90.069352 65.615523 5.801975 
1.999998 7.275000 90.069352 65.525454 5.801975 
1.999998 7.265000 90.069352 65.435384 5.801975 
1.999998 7.255000 90.069352 65.345315 5.801975 
1.999998 7.245000 90.069352 65.255246 5.801975 
1.999998 7.235000 90.069352 65.165176 5.801975 
1.999998 7.225000 90.069352 65.075107 5.801975 
1.999998 7.215000 90.069352 64.985037 5.801975 
1.999998 7.205000 90.069352 64.894968 5.801975 
1.999998 7.195000 90.069352 64.804899 5.801975 
1.999998 7.185000 90.069352 64.714829 5.801975 
1.999998 7.175000 90.069352 64.624760 5.801975 
1.999998 7.165000 90.069352 64.534691 5.801975 
1.999998 7.155000 90.069352 64.444621 5.801975 
1.999998 7.145000 90.069352 64.354552 5.801975 
1.999998 7.135000 90.069352 64.264483 5.801975 
1.999998 7.125000 90.069352 64.174413 5.801975 
1.999998 7.115000 90.069352 64.084344 5.801975 
1.999998 7.105000 90.069352 63.994275 5.801975 
1.999998 7.095000 90.069352 63.904205 5.801975 
1.999998 7.085000 90.069352 63.814136 5.801975 
1.999998 7.075000 90.069352 63.724067 5.801975 
1.999998 7.065000 90.069352 63.633997 5.801975 
1.999998 7.055000 90.069352 63.543928 5.801975 
1.999998 7.045000 90.069352 63.453858 5.801975 
1.999998 7.035000 90.069352 63.363789 5.801975 
1.999998 7.025000 90.069352 63.273720 5.801975 
1.999998 7.015000 90.069352 63.183650 5.801975 
1.999998 7.005000 90.069352 63.093581 5.801975 
1.999998 6.995000 90.069352 63.003512 5.801975 
1.999998 6.985000 90.069352 62.913442 5.801975 
1.999998 6.975000 90.069352 62.823373 5.801975 
1.999998 6.965000 90.069352 62.733304 5.801975 
1.999998 6.955000 90.069352 62.643234 5.801975 
1.999998 6.945000 90.069352 62.553165 5.801975 
1.999998 6.935000 90.069352 62.463096 5.801975 
1.999998 6.925000 90.069352 62.373026 5.801975 
1.999998 6.915000 90.069352 62.282957 5.801975 
1.999998 6.905000 90.069352 62.192888 5.801975 
1.999998 6.895000 90.069352 62.102818 5.801975 
1.999998 6.885000 90.069352 62.012749 5.801975 
1.999998 6.875000 90.069352 61.922679 5.801975 
1.999998 6.865000 90.069352 61.832610 5.801975 
1.999998 6.855000 90.069352 61.742541 5.801975 
1.999998 6.845000 90.069352 61.652471 5.801975 
1.999998 6.835000 90.069352 61.562402 5.801975 
1.999998 6.825000 90.069352 61.472333 5.801975 
1.999998 6.815000 90.069352 61.382263 5.801975 
1.999998 6.805000 90.069352 61.292194 5.801975 
1.999998 6.795000 90.069352 61.202125 5.801975 
1.999998 6.785000 90.069352 61.112055 5.801975 
1.999998 6.775000 90.069352 61.021986 5.801975 
1.999998 6.765000 90.069352 60.931917 5.801975 
1.999998 6.755000 90.069352 60.841847 5.801975 
1.999998 6.745000 90.069352 60.751778 5.801975 
1.999998 6.735000 90.069352 60.661709 5.801975 
1.999998 6.725000 90.069352 60.571639 5.801975 
1.999998 6.715000 90.069352 60.481570 5.801975 
1.999998 6.705000 90.069352 60.391500 5.801975 
1.999998 6.695000 90.069352 60.301431 5.801975 
1.999998 6.685000 90.069352 60.211362 5.801975 
1.999998 6.675000 90.069352 60.121292 5.801975 
1.999998 6.665000 90.069352 60.031223 5.801975 
1.999998 6.655000 90.069352 59.941154 5.801975 
1.999998 6.645000 90.069352 59.851084 5.801975 
1.999998 6.635000 90.069352 59.761015 5.801975 
1.999998 6.625000 90.069352 59.670946 5.801975 
1.999998 6.615000 90.069352 59.580876 5.801975 
1.999998 6.605000 90.069352 59.490807 5.801975 
1.999998 6.595000 90.069352 59.400738 5.801975 
1.999998 6.585000 90.069352 59.310668 5.801975 
1.999998 6.575000 90.069352 59.220599 5.801975 
1.999998 6.565000 90.069352 59.130530 5.801975 
1.999998 6.555000 90.069352 59.040460 5.801975 
1.999998 6.545000 90.069352 58.950391 5.801975 
1.999998 6.535000 90.069352 58.860322 5.801975 
1.999998 6.525000 90.069352 58.770252 5.801975 
1.999998 6.515000 90.069352 58.680183 5.801975 
1.999998 6.505000 90.069352 58.590113 5.801975 
1.999998 6.495000 90.069352 58.500044 5.801975 
1.999998 6.485000 90.069352 58.409975 5.801975 
1.999998 6.475000 90.069352 58.319905 5.801975 
1.999998 6.465000 90.069352 58.229836 5.801975 
1.999998 6.455000 90.069352 58.139767 5.801975 
1.999998 6.445000 90.069352 58.049697 5.801975 
1.999998 6.435000 90.069352 57.959628 5.801975 
1.999998 6.425000 90.069352 57.869559 5.801975 
1.999998 6.415000 90.069352 57.779489 5.801975 
1.999998 6.405000 90.069352 57.689420 5.801975 
1.999998 6.395000 90.069352 57.599351 5.801975 
1.999998 6.385000 90.069352 57.509281 5.801975 
1.999998 6.375000 90.069352 57.419212 5.801975 
1.999998 6.365000 90.069352 57.329143 5.801975 
1.999998 6.355000 90.069352 57.239073 5.801975 
1.999998 6.345000 90.069352 57.149004 5.801975 
1.999998 6.335000 90.069352 57.058934 5.801975 
1.999998 6.325000 90.069352 56.968865 5.801975 
1.999998 6.315000 90.069352 56.878796 5.801975 
1.999998 6.305000 90.069352 56.788726 5.801975 
1.999998 6.295000 90.069352 56.698657 5.801975 
1.999998 6.285000 90.069352 56.608588 5.801975 
1.999998 6.275000 90.069352 56.518518 5.801975 
1.999998 6.265000 90.069352 56.428449 5.801975 
1.999998 6.255000 90.069352 56.338380 5.801975 
1.999998 6.245000 90.069352 56.248310 5.801975 
1.999998 6.235000 90.069352 56.158241 5.801975 
1.999998 6.225000 90.069352 56.068172 5.801975 
1.999998 6.215000 90.069352 55.978102 5.801975 
1.999998 6.205000 90.069352 55.888033 5.801975 
1.999998 6.195000 90.069352 55.797964 5.801975 
1.999998 6.185000 90.069352 55.707894 5.801975 
1.999998 6.175000 90.069352 55.617825 5.801975 
1.999998 6.165000 90.069352 55.527755 5.801975 
1.999998 6.155000 90.069352 55.437686 5.801975 
1.999998 6.145000 90.069352 55.347617 5.801975 
1.999998 6.135000 90.069352 55.257547 5.801975 
1.999998 6.125000 90.069352 55.167478 5.801975 
1.999998 6.115000 90.069352 55.077409 5.801975 
1.999998 6.105000 90.069352 54.987339 5.801975 
1.999998 6.095000 90.069352 54.897270 5.801975 
1.999998 6.085000 90.069352 54.807201 5.801975 
1.999998 6.075000 90.069352 54.717131 5.801975 
1.999998 6.065000 90.069352 54.627062 5.801975 
1.999998 6.055000 90.069352 54.536993 5.801975 
1.999998 6.045000 90.069352 54.446923 5.801975 
1.999998 6.035000 90.069352 54.356854 5.801975 
1.999998 6.025000 90.069352 54.266785 5.801975 
1.999998 6.015000 90.069352 54.176715 5.801975 
1.999998 6.005000 90.069352 54.086646 5.801975 
1.999998 5.995000 90.069352 53.996577 5.801975 
1.999998 5.985000 90.069352 53.906507 5.801975 
1.999998 5.975000 90.069352 53.816438 5.801975 
1.999998 5.965000 90.069352 53.726368 5.801975 
1.999998 5.955000 90.069352 53.636299 5.801975 
1.999998 5.945000 90.069352 53.546230 5.801975 
1.999998 5.935000 90.069352 53.456160 5.801975 
1.999998 5.925000 90.069352 53.366091 5.801975 
1.999998 5.915000 90.069352 53.276022 5.801975 
1.999998 5.905000 90.069352 53.185952 5.801975 
1.999998 5.895000 90.069352 53.095883 5.801975 
1.999998 5.885000 90.069352 53.005814 5.801975 
1.999998 5.875000 90.069352 52.915744 5.801975 
1.999998 5.865000 90.069352 52.825675 5.801975 
1.999998 5.855000 90.069352 52.735606 5.801975 
1.999998 5.845000 90.069352 52.645536 5.801975 
1.999998 5.835000 90.069352 52.555467 5.801975 
1.999998 5.825000 90.069352 52.465398 5.801975 
1.999998 5.815000 90.069352 52.375328 5.801975 
1.999998 5.805000 90.069352 52.285259 5.801975 
1.999986 5.795000 90.069352 52.195189 5.178431 
1.999986 5.785000 90.069352 52.105120 5.178431 
1.999986 5.775000 90.069352 52.015051 5.178431 
1.999986 5.765000 90.069352 51.924981 5.178431 
1.999986 5.755000 90.069352 51.834912 5.178431 
1.999986 5.745000 90.069352 51.744843 5.178431 
1.999986 5.735000 90.069352 51.654773 5.178431 
1.999986 5.725000 90.069352 51.564704 5.178431 
1.999986 5.715000 90.069352 51.474635 5.178431 
1.999986 5.705000 90.069352 51.384565 5.178431 
1.999986 5.695000 90.069352 51.294496 5.178431 
1.999986 5.685000 90.069352 51.204427 5.178431 
1.999986 5.675000 90.069352 51.114357 5.178431 
1.999986 5.665000 90.069352 51.024288 5.178431 
1.999986 5.655000 90.069352 50.934219 5.178431 
1.999986 5.645000 90.069352 50.844149 5.178431 
1.999986 5.635000 90.069352 50.754080 5.178431 
1.999986 5.625000 90.069352 50.664010 5.178431 
1.999986 5.615000 90.069352 50.573941 5.178431 
1.999986 5.605000 90.069352 50.483872 5.178431 
1.999986 5.595000 90.069352 50.393802 5.178431 
1.999986 5.585000 90.069352 50.303733 5.178431 
1.999986 5.575000 90.069352 50.213664 5.178431 
1.999986 5.565000 90.069352 50.123594 5.178431 
1.999986 5.555000 90.069352 50.033525 5.178431 
1.999986 5.545000 90.069352 49.943456 5.178431 
1.999986 5.535000 90.069352 49.853386 5.178431 
1.999986 5.525000 90.069352 49.763317 5.178431 
1.999986 5.515000 90.069352 49.673248 5.178431 
1.999986 5.505000 90.069352 49.583178 5.178431 
1.999986 5.495000 90.069352 49.493109 5.178431 
1.999986 5.485000 90.069352 49.403040 5.178431 
1.999986 5.475000 90.069352 49.312970 5.178431 
1.999986 5.465000 90.069352 49.222901 5.178431 
1.999986 5.455000 90.069352 49.132832 5.178431 
1.999986 5.445000 90.069352 49.042762 5.178431 
1.999986 5.435000 90.069352 48.952693 5.178431 
1.999986 5.425000 90.069352 48.862623 5.178431 
1.999986 5.415000 90.069352 48.772554 5.178431 
1.999986 5.405000 90.069352 48.682485 5.178431 
1.999986 5.395000 90.069352 48.592415 5.178431 
1.999986 5.385000 90.069352 48.502346 5.178431 
1.999986 5.375000 90.069352 48.412277 5.178431 
1.999986 5.365000 90.069352 48.322207 5.178431 
1.999986 5.355000 90.069352 48.232138 5.178431 
1.999986 5.345000 90.069352 48.142069 5.178431 
1.999986 5.335000 90.069352 48.051999 5.178431 
1.999986 5.325000 90.069352 47.961930 5.178431 
1.999986 5.315000 90.069352 47.871861 5.178431 
1.999986 5.305000 90.069352 47.781791 5.178431 
1.999986 5.295000 90.069352 47.691722 5.178431 
1.999986 5.285000 90.069352 47.601653 5.178431 
1.999986 5.275000 90.069352 47.511583 5.178431 
1.999986 5.265000 90.069352 47.421514 5.178431 
1.999986 5.255000 90.069352 47.331444 5.178431 
1.999986 5.245000 90.069352 47.241375 5.178431 
1.999986 5.235000 90.069352 47.151306 5.178431 
1.999986 5.225000 90.069352 47.061236 5.178431 
1.999986 5.215000 90.069352 46.971167 5.178431 
1.999986 5.205000 90.069352 46.881098 5.178431 
1.999986 5.195000 90.069352 46.791028 5.178431 
1.999986 5.185000 90.069352 46.700959 5.178431 
1.999963 5.175000 90.069352 46.610890 4.861952 
1.999963 5.165000 90.069352 46.520820 4.861952 
1.999963 5.155000 90.069352 46.430751 4.861952 
1.999963 5.145000 90.069352 46.340682 4.861952 
1.999963 5.135000 90.069352 46.250612 4.861952 
1.999963 5.125000 90.069352 46.160543 4.861952 
1.999963 5.115000 90.069352 46.070474 4.861952 
1.999963 5.105000 90.069352 45.980404 4.861952 
1.999963 5.095000 90.069352 45.890335 4.861952 
1.999963 5.085000 90.069352 45.800265 4.861952 
1.999963 5.075000 90.069352 45.710196 4.861952 
1.999963 5.065000 90.069352 45.620127 4.861952 
1.999963 5.055000 90.069352 45.530057 4.861952 
1.999963 5.045000 90.069352 45.439988 4.861952 
1.999963 5.035000 90.069352 45.349919 4.861952 
1.999963 5.025000 90.069352 45.259849 4.861952 
1.999963 5.015000 90.069352 45.169780 4.861952 
1.999963 5.005000 90.069352 45.079711 4.861952 
1.999963 4.995000 90.069352 44.989641 4.861952 
1.999963 4.985000 90.069352 44.899572 4.861952 
1.999963 4.975000 90.069352 44.809503 4.861952 
1.999963 4.965000 90.069352 44.719433 4.861952 
1.999963 4.955000 90.069352 44.629364 4.861952 
1.999963 4.945000 90.069352 44.539295 4.861952 
1.999963 4.935000 90.069352 44.449225 4.861952 
1.999963 4.925000 90.069352 44.359156 4.861952 
1.999963 4.915000 90.069352 44.269086 4.861952 
1.999963 4.905000 90.069352 44.179017 4.861952 
1.999963 4.895000 90.069352 44.088948 4.861952 
1.999963 4.885000 90.069352 43.998878 4.861952 
1.999963 4.875000 90.069352 43.908809 4.861952 
1.999963 4.865000 90.069352 43.818740 4.861952 
1.999929 4.855000 90.069352 43.728670 4.648216 
1.999929 4.845000 90.069352 43.638601 4.648216 
1.999929 4.835000 90.069352 43.548532 4.648216 
1.999929 4.825000 90.069352 43.458462 4.648216 
1.999929 4.815000 90.069352 43.368393 4.648216 
1.999929 4.805000 90.069352 43.278324 4.648216 
1.999929 4.795000 90.069352 43.188254 4.648216 
1.999929 4.785000 90.069352 43.098185 4.648216 
1.999929 4.775000 90.069352 43.008116 4.648216 
1.999929 4.765000 90.069352 42.918046 4.648216 
1.999929 4.755000 90.069352 42.827977 4.648216 
1.999929 4.745000 90.069352 42.737908 4.648216 
1.999929 4.735000 90.069352 42.647838 4.648216 
1.999929 4.725000 90.069352 42.557769 4.648216 
1.999929 4.715000 90.069352 42.467699 4.648216 
1.999929 4.705000 90.069352 42.377630 4.648216 
1.999929 4.695000 90.069352 42.287561 4.648216 
1.999929 4.685000 90.069352 42.197491 4.648216 
1.999929 4.675000 90.069352 42.107422 4.648216 
1.999929 4.665000 90.069352 42.017353 4.648216 
1.999929 4.655000 90.069352 41.927283 4.648216 
1.999884 4.645000 90.069352 41.837214 4.486612 
1.999884 4.635000 90.069352 41.747145 4.486612 
1.999884 4.625000 90.069352 41.657075 4.486612 
1.999884 4.615000 90.069352 41.567006 4.486612 
1.999884 4.605000 90.069352 41.476937 4.486612 
1.999884 4.595000 90.069352 41.386867 4.486612 
1.999884 4.585000 90.069352 41.296798 4.486612 
1.999884 4.575000 90.069352 41.206729 4.486612 
1.999884 4.565000 90.069352 41.116659 4.486612 
1.999884 4.555000 90.069352 41.026590 4.486612 
1.999884 4.545000 90.069352 40.936520 4.486612 
1.999884 4.535000 90.069352 40.846451 4.486612 
1.999884 4.525000 90.069352 40.756382 4.486612 
1.999884 4.515000 90.069352 40.666312 4.486612 
1.999884 4.505000 90.069352 40.576243 4.486612 
1.999884 4.495000 90.069352 40.486174 4.486612 
1.999829 4.485000 90.069352 40.396104 4.356626 
1.999829 4.475000 90.069352 40.306035 4.356626 
1.999829 4.465000 90.069352 40.215966 4.356626 
1.999829 4.455000 90.069352 40.125896 4.356626 
1.999829 4.445000 90.069352 40.035827 4.356626 
1.999829 4.435000 90.069352 39.945758 4.356626 
1.999829 4.425000 90.069352 39.855688 4.356626 
1.999829 4.415000 90.069352 39.765619 4.356626 
1.999829 4.405000 90.069352 39.675550 4.356626 
1.999829 4.395000 90.069352 39.585480 4.356626 
1.999829 4.385000 90.069352 39.495411 4.356626 
1.999829 4.375000 90.069352 39.405341 4.356626 
1.999829 4.365000 90.069352 39.315272 4.356626 
1.999762 4.355000 90.069352 39.225203 4.247884 
1.999762 4.345000 90.069352 39.135133 4.247884 
1.999762 4.335000 90.069352 39.045064 4.247884 
1.999762 4.325000 90.069352 38.954995 4.247884 
1.999762 4.315000 90.069352 38.864925 4.247884 
1.999762 4.305000 90.069352 38.774856 4.247884 
1.999762 4.295000 90.069352 38.684787 4.247884 
1.999762 4.285000 90.069352 38.594717 4.247884 
1.999762 4.275000 90.069352 38.504648 4.247884 
1.999762 4.265000 90.069352 38.414579 4.247884 
1.999762 4.255000 90.069352 38.324509 4.247884 
1.999685 4.245000 90.069352 38.234440 4.154405 
1.999685 4.235000 90.069352 38.144371 4.154405 
1.999685 4.225000 90.069352 38.054301 4.154405 
1.999685 4.215000 90.069352 37.964232 4.154405 
1.999685 4.205000 90.069352 37.874163 4.154405 
1.999685 4.195000 90.069352 37.784093 4.154405 
1.999685 4.185000 90.069352 37.694024 4.154405 
1.999685 4.175000 90.069352 37.603954 4.154405 
1.999685 4.165000 90.069352 37.513885 4.154405 
1.999685 4.155000 90.069352 37.423816 4.154405 
1.999597 4.145000 90.069352 37.333746 4.072423 
1.999597 4.135000 90.069352 37.243677 4.072423 
1.999597 4.125000 90.069352 37.153608 4.072423 
1.999597 4.115000 90.069352 37.063538 4.072423 
1.999597 4.105000 90.069352 36.973469 4.072423 
1.999597 4.095000 90.069352 36.883400 4.072423 
1.999597 4.085000 90.069352 36.793330 4.072423 
1.999597 4.075000 90.069352 36.703261 4.072423 
1.999498 4.065000 90.069352 36.613192 3.999414 
1.999498 4.055000 90.069352 36.523122 3.999414 
1.999498 4.045000 90.069352 36.433053 3.999414 
1.999498 4.035000 90.069352 36.342984 3.999414 
1.999498 4.025000 90.069352 36.252914 3.999414 
1.999498 4.015000 90.069352 36.162845 3.999414 
1.999498 4.005000 90.069352 36.072775 3.999414 
1.999389 3.995000 90.069352 35.982706 3.933604 
1.999389 3.985000 90.069352 35.892637 3.933604 
1.999389 3.975000 90.069352 35.802567 3.933604 
1.999389 3.965000 90.069352 35.712498 3.933604 
1.999389 3.955000 90.069352 35.622429 3.933604 
1.999389 3.945000 90.069352 35.532359 3.933604 
1.999389 3.935000 90.069352 35.442290 3.933604 
1.999269 3.925000 90.069352 35.352221 3.873698 
1.999269 3.915000 90.069352 35.262151 3.873698 
1.999269 3.905000 90.069352 35.172082 3.873698 
1.999269 3.895000 90.069352 35.082013 3.873698 
1.999269 3.885000 90.069352 34.991943 3.873698 
1.999269 3.875000 90.069352 34.901874 3.873698 
1.999137 3.865000 90.069352 34.811805 3.818721 
1.999137 3.855000 90.069352 34.721735 3.818721 
1.999137 3.845000 90.069352 34.631666 3.818721 
1.999137 3.835000 90.069352 34.541596 3.818721 
1.999137 3.825000 90.069352 34.451527 3.818721 
1.998995 3.815000 90.069352 34.361458 3.767920 
1.998995 3.805000 90.069352 34.271388 3.767920 
1.998995 3.795000 90.069352 34.181319 3.767920 
1.998995 3.785000 90.069352 34.091250 3.767920 
1.998995 3.775000 90.069352 34.001180 3.767920 
1.998843 3.765000 90.069352 33.911111 3.720704 
1.998843 3.755000 90.069352 33.821042 3.720704 
1.998843 3.745000 90.069352 33.730972 3.720704 
1.998843 3.735000 90.069352 33.640903 3.720704 
1.998843 3.725000 90.069352 33.550834 3.720704 
1.998679 3.715000 90.069352 33.460764 3.676599 
1.998679 3.705000 90.069352 33.370695 3.676599 
1.998679 3.695000 90.069352 33.280626 3.676599 
1.998679 3.685000 90.069352 33.190556 3.676599 
1.998505 3.675000 90.069352 33.100487 3.635218 
1.998505 3.665000 90.069352 33.010417 3.635218 
1.998505 3.655000 90.069352 32.920348 3.635218 
1.998505 3.645000 90.069352 32.830279 3.635218 
1.998320 3.635000 90.069352 32.740209 3.596242 
1.998320 3.625000 90.069352 32.650140 3.596242 
1.998320 3.615000 90.069352 32.560071 3.596242 
1.998320 3.605000 90.069352 32.470001 3.596242 
1.998124 3.595000 90.069352 32.379932 3.559406 
1.998124 3.585000 90.069352 32.289863 3.559406 
1.998124 3.575000 90.069352 32.199793 3.559406 
1.998124 3.565000 90.069352 32.109724 3.559406 
1.997917 3.555000 90.069352 32.019655 3.524485 
1.997917 3.545000 90.069352 31.929585 3.524485 
1.997917 3.535000 90.069352 31.839516 3.524485 
1.997917 3.525000 90.069352 31.749447 3.524485 
1.997699 3.515000 90.069352 31.659377 3.491289 
1.997699 3.505000 90.069352 31.569308 3.491289 
1.997699 3.495000 90.069352 31.479239 3.491289 
1.997471 3.485000 90.069352 31.389169 3.459654 
1.997471 3.475000 90.069352 31.299100 3.459654 
1.997471 3.465000 90.069352 31.209030 3.459654 
1.997232 3.455000 90.069352 31.118961 3.429439 
1.997232 3.445000 90.069352 31.028892 3.429439 
1.997232 3.435000 90.069352 30.938822 3.429439 
1.996982 3.425000 90.069352 30.848753 3.400520 
1.996982 3.415000 90.069352 30.758684 3.400520 
1.996982 3.405000 90.069352 30.668614 3.400520 
1.996721 3.395000 90.069352 30.578545 3.372789 
1.996721 3.385000 90.069352 30.488476 3.372789 
1.996721 3.375000 90.069352 30.398406 3.372789 
1.996449 3.365000 90.069352 30.308337 3.346152 
1.996449 3.355000 90.069352 30.218268 3.346152 
1.996167 3.345000 90.069352 30.128198 3.320524 
1.996167 3.335000 90.069352 30.038129 3.320524 
1.996167 3.325000 90.069352 29.948060 3.320524 
1.995874 3.315000 90.069352 29.857990 3.295831 
1.995874 3.305000 90.069352 29.767921 3.295831 
1.995569 3.295000 90.069352 29.677851 3.272006 
1.995569 3.285000 90.069352 29.587782 3.272006 
1.995569 3.275000 90.069352 29.497713 3.272006 
1.995254 3.265000 90.069352 29.407643 3.248990 
1.995254 3.255000 90.069352 29.317574 3.248990 
1.994929 3.245000 90.069352 29.227505 3.226727 
1.994929 3.235000 90.069352 29.137435 3.226727 
1.994592 3.225000 90.069352 29.047366 3.205169 
1.994592 3.215000 90.069352 28.957297 3.205169 
1.994245 3.205000 90.069352 28.867227 3.184273 
1.994245 3.195000 90.069352 28.777158 3.184273 
1.994245 3.185000 90.069352 28.687089 3.184273 
1.993886 3.175000 90.069352 28.597019 3.163998 
1.993886 3.165000 90.069352 28.506950 3.163998 
1.993517 3.155000 90.069352 28.416881 3.144307 
1.993517 3.145000 90.069352 28.326811 3.144307 
1.993137 3.135000 90.069352 28.236742 3.125166 
1.992747 3.125000 90.069352 28.146672 3.106546 
1.992747 3.115000 90.069352 28.056603 3.106546 
1.992345 3.105000 90.069352 27.966534 3.088417 
1.992345 3.095000 90.069352 27.876464 3.088417 
1.991932 3.085000 90.069352 27.786395 3.070754 
1.991932 3.075000 90.069352 27.696326 3.070754 
1.991509 3.065000 90.069352 27.606256 3.053533 
1.991509 3.055000 90.069352 27.516187 3.053533 
1.991075 3.045000 90.069352 27.426118 3.036731 
1.990630 3.035000 90.069352 27.336048 3.020328 
1.990630 3.025000 90.069352 27.245979 3.020328 
1.990174 3.015000 90.069352 27.155910 3.004304 
1.990174 3.005000 90.069352 27.065840 3.004304 
1.989707 2.995000 90.069352 26.975771 2.988642 
1.989229 2.985000 90.069352 26.885702 2.973325 
1.989229 2.975000 90.069352 26.795632 2.973325 
1.988741 2.965000 90.069352 26.705563 2.958338 
1.988241 2.955000 90.069352 26.615494 2.943666 
1.988241 2.945000 90.069352 26.525424 2.943666 
1.987731 2.935000 90.069352 26.435355 2.929295 
1.987210 2.925000 90.069352 26.345285 2.915213 
1.986678 2.915000 90.069352 26.255216 2.901408 
1.986678 2.905000 90.069352 26.165147 2.901408 
1.986135 2.895000 90.069352 26.075077 2.887869 
1.985581 2.885000 90.069352 25.985008 2.874584 
1.985581 2.875000 90.069352 25.894939 2.874584 
1.985016 2.865000 90.069352 25.804869 2.861545 
1.984441 2.855000 90.069352 25.714800 2.848741 
1.983854 2.845000 90.069352 25.624731 2.836164 
1.983257 2.835000 90.069352 25.534661 2.823805 
1.983257 2.825000 90.069352 25.444592 2.823805 
1.982648 2.815000 90.069352 25.354523 2.811657 
1.982029 2.805000 90.069352 25.264453 2.799711 
1.981399 2.795000 90.069352 25.174384 2.787961 
1.980758 2.785000 90.069352 25.084315 2.776399 
1.980106 2.775000 90.069352 24.994245 2.765021 
1.979442 2.765000 90.069352 24.904176 2.753818 
1.979442 2.755000 90.069352 24.814106 2.753818 
1.978768 2.745000 90.069352 24.724037 2.742786 
1.978084 2.735000 90.069352 24.633968 2.731919 
1.977388 2.725000 90.069352 24.543898 2.721211 
1.976681 2.715000 90.069352 24.453829 2.710658 
1.975963 2.705000 90.069352 24.363760 2.700254 
1.975234 2.695000 90.069352 24.273690 2.689995 
1.974495 2.685000 90.069352 24.183621 2.679877 
1.973744 2.675000 90.069352 24.093552 2.669896 
1.972982 2.665000 90.069352 24.003482 2.660047 
1.972209 2.655000 90.069352 23.913413 2.650326 
1.971426 2.645000 90.069352 23.823344 2.640730 
1.970631 2.635000 90.069352 23.733274 2.631255 
1.969825 2.625000 90.069352 23.643205 2.621898 
1.969009 2.615000 90.069352 23.553136 2.612656 
1.968181 2.605000 90.069352 23.463066 2.603525 
1.967342 2.595000 90.069352 23.372997 2.594502 
1.965631 2.585000 90.069352 23.282927 2.576771 
1.964759 2.575000 90.069352 23.192858 2.568056 
1.963876 2.565000 90.069352 23.102789 2.559439 
1.962982 2.555000 90.069352 23.012719 2.550916 
1.962077 2.545000 90.069352 22.922650 2.542486 
1.961161 2.535000 90.069352 22.832581 2.534146 
1.959296 2.525000 90.069352 22.742511 2.517727 
1.958346 2.515000 90.069352 22.652442 2.509644 
1.957386 2.505000 90.069352 22.562373 2.501643 
1.956414 2.495000 90.069352 22.472303 2.493721 
1.954438 2.485000 90.069352 22.382234 2.478108 
1.953433 2.475000 90.069352 22.292165 2.470414 
1.952416 2.465000 90.069352 22.202095 2.462792 
1.950351 2.455000 90.069352 22.112026 2.447759 
1.949301 2.445000 90.069352 22.021957 2.440344 
1.948240 2.435000 90.069352 21.931887 2.432996 
1.946085 2.425000 90.069352 21.841818 2.418491 
1.944991 2.415000 90.069352 21.751749 2.411332 
1.943886 2.405000 90.069352 21.661679 2.404233 
1.941641 2.395000 90.069352 21.571610 2.390212 
1.940502 2.385000 90.069352 21.481540 2.383287 
1.938190 2.375000 90.069352 21.391471 2.369602 
1.937017 2.365000 90.069352 21.301402 2.362840 
1.934637 2.355000 90.069352 21.211332 2.349471 
1.933430 2.345000 90.069352 21.121263 2.342862 
1.930983 2.335000 90.069352 21.031194 2.329789 
1.929743 2.325000 90.069352 20.941124 2.323324 
1.927227 2.315000 90.069352 20.851055 2.310531 
1.925953 2.305000 90.069352 20.760986 2.304201 
1.923369 2.295000 90.069352 20.670916 2.291670 
1.920741 2.285000 90.069352 20.580847 2.279307 
1.919409 2.275000 90.069352 20.490778 2.273186 
1.916712 2.265000 90.069352 20.400708 2.261061 
1.913969 2.255000 90.069352 20.310639 2.249088 
1.912581 2.245000 90.069352 20.220570 2.243156 
1.909769 2.235000 90.069352 20.130500 2.231400 
1.906912 2.225000 90.069352 20.040431 2.219781 
1.905466 2.215000 90.069352 19.950361 2.214022 
1.902540 2.205000 90.069352 19.860292 2.202602 
1.899567 2.195000 90.069352 19.770223 2.191307 
1.896548 2.185000 90.069352 19.680153 2.180133 
1.895022 2.175000 90.069352 19.590084 2.174590 
1.891933 2.165000 90.069352 19.500015 2.163590 
1.888799 2.155000 90.069352 19.409945 2.152701 
1.885617 2.145000 90.069352 19.319876 2.141919 
1.882389 2.135000 90.069352 19.229807 2.131240 
1.879114 2.125000 90.069352 19.139737 2.120661 
1.875793 2.115000 90.069352 19.049668 2.110178 
1.874114 2.105000 90.069352 18.959599 2.104971 
1.870722 2.095000 90.069352 18.869529 2.094625 
1.867282 2.085000 90.069352 18.779460 2.084368 
1.863796 2.075000 90.069352 18.689391 2.074195 
1.860262 2.065000 90.069352 18.599321 2.064104 
1.856680 2.055000 90.069352 18.509252 2.054092 
1.853051 2.045000 90.069352 18.419182 2.044157 
1.849374 2.035000 90.069352 18.329113 2.034295 
1.845649 2.025000 90.069352 18.239044 2.024504 
1.841876 2.015000 90.069352 18.148974 2.014781 
1.836126 2.005000 90.069352 18.058905 2.000321 
1.832233 1.995000 90.069352 17.968836 1.990759 
1.828291 1.985000 90.069352 17.878766 1.981258 
1.824300 1.975000 90.069352 17.788697 1.971815 
1.820261 1.965000 90.069352 17.698628 1.962428 
1.816172 1.955000 90.069352 17.608558 1.953095 
1.812035 1.945000 90.069352 17.518489 1.943814 
1.807848 1.935000 90.069352 17.428420 1.934583 
1.801476 1.925000 90.069352 17.338350 1.920825 
1.797166 1.915000 90.069352 17.248281 1.911711 
1.792806 1.905000 90.069352 17.158212 1.902640 
1.788396 1.895000 90.069352 17.068142 1.893611 
1.783937 1.885000 90.069352 16.978073 1.884622 
1.777153 1.875000 90.069352 16.888003 1.871210 
1.772567 1.865000 90.069352 16.797934 1.862313 
1.767931 1.855000 90.069352 16.707865 1.853451 
1.763244 1.845000 90.069352 16.617795 1.844622 
1.756118 1.835000 90.069352 16.527726 1.831437 
1.751303 1.825000 90.069352 16.437657 1.822683 
1.746437 1.815000 90.069352 16.347587 1.813957 
1.739041 1.805000 90.069352 16.257518 1.800916 
1.734045 1.795000 90.069352 16.167449 1.792253 
1.728998 1.785000 90.069352 16.077379 1.783612 
1.723898 1.775000 90.069352 15.987310 1.774993 
1.716149 1.765000 90.069352 15.897241 1.762101 
1.710918 1.755000 90.069352 15.807171 1.753529 
1.705633 1.745000 90.069352 15.717102 1.744974 
1.697606 1.735000 90.069352 15.627033 1.732170 
1.692188 1.725000 90.069352 15.536963 1.723651 
1.683960 1.715000 90.069352 15.446894 1.710896 
1.678407 1.705000 90.069352 15.356825 1.702406 
1.672800 1.695000 90.069352 15.266755 1.693925 
1.664287 1.685000 90.069352 15.176686 1.681218 
1.658543 1.675000 90.069352 15.086616 1.672755 
1.652743 1.665000 90.069352 14.996547 1.664298 
1.643940 1.655000 90.069352 14.906478 1.651618 
1.638002 1.645000 90.069352 14.816408 1.643168 
1.632008 1.635000 90.069352 14.726339 1.634719 
1.622910 1.625000 90.069352 14.636270 1.622045 
1.616774 1.615000 90.069352 14.546200 1.613594 
1.607464 1.605000 90.069352 14.456131 1.600911 
1.601185 1.595000 90.069352 14.366062 1.592450 
1.594848 1.585000 90.069352 14.275992 1.583983 
1.585234 1.575000 90.069352 14.185923 1.571269 
1.578752 1.565000 90.069352 14.095854 1.562783 
1.572211 1.555000 90.069352 14.005784 1.554286 
1.562288 1.545000 90.069352 13.915715 1.541521 
1.555599 1.535000 90.069352 13.825646 1.532994 
1.548850 1.525000 90.069352 13.735576 1.524454 
1.538613 1.515000 90.069352 13.645507 1.511615 
1.531712 1.505000 90.069352 13.555437 1.503034 
1.524750 1.495000 90.069352 13.465368 1.494436 
1.514192 1.485000 90.069352 13.375299 1.481501 
1.507076 1.475000 90.069352 13.285229 1.472852 
1.499898 1.465000 90.069352 13.195160 1.464180 
1.489013 1.455000 90.069352 13.105091 1.451128 
1.481677 1.445000 90.069352 13.015021 1.442394 
1.474277 1.435000 90.069352 12.924952 1.433634 
1.466813 1.425000 90.069352 12.834883 1.424845 
1.455496 1.415000 90.069352 12.744813 1.411606 
1.447870 1.405000 90.069352 12.654744 1.402741 
1.440178 1.395000 90.069352 12.564675 1.393843 
1.432421 1.385000 90.069352 12.474605 1.384911 
1.420659 1.375000 90.069352 12.384536 1.371445 
1.412734 1.365000 90.069352 12.294467 1.362420 
1.404742 1.355000 90.069352 12.204397 1.353356 
1.396681 1.345000 90.069352 12.114328 1.344251 
1.384462 1.335000 90.069352 12.024258 1.330514 
1.376228 1.325000 90.069352 11.934189 1.321300 
1.367925 1.315000 90.069352 11.844120 1.312039 
1.359552 1.305000 90.069352 11.754050 1.302730 
1.351107 1.295000 90.069352 11.663981 1.293371 
1.342591 1.285000 90.069352 11.573912 1.283961 
1.334003 1.275000 90.069352 11.483842 1.274497 
1.325342 1.265000 90.069352 11.393773 1.264978 
1.312214 1.255000 90.069352 11.303704 1.250591 
1.303368 1.245000 90.069352 11.213634 1.240926 
1.294449 1.235000 90.069352 11.123565 1.231199 
1.285453 1.225000 90.069352 11.033496 1.221407 
1.276382 1.215000 90.069352 10.943426 1.211550 
1.267234 1.205000 90.069352 10.853357 1.201624 
1.258008 1.195000 90.069352 10.763288 1.191628 
1.248705 1.185000 90.069352 10.673218 1.181559 
1.239322 1.175000 90.069352 10.583149 1.171415 
1.229860 1.165000 90.069352 10.493080 1.161193 
1.220318 1.155000 90.069352 10.403010 1.150891 
1.210694 1.145000 90.069352 10.312941 1.140506 
1.200989 1.135000 90.069352 10.222871 1.130037 
1.196106 1.125000 90.069352 10.132802 1.124769 
1.186276 1.115000 90.069352 10.042733 1.114166 
1.176363 1.105000 90.069352 9.952663 1.103470 
1.166365 1.095000 90.069352 9.862594 1.092679 
1.156281 1.085000 90.069352 9.772525 1.081790 
1.146111 1.075000 90.069352 9.682455 1.070799 
1.135853 1.065000 90.069352 9.592386 1.059703 
1.130692 1.055000 90.069352 9.502317 1.054114 
1.120301 1.045000 90.069352 9.412247 1.042854 
1.109821 1.035000 90.069352 9.322178 1.031479 
1.099249 1.025000 90.069352 9.232109 1.019987 
1.093929 1.015000 90.069352 9.142039 1.014195 
1.083220 1.005000 90.069352 9.051970 1.002519 
1.072417 0.995000 90.069352 8.961901 0.990714 
1.066980 0.985000 90.069352 8.871831 0.984763 
1.056035 0.975000 90.069352 8.781762 0.972758 
1.044993 0.965000 90.069352 8.691692 0.960613 
1.039436 0.955000 90.069352 8.601623 0.954488 
1.028248 0.945000 90.069352 8.511554 0.942125 
1.016960 0.935000 90.069352 8.421484 0.929610 
1.011279 0.925000 90.069352 8.331415 0.923294 
0.999839 0.915000 90.069352 8.241346 0.910541 
0.994081 0.905000 90.069352 8.151276 0.904103 
0.982488 0.895000 90.069352 8.061207 0.891098 
0.976651 0.885000 90.069352 7.971138 0.884530 
0.964900 0.875000 90.069352 7.881068 0.871260 
0.958984 0.865000 90.069352 7.790999 0.864556 
0.947072 0.855000 90.069352 7.700930 0.851005 
0.941075 0.845000 90.069352 7.610860 0.844156 
0.928998 0.835000 90.069352 7.520791 0.830308 
0.922917 0.825000 90.069352 7.430722 0.823306 
0.910672 0.815000 90.069352 7.340652 0.809143 
0.904507 0.805000 90.069352 7.250583 0.801979 
0.898313 0.795000 90.069352 7.160513 0.794759 
0.885837 0.785000 90.069352 7.070444 0.780145 
0.879555 0.775000 90.069352 6.980375 0.772750 
0.866903 0.765000 90.069352 6.890305 0.757774 
0.860531 0.755000 90.069352 6.800236 0.750191 
0.854129 0.745000 90.069352 6.710167 0.742543 
0.847696 0.735000 90.069352 6.620097 0.734829 
0.834737 0.725000 90.069352 6.530028 0.719197 
0.828211 0.715000 90.069352 6.439959 0.711275 
0.821653 0.705000 90.069352 6.349889 0.703281 
0.808440 0.695000 90.069352 6.259820 0.687069 
0.801785 0.685000 90.069352 6.169751 0.678847 
0.795097 0.675000 90.069352 6.079681 0.670547 
0.788376 0.665000 90.069352 5.989612 0.662165 
0.781621 0.655000 90.069352 5.899543 0.653701 
0.768010 0.645000 90.069352 5.809473 0.636516 
0.761153 0.635000 90.069352 5.719404 0.627790 
0.754261 0.625000 90.069352 5.629334 0.618974 
0.747334 0.615000 90.069352 5.539265 0.610064 
0.740372 0.605000 90.069352 5.449196 0.601058 
0.733373 0.595000 90.069352 5.359126 0.591954 
0.726339 0.585000 90.069352 5.269057 0.582749 
0.719268 0.575000 90.069352 5.178988 0.573440 
0.712159 0.565000 90.069352 5.088918 0.564026 
0.705014 0.555000 90.069352 4.998849 0.554503 
0.697831 0.545000 90.069352 4.908780 0.544867 
0.683349 0.535000 90.069352 4.818710 0.525249 
0.676050 0.525000 90.069352 4.728641 0.515259 
0.668712 0.515000 90.069352 4.638572 0.505145 
0.661334 0.505000 90.069352 4.548502 0.494902 
0.661334 0.495000 90.069352 4.458433 0.494902 
0.653915 0.485000 90.069352 4.368364 0.484527 
0.646456 0.475000 90.069352 4.278294 0.474016 
0.638955 0.465000 90.069352 4.188225 0.463365 
0.631413 0.455000 90.069352 4.098156 0.452570 
0.623828 0.445000 90.069352 4.008086 0.441626 
0.616201 0.435000 90.069352 3.918017 0.430529 
0.608530 0.425000 90.069352 3.827947 0.419274 
0.600815 0.415000 90.069352 3.737878 0.407855 
0.593056 0.405000 90.069352 3.647809 0.396268 
0.585252 0.395000 90.069352 3.557739 0.384507 
0.585252 0.385000 90.069352 3.467670 0.384507 
0.577402 0.375000 90.069352 3.377601 0.372567 
0.569507 0.365000 90.069352 3.287531 0.360440 
0.561564 0.355000 90.069352 3.197462 0.348121 
0.553574 0.345000 90.069352 3.107393 0.335603 
0.545535 0.335000 90.069352 3.017323 0.322878 
0.545535 0.325000 90.069352 2.927254 0.322878 
0.537448 0.315000 90.069352 2.837185 0.309940 
0.529311 0.305000 90.069352 2.747115 0.296780 
0.521125 0.295000 90.069352 2.657046 0.283390 
0.521125 0.285000 90.069352 2.566977 0.283390 
0.512887 0.275000 90.069352 2.476907 0.269761 
0.504597 0.265000 90.069352 2.386838 0.255884 
0.496255 0.255000 90.069352 2.296768 0.241749 
0.496255 0.245000 90.069352 2.206699 0.241749 
0.487859 0.235000 90.069352 2.116630 0.227345 
0.479409 0.225000 90.069352 2.026560 0.212661 
0.479409 0.215000 90.069352 1.936491 0.212661 
0.470905 0.205000 90.069352 1.846422 0.197687 
0.462344 0.195000 90.069352 1.756352 0.182408 
0.462344 0.185000 90.069352 1.666283 0.182408 
0.453726 0.175000 90.069352 1.576214 0.166811 
0.445050 0.165000 90.069352 1.486144 0.150883 
0.445050 0.155000 90.069352 1.396075 0.150883 
0.436316 0.145000 90.069352 1.306006 0.134608 
0.436316 0.135000 90.069352 1.215936 0.134608 
0.427522 0.125000 90.069352 1.125867 0.117970 
0.418666 0.115000 90.069352 1.035798 0.100951 
0.418666 0.105000 90.069352 0.945728 0.100951 
0.409749 0.095000 90.069352 0.855659 0.083533 
0.409749 0.085000 90.069352 0.765589 0.083533 
0.400768 0.075000 90.069352 0.675520 0.065695 
0.391723 0.065000 90.069352 0.585451 0.047416 
0.391723 0.055000 90.069352 0.495381 0.047416 
0.382612 0.045000 90.069352 0.405312 0.028672 
0.382612 0.035000 90.069352 0.315243 0.028672 
0.373434 0.025000 90.069352 0.225173 0.009438 
0.373434 0.015000 90.069352 0.135104 0.009438 
