1.999998 9.985000 2.185259 2.181982 3.547018 
1.999998 9.975000 2.185259 2.179796 3.547018 
1.999998 9.965000 2.185259 2.177611 3.547018 
1.999998 9.955000 2.185259 2.175426 3.547018 
1.999998 9.945000 2.185259 2.173241 3.547018 
1.999998 9.935000 2.185259 2.171055 3.547018 
1.999998 9.925000 2.185259 2.168870 3.547018 
1.999998 9.915000 2.185259 2.166685 3.547018 
1.999998 9.905000 2.185259 2.164499 3.547018 
1.999998 9.895000 2.185259 2.162314 3.547018 
1.999998 9.885000 2.185259 2.160129 3.547018 
1.999998 9.875000 2.185259 2.157944 3.547018 
1.999998 9.865000 2.185259 2.155758 3.547018 
1.999998 9.855000 2.185259 2.153573 3.547018 
1.999998 9.845000 2.185259 2.151388 3.547018 
1.999998 9.835000 2.185259 2.149203 3.547018 
1.999998 9.825000 2.185259 2.147017 3.547018 
1.999998 9.815000 2.185259 2.144832 3.547018 
1.999998 9.805000 2.185259 2.142647 3.547018 
1.999998 9.795000 2.185259 2.140462 3.547018 
1.999998 9.785000 2.185259 2.138276 3.547018 
1.999998 9.775000 2.185259 2.136091 3.547018 
1.999998 9.765000 2.185259 2.133906 3.547018 
1.999998 9.755000 2.185259 2.131721 3.547018 
1.999998 9.745000 2.185259 2.129535 3.547018 
1.999998 9.735000 2.185259 2.127350 3.547018 
1.999998 9.725000 2.185259 2.125165 3.547018 
1.999998 9.715000 2.185259 2.122980 3.547018 
1.999998 9.705000 2.185259 2.120794 3.547018 
1.999998 9.695000 2.185259 2.118609 3.547018 
1.999998 9.685000 2.185259 2.116424 3.547018 
1.999998 9.675000 2.185259 2.114238 3.547018 
1.999998 9.665000 2.185259 2.112053 3.547018 
1.999998 9.655000 2.185259 2.109868 3.547018 
1.999998 9.645000 2.185259 2.107683 3.547018 
1.999998 9.635000 2.185259 2.105497 3.547018 
1.999998 9.625000 2.185259 2.103312 3.547018 
1.999998 9.615000 2.185259 2.101127 3.547018 
1.999998 9.605000 2.185259 2.098942 3.547018 
1.999998 9.595000 2.185259 2.096756 3.547018 
1.999998 9.585000 2.185259 2.094571 3.547018 
1.999998 9.575000 2.185259 2.092386 3.547018 
1.999998 9.565000 2.185259 2.090201 3.547018 
1.999998 9.555000 2.185259 2.088015 3.547018 
1.999998 9.545000 2.185259 2.085830 3.547018 
1.999998 9.535000 2.185259 2.083645 3.547018 
1.999998 9.525000 2.185259 2.081460 3.547018 
1.999998 9.515000 2.185259 2.079274 3.547018 
1.999998 9.505000 2.185259 2.077089 3.547018 
1.999998 9.495000 2.185259 2.074904 3.547018 
1.999998 9.485000 2.185259 2.072719 3.547018 
1.999998 9.475000 2.185259 2.070533 3.547018 
1.999998 9.465000 2.185259 2.068348 3.547018 
1.999998 9.455000 2.185259 2.066163 3.547018 
1.999998 9.445000 2.185259 2.063978 3.547018 
1.999998 9.435000 2.185259 2.061792 3.547018 
1.999998 9.425000 2.185259 2.059607 3.547018 
1.999998 9.415000 2.185259 2.057422 3.547018 
1.999998 9.405000 2.185259 2.055236 3.547018 
1.999998 9.395000 2.185259 2.053051 3.547018 
1.999998 9.385000 2.185259 2.050866 3.547018 
1.999998 9.375000 2.185259 2.048681 3.547018 
1.999998 9.365000 2.185259 2.046495 3.547018 
1.999998 9.355000 2.185259 2.044310 3.547018 
1.999998 9.345000 2.185259 2.042125 3.547018 
1.999998 9.335000 2.185259 2.039940 3.547018 
1.999998 9.325000 2.185259 2.037754 3.547018 
1.999998 9.315000 2.185259 2.035569 3.547018 
1.999998 9.305000 2.185259 2.033384 3.547018 
1.999998 9.295000 2.185259 2.031199 3.547018 
1.999998 9.285000 2.185259 2.029013 3.547018 
1.999998 9.275000 2.185259 2.026828 3.547018 
1.999998 9.265000 2.185259 2.024643 3.547018 
1.999998 9.255000 2.185259 2.022458 3.547018 
1.999998 9.245000 2.185259 2.020272 3.547018 
1.999998 9.235000 2.185259 2.018087 3.547018 
1.999998 9.225000 2.185259 2.015902 3.547018 
1.999998 9.215000 2.185259 2.013717 3.547018 
1.999998 9.205000 2.185259 2.011531 3.547018 
1.999998 9.195000 2.185259 2.009346 3.547018 
1.999998 9.185000 2.185259 2.007161 3.547018 
1.999998 9.175000 2.185259 2.004976 3.547018 
1.999998 9.165000 2.185259 2.002790 3.547018 
1.999998 9.155000 2.185259 2.000605 3.547018 
1.999998 9.145000 2.185259 1.998420 3.547018 
1.999998 9.135000 2.185259 1.996234 3.547018 
1.999998 9.125000 2.185259 1.994049 3.547018 
1.999998 9.115000 2.185259 1.991864 3.547018 
1.999998 9.105000 2.185259 1.989679 3.547018 
1.999998 9.095000 2.185259 1.987493 3.547018 
1.999998 9.085000 2.185259 1.985308 3.547018 
1.999998 9.075000 2.185259 1.983123 3.547018 
1.999998 9.065000 2.185259 1.980938 3.547018 
1.999998 9.055000 2.185259 1.978752 3.547018 
1.999998 9.045000 2.185259 1.976567 3.547018 
1.999998 9.035000 2.185259 1.974382 3.547018 
1.999998 9.025000 2.185259 1.972197 3.547018 
1.999998 9.015000 2.185259 1.970011 3.547018 
1.999998 9.005000 2.185259 1.967826 3.547018 
1.999998 8.995000 2.185259 1.965641 3.547018 
1.999998 8.985000 2.185259 1.963456 3.547018 
1.999998 8.975000 2.185259 1.961270 3.547018 
1.999998 8.965000 2.185259 1.959085 3.547018 
1.999998 8.955000 2.185259 1.956900 3.547018 
1.999998 8.945000 2.185259 1.954715 3.547018 
1.999998 8.935000 2.185259 1.952529 3.547018 
1.999998 8.925000 2.185259 1.950344 3.547018 
1.999998 8.915000 2.185259 1.948159 3.547018 
1.999998 8.905000 2.185259 1.945974 3.547018 
1.999998 8.895000 2.185259 1.943788 3.547018 
1.999998 8.885000 2.185259 1.941603 3.547018 
1.999998 8.875000 2.185259 1.939418 3.547018 
1.999998 8.865000 2.185259 1.937232 3.547018 
1.999998 8.855000 2.185259 1.935047 3.547018 
1.999998 8.845000 2.185259 1.932862 3.547018 
1.999998 8.835000 2.185259 1.930677 3.547018 
1.999998 8.825000 2.185259 1.928491 3.547018 
1.999998 8.815000 2.185259 1.926306 3.547018 
1.999998 8.805000 2.185259 1.924121 3.547018 
1.999998 8.795000 2.185259 1.921936 3.547018 
1.999998 8.785000 2.185259 1.919750 3.547018 
1.999998 8.775000 2.185259 1.917565 3.547018 
1.999998 8.765000 2.185259 1.915380 3.547018 
1.999998 8.755000 2.185259 1.913195 3.547018 
1.999998 8.745000 2.185259 1.911009 3.547018 
1.999998 8.735000 2.185259 1.908824 3.547018 
1.999998 8.725000 2.185259 1.906639 3.547018 
1.999998 8.715000 2.185259 1.904454 3.547018 
1.999998 8.705000 2.185259 1.902268 3.547018 
1.999998 8.695000 2.185259 1.900083 3.547018 
1.999998 8.685000 2.185259 1.897898 3.547018 
1.999998 8.675000 2.185259 1.895713 3.547018 
1.999998 8.665000 2.185259 1.893527 3.547018 
1.999998 8.655000 2.185259 1.891342 3.547018 
1.999998 8.645000 2.185259 1.889157 3.547018 
1.999998 8.635000 2.185259 1.886972 3.547018 
1.999998 8.625000 2.185259 1.884786 3.547018 
1.999998 8.615000 2.185259 1.882601 3.547018 
1.999998 8.605000 2.185259 1.880416 3.547018 
1.999998 8.595000 2.185259 1.878230 3.547018 
1.999998 8.585000 2.185259 1.876045 3.547018 
1.999998 8.575000 2.185259 1.873860 3.547018 
1.999998 8.565000 2.185259 1.871675 3.547018 
1.999998 8.555000 2.185259 1.869489 3.547018 
1.999998 8.545000 2.185259 1.867304 3.547018 
1.999998 8.535000 2.185259 1.865119 3.547018 
1.999998 8.525000 2.185259 1.862934 3.547018 
1.999998 8.515000 2.185259 1.860748 3.547018 
1.999998 8.505000 2.185259 1.858563 3.547018 
1.999998 8.495000 2.185259 1.856378 3.547018 
1.999998 8.485000 2.185259 1.854193 3.547018 
1.999998 8.475000 2.185259 1.852007 3.547018 
1.999998 8.465000 2.185259 1.849822 3.547018 
1.999998 8.455000 2.185259 1.847637 3.547018 
1.999998 8.445000 2.185259 1.845452 3.547018 
1.999998 8.435000 2.185259 1.843266 3.547018 
1.999998 8.425000 2.185259 1.841081 3.547018 
1.999998 8.415000 2.185259 1.838896 3.547018 
1.999998 8.405000 2.185259 1.836711 3.547018 
1.999998 8.395000 2.185259 1.834525 3.547018 
1.999998 8.385000 2.185259 1.832340 3.547018 
1.999998 8.375000 2.185259 1.830155 3.547018 
1.999998 8.365000 2.185259 1.827970 3.547018 
1.999998 8.355000 2.185259 1.825784 3.547018 
1.999998 8.345000 2.185259 1.823599 3.547018 
1.999998 8.335000 2.185259 1.821414 3.547018 
1.999998 8.325000 2.185259 1.819228 3.547018 
1.999998 8.315000 2.185259 1.817043 3.547018 
1.999998 8.305000 2.185259 1.814858 3.547018 
1.999998 8.295000 2.185259 1.812673 3.547018 
1.999998 8.285000 2.185259 1.810487 3.547018 
1.999998 8.275000 2.185259 1.808302 3.547018 
1.999998 8.265000 2.185259 1.806117 3.547018 
1.999998 8.255000 2.185259 1.803932 3.547018 
1.999998 8.245000 2.185259 1.801746 3.547018 
1.999998 8.235000 2.185259 1.799561 3.547018 
1.999998 8.225000 2.185259 1.797376 3.547018 
1.999998 8.215000 2.185259 1.795191 3.547018 
1.999998 8.205000 2.185259 1.793005 3.547018 
1.999998 8.195000 2.185259 1.790820 3.547018 
1.999998 8.185000 2.185259 1.788635 3.547018 
1.999998 8.175000 2.185259 1.786450 3.547018 
1.999998 8.165000 2.185259 1.784264 3.547018 
1.999998 8.155000 2.185259 1.782079 3.547018 
1.999998 8.145000 2.185259 1.779894 3.547018 
1.999998 8.135000 2.185259 1.777709 3.547018 
1.999998 8.125000 2.185259 1.775523 3.547018 
1.999998 8.115000 2.185259 1.773338 3.547018 
1.999998 8.105000 2.185259 1.771153 3.547018 
1.999998 8.095000 2.185259 1.768968 3.547018 
1.999998 8.085000 2.185259 1.766782 3.547018 
1.999998 8.075000 2.185259 1.764597 3.547018 
1.999998 8.065000 2.185259 1.762412 3.547018 
1.999998 8.055000 2.185259 1.760226 3.547018 
1.999998 8.045000 2.185259 1.758041 3.547018 
1.999998 8.035000 2.185259 1.755856 3.547018 
1.999998 8.025000 2.185259 1.753671 3.547018 
1.999998 8.015000 2.185259 1.751485 3.547018 
1.999998 8.005000 2.185259 1.749300 3.547018 
1.999998 7.995000 2.185259 1.747115 3.547018 
1.999998 7.985000 2.185259 1.744930 3.547018 
1.999998 7.975000 2.185259 1.742744 3.547018 
1.999998 7.965000 2.185259 1.740559 3.547018 
1.999998 7.955000 2.185259 1.738374 3.547018 
1.999998 7.945000 2.185259 1.736189 3.547018 
1.999998 7.935000 2.185259 1.734003 3.547018 
1.999998 7.925000 2.185259 1.731818 3.547018 
1.999998 7.915000 2.185259 1.729633 3.547018 
1.999998 7.905000 2.185259 1.727448 3.547018 
1.999998 7.895000 2.185259 1.725262 3.547018 
1.999998 7.885000 2.185259 1.723077 3.547018 
1.999998 7.875000 2.185259 1.720892 3.547018 
1.999998 7.865000 2.185259 1.718707 3.547018 
1.999998 7.855000 2.185259 1.716521 3.547018 
1.999998 7.845000 2.185259 1.714336 3.547018 
1.999998 7.835000 2.185259 1.712151 3.547018 
1.999998 7.825000 2.185259 1.709966 3.547018 
1.999998 7.815000 2.185259 1.707780 3.547018 
1.999998 7.805000 2.185259 1.705595 3.547018 
1.999998 7.795000 2.185259 1.703410 3.547018 
1.999998 7.785000 2.185259 1.701224 3.547018 
1.999998 7.775000 2.185259 1.699039 3.547018 
1.999998 7.765000 2.185259 1.696854 3.547018 
1.999998 7.755000 2.185259 1.694669 3.547018 
1.999998 7.745000 2.185259 1.692483 3.547018 
1.999998 7.735000 2.185259 1.690298 3.547018 
1.999998 7.725000 2.185259 1.688113 3.547018 
1.999998 7.715000 2.185259 1.685928 3.547018 
1.999998 7.705000 2.185259 1.683742 3.547018 
1.999998 7.695000 2.185259 1.681557 3.547018 
1.999998 7.685000 2.185259 1.679372 3.547018 
1.999998 7.675000 2.185259 1.677187 3.547018 
1.999998 7.665000 2.185259 1.675001 3.547018 
1.999998 7.655000 2.185259 1.672816 3.547018 
1.999998 7.645000 2.185259 1.670631 3.547018 
1.999998 7.635000 2.185259 1.668446 3.547018 
1.999998 7.625000 2.185259 1.666260 3.547018 
1.999998 7.615000 2.185259 1.664075 3.547018 
1.999998 7.605000 2.185259 1.661890 3.547018 
1.999998 7.595000 2.185259 1.659705 3.547018 
1.999998 7.585000 2.185259 1.657519 3.547018 
1.999998 7.575000 2.185259 1.655334 3.547018 
1.999998 7.565000 2.185259 1.653149 3.547018 
1.999998 7.555000 2.185259 1.650963 3.547018 
1.999998 7.545000 2.185259 1.648778 3.547018 
1.999998 7.535000 2.185259 1.646593 3.547018 
1.999998 7.525000 2.185259 1.644408 3.547018 
1.999998 7.515000 2.185259 1.642222 3.547018 
1.999998 7.505000 2.185259 1.640037 3.547018 
1.999998 7.495000 2.185259 1.637852 3.547018 
1.999998 7.485000 2.185259 1.635667 3.547018 
1.999998 7.475000 2.185259 1.633481 3.547018 
1.999998 7.465000 2.185259 1.631296 3.547018 
1.999998 7.455000 2.185259 1.629111 3.547018 
1.999998 7.445000 2.185259 1.626926 3.547018 
1.999998 7.435000 2.185259 1.624740 3.547018 
1.999998 7.425000 2.185259 1.622555 3.547018 
1.999998 7.415000 2.185259 1.620370 3.547018 
1.999998 7.405000 2.185259 1.618185 3.547018 
1.999998 7.395000 2.185259 1.615999 3.547018 
1.999998 7.385000 2.185259 1.613814 3.547018 
1.999998 7.375000 2.185259 1.611629 3.547018 
1.999998 7.365000 2.185259 1.609444 3.547018 
1.999998 7.355000 2.185259 1.607258 3.547018 
1.999998 7.345000 2.185259 1.605073 3.547018 
1.999998 7.335000 2.185259 1.602888 3.547018 
1.999998 7.325000 2.185259 1.600703 3.547018 
1.999998 7.315000 2.185259 1.598517 3.547018 
1.999998 7.305000 2.185259 1.596332 3.547018 
1.999998 7.295000 2.185259 1.594147 3.547018 
1.999998 7.285000 2.185259 1.591961 3.547018 
1.999998 7.275000 2.185259 1.589776 3.547018 
1.999998 7.265000 2.185259 1.587591 3.547018 
1.999998 7.255000 2.185259 1.585406 3.547018 
1.999998 7.245000 2.185259 1.583220 3.547018 
1.999998 7.235000 2.185259 1.581035 3.547018 
1.999998 7.225000 2.185259 1.578850 3.547018 
1.999998 7.215000 2.185259 1.576665 3.547018 
1.999998 7.205000 2.185259 1.574479 3.547018 
1.999998 7.195000 2.185259 1.572294 3.547018 
1.999998 7.185000 2.185259 1.570109 3.547018 
1.999998 7.175000 2.185259 1.567924 3.547018 
1.999998 7.165000 2.185259 1.565738 3.547018 
1.999998 7.155000 2.185259 1.563553 3.547018 
1.999998 7.145000 2.185259 1.561368 3.547018 
1.999998 7.135000 2.185259 1.559183 3.547018 
1.999998 7.125000 2.185259 1.556997 3.547018 
1.999998 7.115000 2.185259 1.554812 3.547018 
1.999998 7.105000 2.185259 1.552627 3.547018 
1.999998 7.095000 2.185259 1.550442 3.547018 
1.999998 7.085000 2.185259 1.548256 3.547018 
1.999998 7.075000 2.185259 1.546071 3.547018 
1.999998 7.065000 2.185259 1.543886 3.547018 
1.999998 7.055000 2.185259 1.541701 3.547018 
1.999998 7.045000 2.185259 1.539515 3.547018 
1.999998 7.035000 2.185259 1.537330 3.547018 
1.999998 7.025000 2.185259 1.535145 3.547018 
1.999998 7.015000 2.185259 1.532959 3.547018 
1.999998 7.005000 2.185259 1.530774 3.547018 
1.999998 6.995000 2.185259 1.528589 3.547018 
1.999998 6.985000 2.185259 1.526404 3.547018 
1.999998 6.975000 2.185259 1.524218 3.547018 
1.999998 6.965000 2.185259 1.522033 3.547018 
1.999998 6.955000 2.185259 1.519848 3.547018 
1.999998 6.945000 2.185259 1.517663 3.547018 
1.999998 6.935000 2.185259 1.515477 3.547018 
1.999998 6.925000 2.185259 1.513292 3.547018 
1.999998 6.915000 2.185259 1.511107 3.547018 
1.999998 6.905000 2.185259 1.508922 3.547018 
1.999998 6.895000 2.185259 1.506736 3.547018 
1.999998 6.885000 2.185259 1.504551 3.547018 
1.999998 6.875000 2.185259 1.502366 3.547018 
1.999998 6.865000 2.185259 1.500181 3.547018 
1.999998 6.855000 2.185259 1.497995 3.547018 
1.999998 6.845000 2.185259 1.495810 3.547018 
1.999998 6.835000 2.185259 1.493625 3.547018 
1.999998 6.825000 2.185259 1.491440 3.547018 
1.999998 6.815000 2.185259 1.489254 3.547018 
1.999998 6.805000 2.185259 1.487069 3.547018 
1.999998 6.795000 2.185259 1.484884 3.547018 
1.999998 6.785000 2.185259 1.482699 3.547018 
1.999998 6.775000 2.185259 1.480513 3.547018 
1.999998 6.765000 2.185259 1.478328 3.547018 
1.999998 6.755000 2.185259 1.476143 3.547018 
1.999998 6.745000 2.185259 1.473957 3.547018 
1.999998 6.735000 2.185259 1.471772 3.547018 
1.999998 6.725000 2.185259 1.469587 3.547018 
1.999998 6.715000 2.185259 1.467402 3.547018 
1.999998 6.705000 2.185259 1.465216 3.547018 
1.999998 6.695000 2.185259 1.463031 3.547018 
1.999998 6.685000 2.185259 1.460846 3.547018 
1.999998 6.675000 2.185259 1.458661 3.547018 
1.999998 6.665000 2.185259 1.456475 3.547018 
1.999998 6.655000 2.185259 1.454290 3.547018 
1.999998 6.645000 2.185259 1.452105 3.547018 
1.999998 6.635000 2.185259 1.449920 3.547018 
1.999998 6.625000 2.185259 1.447734 3.547018 
1.999998 6.615000 2.185259 1.445549 3.547018 
1.999998 6.605000 2.185259 1.443364 3.547018 
1.999998 6.595000 2.185259 1.441179 3.547018 
1.999998 6.585000 2.185259 1.438993 3.547018 
1.999998 6.575000 2.185259 1.436808 3.547018 
1.999998 6.565000 2.185259 1.434623 3.547018 
1.999998 6.555000 2.185259 1.432438 3.547018 
1.999998 6.545000 2.185259 1.430252 3.547018 
1.999998 6.535000 2.185259 1.428067 3.547018 
1.999998 6.525000 2.185259 1.425882 3.547018 
1.999998 6.515000 2.185259 1.423697 3.547018 
1.999998 6.505000 2.185259 1.421511 3.547018 
1.999998 6.495000 2.185259 1.419326 3.547018 
1.999998 6.485000 2.185259 1.417141 3.547018 
1.999998 6.475000 2.185259 1.414955 3.547018 
1.999998 6.465000 2.185259 1.412770 3.547018 
1.999998 6.455000 2.185259 1.410585 3.547018 
1.999998 6.445000 2.185259 1.408400 3.547018 
1.999998 6.435000 2.185259 1.406214 3.547018 
1.999998 6.425000 2.185259 1.404029 3.547018 
1.999998 6.415000 2.185259 1.401844 3.547018 
1.999998 6.405000 2.185259 1.399659 3.547018 
1.999998 6.395000 2.185259 1.397473 3.547018 
1.999998 6.385000 2.185259 1.395288 3.547018 
1.999998 6.375000 2.185259 1.393103 3.547018 
1.999998 6.365000 2.185259 1.390918 3.547018 
1.999998 6.355000 2.185259 1.388732 3.547018 
1.999998 6.345000 2.185259 1.386547 3.547018 
1.999998 6.335000 2.185259 1.384362 3.547018 
1.999998 6.325000 2.185259 1.382177 3.547018 
1.999998 6.315000 2.185259 1.379991 3.547018 
1.999998 6.305000 2.185259 1.377806 3.547018 
1.999998 6.295000 2.185259 1.375621 3.547018 
1.999998 6.285000 2.185259 1.373436 3.547018 
1.999998 6.275000 2.185259 1.371250 3.547018 
1.999998 6.265000 2.185259 1.369065 3.547018 
1.999998 6.255000 2.185259 1.366880 3.547018 
1.999998 6.245000 2.185259 1.364695 3.547018 
1.999998 6.235000 2.185259 1.362509 3.547018 
1.999998 6.225000 2.185259 1.360324 3.547018 
1.999998 6.215000 2.185259 1.358139 3.547018 
1.999998 6.205000 2.185259 1.355953 3.547018 
1.999998 6.195000 2.185259 1.353768 3.547018 
1.999998 6.185000 2.185259 1.351583 3.547018 
1.999998 6.175000 2.185259 1.349398 3.547018 
1.999998 6.165000 2.185259 1.347212 3.547018 
1.999998 6.155000 2.185259 1.345027 3.547018 
1.999998 6.145000 2.185259 1.342842 3.547018 
1.999998 6.135000 2.185259 1.340657 3.547018 
1.999998 6.125000 2.185259 1.338471 3.547018 
1.999998 6.115000 2.185259 1.336286 3.547018 
1.999998 6.105000 2.185259 1.334101 3.547018 
1.999998 6.095000 2.185259 1.331916 3.547018 
1.999998 6.085000 2.185259 1.329730 3.547018 
1.999998 6.075000 2.185259 1.327545 3.547018 
1.999998 6.065000 2.185259 1.325360 3.547018 
1.999998 6.055000 2.185259 1.323175 3.547018 
1.999998 6.045000 2.185259 1.320989 3.547018 
1.999998 6.035000 2.185259 1.318804 3.547018 
1.999998 6.025000 2.185259 1.316619 3.547018 
1.999998 6.015000 2.185259 1.314434 3.547018 
1.999998 6.005000 2.185259 1.312248 3.547018 
1.999998 5.995000 2.185259 1.310063 3.547018 
1.999998 5.985000 2.185259 1.307878 3.547018 
1.999998 5.975000 2.185259 1.305693 3.547018 
1.999998 5.965000 2.185259 1.303507 3.547018 
1.999998 5.955000 2.185259 1.301322 3.547018 
1.999998 5.945000 2.185259 1.299137 3.547018 
1.999998 5.935000 2.185259 1.296951 3.547018 
1.999998 5.925000 2.185259 1.294766 3.547018 
1.999998 5.915000 2.185259 1.292581 3.547018 
1.999998 5.905000 2.185259 1.290396 3.547018 
1.999998 5.895000 2.185259 1.288210 3.547018 
1.999998 5.885000 2.185259 1.286025 3.547018 
1.999998 5.875000 2.185259 1.283840 3.547018 
1.999998 5.865000 2.185259 1.281655 3.547018 
1.999998 5.855000 2.185259 1.279469 3.547018 
1.999998 5.845000 2.185259 1.277284 3.547018 
1.999998 5.835000 2.185259 1.275099 3.547018 
1.999998 5.825000 2.185259 1.272914 3.547018 
1.999998 5.815000 2.185259 1.270728 3.547018 
1.999998 5.805000 2.185259 1.268543 3.547018 
1.999998 5.795000 2.185259 1.266358 3.547018 
1.999998 5.785000 2.185259 1.264173 3.547018 
1.999998 5.775000 2.185259 1.261987 3.547018 
1.999998 5.765000 2.185259 1.259802 3.547018 
1.999998 5.755000 2.185259 1.257617 3.547018 
1.999998 5.745000 2.185259 1.255432 3.547018 
1.999998 5.735000 2.185259 1.253246 3.547018 
1.999998 5.725000 2.185259 1.251061 3.547018 
1.999998 5.715000 2.185259 1.248876 3.547018 
1.999998 5.705000 2.185259 1.246691 3.547018 
1.999998 5.695000 2.185259 1.244505 3.547018 
1.999998 5.685000 2.185259 1.242320 3.547018 
1.999998 5.675000 2.185259 1.240135 3.547018 
1.999998 5.665000 2.185259 1.237949 3.547018 
1.999998 5.655000 2.185259 1.235764 3.547018 
1.999998 5.645000 2.185259 1.233579 3.547018 
1.999998 5.635000 2.185259 1.231394 3.547018 
1.999998 5.625000 2.185259 1.229208 3.547018 
1.999998 5.615000 2.185259 1.227023 3.547018 
1.999998 5.605000 2.185259 1.224838 3.547018 
1.999998 5.595000 2.185259 1.222653 3.547018 
1.999998 5.585000 2.185259 1.220467 3.547018 
1.999998 5.575000 2.185259 1.218282 3.547018 
1.999998 5.565000 2.185259 1.216097 3.547018 
1.999998 5.555000 2.185259 1.213912 3.547018 
1.999998 5.545000 2.185259 1.211726 3.547018 
1.999998 5.535000 2.185259 1.209541 3.547018 
1.999998 5.525000 2.185259 1.207356 3.547018 
1.999998 5.515000 2.185259 1.205171 3.547018 
1.999998 5.505000 2.185259 1.202985 3.547018 
1.999998 5.495000 2.185259 1.200800 3.547018 
1.999998 5.485000 2.185259 1.198615 3.547018 
1.999998 5.475000 2.185259 1.196430 3.547018 
1.999998 5.465000 2.185259 1.194244 3.547018 
1.999998 5.455000 2.185259 1.192059 3.547018 
1.999998 5.445000 2.185259 1.189874 3.547018 
1.999998 5.435000 2.185259 1.187688 3.547018 
1.999998 5.425000 2.185259 1.185503 3.547018 
1.999998 5.415000 2.185259 1.183318 3.547018 
1.999998 5.405000 2.185259 1.181133 3.547018 
1.999998 5.395000 2.185259 1.178947 3.547018 
1.999998 5.385000 2.185259 1.176762 3.547018 
1.999998 5.375000 2.185259 1.174577 3.547018 
1.999998 5.365000 2.185259 1.172392 3.547018 
1.999998 5.355000 2.185259 1.170206 3.547018 
1.999998 5.345000 2.185259 1.168021 3.547018 
1.999998 5.335000 2.185259 1.165836 3.547018 
1.999998 5.325000 2.185259 1.163651 3.547018 
1.999998 5.315000 2.185259 1.161465 3.547018 
1.999998 5.305000 2.185259 1.159280 3.547018 
1.999998 5.295000 2.185259 1.157095 3.547018 
1.999998 5.285000 2.185259 1.154910 3.547018 
1.999998 5.275000 2.185259 1.152724 3.547018 
1.999998 5.265000 2.185259 1.150539 3.547018 
1.999998 5.255000 2.185259 1.148354 3.547018 
1.999998 5.245000 2.185259 1.146169 3.547018 
1.999998 5.235000 2.185259 1.143983 3.547018 
1.999998 5.225000 2.185259 1.141798 3.547018 
1.999998 5.215000 2.185259 1.139613 3.547018 
1.999998 5.205000 2.185259 1.137428 3.547018 
1.999998 5.195000 2.185259 1.135242 3.547018 
1.999998 5.185000 2.185259 1.133057 3.547018 
1.999998 5.175000 2.185259 1.130872 3.547018 
1.999998 5.165000 2.185259 1.128686 3.547018 
1.999998 5.155000 2.185259 1.126501 3.547018 
1.999998 5.145000 2.185259 1.124316 3.547018 
1.999998 5.135000 2.185259 1.122131 3.547018 
1.999998 5.125000 2.185259 1.119945 3.547018 
1.999998 5.115000 2.185259 1.117760 3.547018 
1.999998 5.105000 2.185259 1.115575 3.547018 
1.999998 5.095000 2.185259 1.113390 3.547018 
1.999998 5.085000 2.185259 1.111204 3.547018 
1.999998 5.075000 2.185259 1.109019 3.547018 
1.999998 5.065000 2.185259 1.106834 3.547018 
1.999998 5.055000 2.185259 1.104649 3.547018 
1.999998 5.045000 2.185259 1.102463 3.547018 
1.999998 5.035000 2.185259 1.100278 3.547018 
1.999998 5.025000 2.185259 1.098093 3.547018 
1.999998 5.015000 2.185259 1.095908 3.547018 
1.999998 5.005000 2.185259 1.093722 3.547018 
1.999998 4.995000 2.185259 1.091537 3.547018 
1.999998 4.985000 2.185259 1.089352 3.547018 
1.999998 4.975000 2.185259 1.087167 3.547018 
1.999998 4.965000 2.185259 1.084981 3.547018 
1.999998 4.955000 2.185259 1.082796 3.547018 
1.999998 4.945000 2.185259 1.080611 3.547018 
1.999998 4.935000 2.185259 1.078426 3.547018 
1.999998 4.925000 2.185259 1.076240 3.547018 
1.999998 4.915000 2.185259 1.074055 3.547018 
1.999998 4.905000 2.185259 1.071870 3.547018 
1.999998 4.895000 2.185259 1.069684 3.547018 
1.999998 4.885000 2.185259 1.067499 3.547018 
1.999998 4.875000 2.185259 1.065314 3.547018 
1.999998 4.865000 2.185259 1.063129 3.547018 
1.999998 4.855000 2.185259 1.060943 3.547018 
1.999998 4.845000 2.185259 1.058758 3.547018 
1.999998 4.835000 2.185259 1.056573 3.547018 
1.999998 4.825000 2.185259 1.054388 3.547018 
1.999998 4.815000 2.185259 1.052202 3.547018 
1.999998 4.805000 2.185259 1.050017 3.547018 
1.999998 4.795000 2.185259 1.047832 3.547018 
1.999998 4.785000 2.185259 1.045647 3.547018 
1.999998 4.775000 2.185259 1.043461 3.547018 
1.999998 4.765000 2.185259 1.041276 3.547018 
1.999998 4.755000 2.185259 1.039091 3.547018 
1.999998 4.745000 2.185259 1.036906 3.547018 
1.999998 4.735000 2.185259 1.034720 3.547018 
1.999998 4.725000 2.185259 1.032535 3.547018 
1.999998 4.715000 2.185259 1.030350 3.547018 
1.999998 4.705000 2.185259 1.028165 3.547018 
1.999998 4.695000 2.185259 1.025979 3.547018 
1.999998 4.685000 2.185259 1.023794 3.547018 
1.999998 4.675000 2.185259 1.021609 3.547018 
1.999998 4.665000 2.185259 1.019424 3.547018 
1.999998 4.655000 2.185259 1.017238 3.547018 
1.999998 4.645000 2.185259 1.015053 3.547018 
1.999998 4.635000 2.185259 1.012868 3.547018 
1.999998 4.625000 2.185259 1.010682 3.547018 
1.999998 4.615000 2.185259 1.008497 3.547018 
1.999998 4.605000 2.185259 1.006312 3.547018 
1.999998 4.595000 2.185259 1.004127 3.547018 
1.999998 4.585000 2.185259 1.001941 3.547018 
1.999998 4.575000 2.185259 0.999756 3.547018 
1.999998 4.565000 2.185259 0.997571 3.547018 
1.999998 4.555000 2.185259 0.995386 3.547018 
1.999998 4.545000 2.185259 0.993200 3.547018 
1.999998 4.535000 2.185259 0.991015 3.547018 
1.999998 4.525000 2.185259 0.988830 3.547018 
1.999998 4.515000 2.185259 0.986645 3.547018 
1.999998 4.505000 2.185259 0.984459 3.547018 
1.999998 4.495000 2.185259 0.982274 3.547018 
1.999998 4.485000 2.185259 0.980089 3.547018 
1.999998 4.475000 2.185259 0.977904 3.547018 
1.999998 4.465000 2.185259 0.975718 3.547018 
1.999998 4.455000 2.185259 0.973533 3.547018 
1.999998 4.445000 2.185259 0.971348 3.547018 
1.999998 4.435000 2.185259 0.969163 3.547018 
1.999998 4.425000 2.185259 0.966977 3.547018 
1.999998 4.415000 2.185259 0.964792 3.547018 
1.999998 4.405000 2.185259 0.962607 3.547018 
1.999998 4.395000 2.185259 0.960422 3.547018 
1.999998 4.385000 2.185259 0.958236 3.547018 
1.999998 4.375000 2.185259 0.956051 3.547018 
1.999998 4.365000 2.185259 0.953866 3.547018 
1.999998 4.355000 2.185259 0.951680 3.547018 
1.999998 4.345000 2.185259 0.949495 3.547018 
1.999998 4.335000 2.185259 0.947310 3.547018 
1.999998 4.325000 2.185259 0.945125 3.547018 
1.999998 4.315000 2.185259 0.942939 3.547018 
1.999998 4.305000 2.185259 0.940754 3.547018 
1.999998 4.295000 2.185259 0.938569 3.547018 
1.999998 4.285000 2.185259 0.936384 3.547018 
1.999998 4.275000 2.185259 0.934198 3.547018 
1.999998 4.265000 2.185259 0.932013 3.547018 
1.999998 4.255000 2.185259 0.929828 3.547018 
1.999998 4.245000 2.185259 0.927643 3.547018 
1.999998 4.235000 2.185259 0.925457 3.547018 
1.999998 4.225000 2.185259 0.923272 3.547018 
1.999998 4.215000 2.185259 0.921087 3.547018 
1.999998 4.205000 2.185259 0.918902 3.547018 
1.999998 4.195000 2.185259 0.916716 3.547018 
1.999998 4.185000 2.185259 0.914531 3.547018 
1.999998 4.175000 2.185259 0.912346 3.547018 
1.999998 4.165000 2.185259 0.910161 3.547018 
1.999998 4.155000 2.185259 0.907975 3.547018 
1.999998 4.145000 2.185259 0.905790 3.547018 
1.999998 4.135000 2.185259 0.903605 3.547018 
1.999998 4.125000 2.185259 0.901420 3.547018 
1.999998 4.115000 2.185259 0.899234 3.547018 
1.999998 4.105000 2.185259 0.897049 3.547018 
1.999998 4.095000 2.185259 0.894864 3.547018 
1.999998 4.085000 2.185259 0.892678 3.547018 
1.999998 4.075000 2.185259 0.890493 3.547018 
1.999998 4.065000 2.185259 0.888308 3.547018 
1.999998 4.055000 2.185259 0.886123 3.547018 
1.999998 4.045000 2.185259 0.883937 3.547018 
1.999998 4.035000 2.185259 0.881752 3.547018 
1.999998 4.025000 2.185259 0.879567 3.547018 
1.999998 4.015000 2.185259 0.877382 3.547018 
1.999998 4.005000 2.185259 0.875196 3.547018 
1.999998 3.995000 2.185259 0.873011 3.547018 
1.999998 3.985000 2.185259 0.870826 3.547018 
1.999998 3.975000 2.185259 0.868641 3.547018 
1.999998 3.965000 2.185259 0.866455 3.547018 
1.999998 3.955000 2.185259 0.864270 3.547018 
1.999998 3.945000 2.185259 0.862085 3.547018 
1.999998 3.935000 2.185259 0.859900 3.547018 
1.999998 3.925000 2.185259 0.857714 3.547018 
1.999998 3.915000 2.185259 0.855529 3.547018 
1.999998 3.905000 2.185259 0.853344 3.547018 
1.999998 3.895000 2.185259 0.851159 3.547018 
1.999998 3.885000 2.185259 0.848973 3.547018 
1.999998 3.875000 2.185259 0.846788 3.547018 
1.999998 3.865000 2.185259 0.844603 3.547018 
1.999998 3.855000 2.185259 0.842418 3.547018 
1.999998 3.845000 2.185259 0.840232 3.547018 
1.999998 3.835000 2.185259 0.838047 3.547018 
1.999998 3.825000 2.185259 0.835862 3.547018 
1.999998 3.815000 2.185259 0.833676 3.547018 
1.999998 3.805000 2.185259 0.831491 3.547018 
1.999998 3.795000 2.185259 0.829306 3.547018 
1.999998 3.785000 2.185259 0.827121 3.547018 
1.999998 3.775000 2.185259 0.824935 3.547018 
1.999998 3.765000 2.185259 0.822750 3.547018 
1.999998 3.755000 2.185259 0.820565 3.547018 
1.999998 3.745000 2.185259 0.818380 3.547018 
1.999998 3.735000 2.185259 0.816194 3.547018 
1.999998 3.725000 2.185259 0.814009 3.547018 
1.999998 3.715000 2.185259 0.811824 3.547018 
1.999998 3.705000 2.185259 0.809639 3.547018 
1.999998 3.695000 2.185259 0.807453 3.547018 
1.999998 3.685000 2.185259 0.805268 3.547018 
1.999998 3.675000 2.185259 0.803083 3.547018 
1.999998 3.665000 2.185259 0.800898 3.547018 
1.999998 3.655000 2.185259 0.798712 3.547018 
1.999998 3.645000 2.185259 0.796527 3.547018 
1.999998 3.635000 2.185259 0.794342 3.547018 
1.999998 3.625000 2.185259 0.792157 3.547018 
1.999998 3.615000 2.185259 0.789971 3.547018 
1.999998 3.605000 2.185259 0.787786 3.547018 
1.999998 3.595000 2.185259 0.785601 3.547018 
1.999998 3.585000 2.185259 0.783416 3.547018 
1.999998 3.575000 2.185259 0.781230 3.547018 
1.999998 3.565000 2.185259 0.779045 3.547018 
1.999998 3.555000 2.185259 0.776860 3.547018 
1.999989 3.545000 2.185259 0.774674 2.950337 
1.999989 3.535000 2.185259 0.772489 2.950337 
1.999989 3.525000 2.185259 0.770304 2.950337 
1.999989 3.515000 2.185259 0.768119 2.950337 
1.999989 3.505000 2.185259 0.765933 2.950337 
1.999989 3.495000 2.185259 0.763748 2.950337 
1.999989 3.485000 2.185259 0.761563 2.950337 
1.999989 3.475000 2.185259 0.759378 2.950337 
1.999989 3.465000 2.185259 0.757192 2.950337 
1.999989 3.455000 2.185259 0.755007 2.950337 
1.999989 3.445000 2.185259 0.752822 2.950337 
1.999989 3.435000 2.185259 0.750637 2.950337 
1.999989 3.425000 2.185259 0.748451 2.950337 
1.999989 3.415000 2.185259 0.746266 2.950337 
1.999989 3.405000 2.185259 0.744081 2.950337 
1.999989 3.395000 2.185259 0.741896 2.950337 
1.999989 3.385000 2.185259 0.739710 2.950337 
1.999989 3.375000 2.185259 0.737525 2.950337 
1.999989 3.365000 2.185259 0.735340 2.950337 
1.999989 3.355000 2.185259 0.733155 2.950337 
1.999989 3.345000 2.185259 0.730969 2.950337 
1.999989 3.335000 2.185259 0.728784 2.950337 
1.999989 3.325000 2.185259 0.726599 2.950337 
1.999989 3.315000 2.185259 0.724414 2.950337 
1.999989 3.305000 2.185259 0.722228 2.950337 
1.999989 3.295000 2.185259 0.720043 2.950337 
1.999989 3.285000 2.185259 0.717858 2.950337 
1.999989 3.275000 2.185259 0.715672 2.950337 
1.999989 3.265000 2.185259 0.713487 2.950337 
1.999989 3.255000 2.185259 0.711302 2.950337 
1.999989 3.245000 2.185259 0.709117 2.950337 
1.999989 3.235000 2.185259 0.706931 2.950337 
1.999989 3.225000 2.185259 0.704746 2.950337 
1.999989 3.215000 2.185259 0.702561 2.950337 
1.999989 3.205000 2.185259 0.700376 2.950337 
1.999989 3.195000 2.185259 0.698190 2.950337 
1.999989 3.185000 2.185259 0.696005 2.950337 
1.999989 3.175000 2.185259 0.693820 2.950337 
1.999989 3.165000 2.185259 0.691635 2.950337 
1.999989 3.155000 2.185259 0.689449 2.950337 
1.999989 3.145000 2.185259 0.687264 2.950337 
1.999989 3.135000 2.185259 0.685079 2.950337 
1.999989 3.125000 2.185259 0.682894 2.950337 
1.999989 3.115000 2.185259 0.680708 2.950337 
1.999989 3.105000 2.185259 0.678523 2.950337 
1.999989 3.095000 2.185259 0.676338 2.950337 
1.999989 3.085000 2.185259 0.674153 2.950337 
1.999989 3.075000 2.185259 0.671967 2.950337 
1.999989 3.065000 2.185259 0.669782 2.950337 
1.999989 3.055000 2.185259 0.667597 2.950337 
1.999989 3.045000 2.185259 0.665411 2.950337 
1.999989 3.035000 2.185259 0.663226 2.950337 
1.999989 3.025000 2.185259 0.661041 2.950337 
1.999989 3.015000 2.185259 0.658856 2.950337 
1.999989 3.005000 2.185259 0.656670 2.950337 
1.999989 2.995000 2.185259 0.654485 2.950337 
1.999989 2.985000 2.185259 0.652300 2.950337 
1.999989 2.975000 2.185259 0.650115 2.950337 
1.999989 2.965000 2.185259 0.647929 2.950337 
1.999989 2.955000 2.185259 0.645744 2.950337 
1.999970 2.945000 2.185259 0.643559 2.640587 
1.999970 2.935000 2.185259 0.641374 2.640587 
1.999970 2.925000 2.185259 0.639188 2.640587 
1.999970 2.915000 2.185259 0.637003 2.640587 
1.999970 2.905000 2.185259 0.634818 2.640587 
1.999970 2.895000 2.185259 0.632633 2.640587 
1.999970 2.885000 2.185259 0.630447 2.640587 
1.999970 2.875000 2.185259 0.628262 2.640587 
1.999970 2.865000 2.185259 0.626077 2.640587 
1.999970 2.855000 2.185259 0.623892 2.640587 
1.999970 2.845000 2.185259 0.621706 2.640587 
1.999970 2.835000 2.185259 0.619521 2.640587 
1.999970 2.825000 2.185259 0.617336 2.640587 
1.999970 2.815000 2.185259 0.615151 2.640587 
1.999970 2.805000 2.185259 0.612965 2.640587 
1.999970 2.795000 2.185259 0.610780 2.640587 
1.999970 2.785000 2.185259 0.608595 2.640587 
1.999970 2.775000 2.185259 0.606409 2.640587 
1.999970 2.765000 2.185259 0.604224 2.640587 
1.999970 2.755000 2.185259 0.602039 2.640587 
1.999970 2.745000 2.185259 0.599854 2.640587 
1.999970 2.735000 2.185259 0.597668 2.640587 
1.999970 2.725000 2.185259 0.595483 2.640587 
1.999970 2.715000 2.185259 0.593298 2.640587 
1.999970 2.705000 2.185259 0.591113 2.640587 
1.999970 2.695000 2.185259 0.588927 2.640587 
1.999970 2.685000 2.185259 0.586742 2.640587 
1.999970 2.675000 2.185259 0.584557 2.640587 
1.999970 2.665000 2.185259 0.582372 2.640587 
1.999970 2.655000 2.185259 0.580186 2.640587 
1.999970 2.645000 2.185259 0.578001 2.640587 
1.999944 2.635000 2.185259 0.575816 2.429913 
1.999944 2.625000 2.185259 0.573631 2.429913 
1.999944 2.615000 2.185259 0.571445 2.429913 
1.999944 2.605000 2.185259 0.569260 2.429913 
1.999944 2.595000 2.185259 0.567075 2.429913 
1.999944 2.585000 2.185259 0.564890 2.429913 
1.999944 2.575000 2.185259 0.562704 2.429913 
1.999944 2.565000 2.185259 0.560519 2.429913 
1.999944 2.555000 2.185259 0.558334 2.429913 
1.999944 2.545000 2.185259 0.556149 2.429913 
1.999944 2.535000 2.185259 0.553963 2.429913 
1.999944 2.525000 2.185259 0.551778 2.429913 
1.999944 2.515000 2.185259 0.549593 2.429913 
1.999944 2.505000 2.185259 0.547407 2.429913 
1.999944 2.495000 2.185259 0.545222 2.429913 
1.999944 2.485000 2.185259 0.543037 2.429913 
1.999944 2.475000 2.185259 0.540852 2.429913 
1.999944 2.465000 2.185259 0.538666 2.429913 
1.999944 2.455000 2.185259 0.536481 2.429913 
1.999944 2.445000 2.185259 0.534296 2.429913 
1.999944 2.435000 2.185259 0.532111 2.429913 
1.999909 2.425000 2.185259 0.529925 2.270062 
1.999909 2.415000 2.185259 0.527740 2.270062 
1.999909 2.405000 2.185259 0.525555 2.270062 
1.999909 2.395000 2.185259 0.523370 2.270062 
1.999909 2.385000 2.185259 0.521184 2.270062 
1.999909 2.375000 2.185259 0.518999 2.270062 
1.999909 2.365000 2.185259 0.516814 2.270062 
1.999909 2.355000 2.185259 0.514629 2.270062 
1.999909 2.345000 2.185259 0.512443 2.270062 
1.999909 2.335000 2.185259 0.510258 2.270062 
1.999909 2.325000 2.185259 0.508073 2.270062 
1.999909 2.315000 2.185259 0.505888 2.270062 
1.999909 2.305000 2.185259 0.503702 2.270062 
1.999909 2.295000 2.185259 0.501517 2.270062 
1.999909 2.285000 2.185259 0.499332 2.270062 
1.999909 2.275000 2.185259 0.497147 2.270062 
1.999866 2.265000 2.185259 0.494961 2.141213 
1.999866 2.255000 2.185259 0.492776 2.141213 
1.999866 2.245000 2.185259 0.490591 2.141213 
1.999866 2.235000 2.185259 0.488405 2.141213 
1.999866 2.225000 2.185259 0.486220 2.141213 
1.999866 2.215000 2.185259 0.484035 2.141213 
1.999866 2.205000 2.185259 0.481850 2.141213 
1.999866 2.195000 2.185259 0.479664 2.141213 
1.999866 2.185000 2.185259 0.477479 2.141213 
1.999866 2.175000 2.185259 0.475294 2.141213 
1.999866 2.165000 2.185259 0.473109 2.141213 
1.999866 2.155000 2.185259 0.470923 2.141213 
1.999866 2.145000 2.185259 0.468738 2.141213 
1.999815 2.135000 2.185259 0.466553 2.033271 
1.999815 2.125000 2.185259 0.464368 2.033271 
1.999815 2.115000 2.185259 0.462182 2.033271 
1.999815 2.105000 2.185259 0.459997 2.033271 
1.999815 2.095000 2.185259 0.457812 2.033271 
1.999815 2.085000 2.185259 0.455627 2.033271 
1.999815 2.075000 2.185259 0.453441 2.033271 
1.999815 2.065000 2.185259 0.451256 2.033271 
1.999815 2.055000 2.185259 0.449071 2.033271 
1.999815 2.045000 2.185259 0.446886 2.033271 
1.999815 2.035000 2.185259 0.444700 2.033271 
1.999756 2.025000 2.185259 0.442515 1.940385 
1.999756 2.015000 2.185259 0.440330 1.940385 
1.999756 2.005000 2.185259 0.438145 1.940385 
1.999756 1.995000 2.185259 0.435959 1.940385 
1.999756 1.985000 2.185259 0.433774 1.940385 
1.999756 1.975000 2.185259 0.431589 1.940385 
1.999756 1.965000 2.185259 0.429403 1.940385 
1.999756 1.955000 2.185259 0.427218 1.940385 
1.999756 1.945000 2.185259 0.425033 1.940385 
1.999688 1.935000 2.185259 0.422848 1.858863 
1.999688 1.925000 2.185259 0.420662 1.858863 
1.999688 1.915000 2.185259 0.418477 1.858863 
1.999688 1.905000 2.185259 0.416292 1.858863 
1.999688 1.895000 2.185259 0.414107 1.858863 
1.999688 1.885000 2.185259 0.411921 1.858863 
1.999688 1.875000 2.185259 0.409736 1.858863 
1.999688 1.865000 2.185259 0.407551 1.858863 
1.999612 1.855000 2.185259 0.405366 1.786222 
1.999612 1.845000 2.185259 0.403180 1.786222 
1.999612 1.835000 2.185259 0.400995 1.786222 
1.999612 1.825000 2.185259 0.398810 1.786222 
1.999612 1.815000 2.185259 0.396625 1.786222 
1.999612 1.805000 2.185259 0.394439 1.786222 
1.999612 1.795000 2.185259 0.392254 1.786222 
1.999528 1.785000 2.185259 0.390069 1.720714 
1.999528 1.775000 2.185259 0.387884 1.720714 
1.999528 1.765000 2.185259 0.385698 1.720714 
1.999528 1.755000 2.185259 0.383513 1.720714 
1.999528 1.745000 2.185259 0.381328 1.720714 
1.999528 1.735000 2.185259 0.379143 1.720714 
1.999528 1.725000 2.185259 0.376957 1.720714 
1.999435 1.715000 2.185259 0.374772 1.661061 
1.999435 1.705000 2.185259 0.372587 1.661061 
1.999435 1.695000 2.185259 0.370401 1.661061 
1.999435 1.685000 2.185259 0.368216 1.661061 
1.999435 1.675000 2.185259 0.366031 1.661061 
1.999435 1.665000 2.185259 0.363846 1.661061 
1.999334 1.655000 2.185259 0.361660 1.606300 
1.999334 1.645000 2.185259 0.359475 1.606300 
1.999334 1.635000 2.185259 0.357290 1.606300 
1.999334 1.625000 2.185259 0.355105 1.606300 
1.999334 1.615000 2.185259 0.352919 1.606300 
1.999225 1.605000 2.185259 0.350734 1.555688 
1.999225 1.595000 2.185259 0.348549 1.555688 
1.999225 1.585000 2.185259 0.346364 1.555688 
1.999225 1.575000 2.185259 0.344178 1.555688 
1.999225 1.565000 2.185259 0.341993 1.555688 
1.999108 1.555000 2.185259 0.339808 1.508638 
1.999108 1.545000 2.185259 0.337623 1.508638 
1.999108 1.535000 2.185259 0.335437 1.508638 
1.999108 1.525000 2.185259 0.333252 1.508638 
1.999108 1.515000 2.185259 0.331067 1.508638 
1.998982 1.505000 2.185259 0.328882 1.464680 
1.998982 1.495000 2.185259 0.326696 1.464680 
1.998982 1.485000 2.185259 0.324511 1.464680 
1.998982 1.475000 2.185259 0.322326 1.464680 
1.998982 1.465000 2.185259 0.320141 1.464680 
1.998848 1.455000 2.185259 0.317955 1.423432 
1.998848 1.445000 2.185259 0.315770 1.423432 
1.998848 1.435000 2.185259 0.313585 1.423432 
1.998848 1.425000 2.185259 0.311399 1.423432 
1.998706 1.415000 2.185259 0.309214 1.384578 
1.998706 1.405000 2.185259 0.307029 1.384578 
1.998706 1.395000 2.185259 0.304844 1.384578 
1.998706 1.385000 2.185259 0.302658 1.384578 
1.998555 1.375000 2.185259 0.300473 1.347854 
1.998555 1.365000 2.185259 0.298288 1.347854 
1.998555 1.355000 2.185259 0.296103 1.347854 
1.998397 1.345000 2.185259 0.293917 1.313037 
1.998397 1.335000 2.185259 0.291732 1.313037 
1.998397 1.325000 2.185259 0.289547 1.313037 
1.998397 1.315000 2.185259 0.287362 1.313037 
1.998229 1.305000 2.185259 0.285176 1.279938 
1.998229 1.295000 2.185259 0.282991 1.279938 
1.998229 1.285000 2.185259 0.280806 1.279938 
1.998054 1.275000 2.185259 0.278621 1.248394 
1.998054 1.265000 2.185259 0.276435 1.248394 
1.998054 1.255000 2.185259 0.274250 1.248394 
1.997870 1.245000 2.185259 0.272065 1.218265 
1.997870 1.235000 2.185259 0.269880 1.218265 
1.997870 1.225000 2.185259 0.267694 1.218265 
1.997679 1.215000 2.185259 0.265509 1.189429 
1.997679 1.205000 2.185259 0.263324 1.189429 
1.997679 1.195000 2.185259 0.261139 1.189429 
1.997478 1.185000 2.185259 0.258953 1.161778 
1.997478 1.175000 2.185259 0.256768 1.161778 
1.997478 1.165000 2.185259 0.254583 1.161778 
1.997270 1.155000 2.185259 0.252397 1.135217 
1.997270 1.145000 2.185259 0.250212 1.135217 
1.997053 1.135000 2.185259 0.248027 1.109664 
1.997053 1.125000 2.185259 0.245842 1.109664 
1.997053 1.115000 2.185259 0.243656 1.109664 
1.996828 1.105000 2.185259 0.241471 1.085043 
1.996828 1.095000 2.185259 0.239286 1.085043 
1.996595 1.085000 2.185259 0.237101 1.061289 
1.996595 1.075000 2.185259 0.234915 1.061289 
1.996595 1.065000 2.185259 0.232730 1.061289 
1.996353 1.055000 2.185259 0.230545 1.038341 
1.996353 1.045000 2.185259 0.228360 1.038341 
1.996103 1.035000 2.185259 0.226174 1.016146 
1.996103 1.025000 2.185259 0.223989 1.016146 
1.995845 1.015000 2.185259 0.221804 0.994656 
1.995845 1.005000 2.185259 0.219619 0.994656 
1.995845 0.995000 2.185259 0.217433 0.994656 
1.995578 0.985000 2.185259 0.215248 0.973827 
1.995578 0.975000 2.185259 0.213063 0.973827 
1.995303 0.965000 2.185259 0.210878 0.953617 
1.995303 0.955000 2.185259 0.208692 0.953617 
1.995020 0.945000 2.185259 0.206507 0.933992 
1.995020 0.935000 2.185259 0.204322 0.933992 
1.994729 0.925000 2.185259 0.202136 0.914917 
1.994729 0.915000 2.185259 0.199951 0.914917 
1.994429 0.905000 2.185259 0.197766 0.896362 
1.994121 0.895000 2.185259 0.195581 0.878298 
1.994121 0.885000 2.185259 0.193395 0.878298 
1.993805 0.875000 2.185259 0.191210 0.860700 
1.993805 0.865000 2.185259 0.189025 0.860700 
1.993480 0.855000 2.185259 0.186840 0.843544 
1.993480 0.845000 2.185259 0.184654 0.843544 
1.993147 0.835000 2.185259 0.182469 0.826808 
1.992806 0.825000 2.185259 0.180284 0.810471 
1.992806 0.815000 2.185259 0.178099 0.810471 
1.992457 0.805000 2.185259 0.175913 0.794513 
1.992457 0.795000 2.185259 0.173728 0.794513 
1.992099 0.785000 2.185259 0.171543 0.778918 
1.991733 0.775000 2.185259 0.169358 0.763669 
1.991733 0.765000 2.185259 0.167172 0.763669 
1.991358 0.755000 2.185259 0.164987 0.748749 
1.990975 0.745000 2.185259 0.162802 0.734146 
1.990975 0.735000 2.185259 0.160617 0.734146 
1.990584 0.725000 2.185259 0.158431 0.719844 
1.990185 0.715000 2.185259 0.156246 0.705832 
1.989777 0.705000 2.185259 0.154061 0.692097 
1.989777 0.695000 2.185259 0.151876 0.692097 
1.989361 0.685000 2.185259 0.149690 0.678629 
1.988936 0.675000 2.185259 0.147505 0.665416 
1.988504 0.665000 2.185259 0.145320 0.652450 
1.988504 0.655000 2.185259 0.143134 0.652450 
1.988063 0.645000 2.185259 0.140949 0.639719 
1.987613 0.635000 2.185259 0.138764 0.627217 
1.987155 0.625000 2.185259 0.136579 0.614933 
1.987155 0.615000 2.185259 0.134393 0.614933 
1.986689 0.605000 2.185259 0.132208 0.602861 
1.986215 0.595000 2.185259 0.130023 0.590992 
1.985732 0.585000 2.185259 0.127838 0.579320 
1.985241 0.575000 2.185259 0.125652 0.567837 
1.984741 0.565000 2.185259 0.123467 0.556538 
1.984234 0.555000 2.185259 0.121282 0.545417 
1.983717 0.545000 2.185259 0.119097 0.534466 
1.983717 0.535000 2.185259 0.116911 0.534466 
1.983193 0.525000 2.185259 0.114726 0.523682 
1.982660 0.515000 2.185259 0.112541 0.513058 
1.982119 0.505000 2.185259 0.110356 0.502590 
1.981569 0.495000 2.185259 0.108170 0.492272 
1.981011 0.485000 2.185259 0.105985 0.482101 
1.980444 0.475000 2.185259 0.103800 0.472071 
1.979870 0.465000 2.185259 0.101615 0.462179 
1.979286 0.455000 2.185259 0.099429 0.452420 
1.978695 0.445000 2.185259 0.097244 0.442790 
1.978095 0.435000 2.185259 0.095059 0.433287 
1.977487 0.425000 2.185259 0.092874 0.423906 
1.976870 0.415000 2.185259 0.090688 0.414644 
1.975611 0.405000 2.185259 0.088503 0.396464 
1.974969 0.395000 2.185259 0.086318 0.387539 
1.974319 0.385000 2.185259 0.084132 0.378722 
1.973660 0.375000 2.185259 0.081947 0.370008 
1.972993 0.365000 2.185259 0.079762 0.361395 
1.972318 0.355000 2.185259 0.077577 0.352881 
1.971634 0.345000 2.185259 0.075391 0.344462 
1.970240 0.335000 2.185259 0.073206 0.327904 
1.969531 0.325000 2.185259 0.071021 0.319760 
1.968813 0.315000 2.185259 0.068836 0.311703 
1.968087 0.305000 2.185259 0.066650 0.303730 
1.966610 0.295000 2.185259 0.064465 0.288032 
1.965858 0.285000 2.185259 0.062280 0.280302 
1.965098 0.275000 2.185259 0.060095 0.272649 
1.963553 0.265000 2.185259 0.057909 0.257568 
1.962767 0.255000 2.185259 0.055724 0.250136 
1.961974 0.245000 2.185259 0.053539 0.242775 
1.960361 0.235000 2.185259 0.051354 0.228257 
1.959541 0.225000 2.185259 0.049168 0.221098 
1.958713 0.215000 2.185259 0.046983 0.214003 
1.957032 0.205000 2.185259 0.044798 0.200002 
1.956179 0.195000 2.185259 0.042613 0.193093 
1.954447 0.185000 2.185259 0.040427 0.179450 
1.953568 0.175000 2.185259 0.038242 0.172715 
1.951785 0.165000 2.185259 0.036057 0.159410 
1.950881 0.155000 2.185259 0.033872 0.152838 
1.949046 0.145000 2.185259 0.031686 0.139851 
1.948116 0.135000 2.185259 0.029501 0.133434 
1.946230 0.125000 2.185259 0.027316 0.120746 
1.945275 0.115000 2.185259 0.025130 0.114474 
1.943337 0.105000 2.185259 0.022945 0.102068 
1.941366 0.095000 2.185259 0.020760 0.089842 
1.940367 0.085000 2.185259 0.018575 0.083794 
1.938344 0.075000 2.185259 0.016389 0.071825 
1.936286 0.065000 2.185259 0.014204 0.060019 
1.935245 0.055000 2.185259 0.012019 0.054176 
1.933135 0.045000 2.185259 0.009834 0.042604 
1.930992 0.035000 2.185259 0.007648 0.031183 
1.928813 0.025000 2.185259 0.005463 0.019905 
1.927711 0.015000 2.185259 0.003278 0.014319 
