1.999998 9.985000 4.707999 4.700937 4.058704 
1.999998 9.975000 4.707999 4.696229 4.058704 
1.999998 9.965000 4.707999 4.691521 4.058704 
1.999998 9.955000 4.707999 4.686813 4.058704 
1.999998 9.945000 4.707999 4.682105 4.058704 
1.999998 9.935000 4.707999 4.677397 4.058704 
1.999998 9.925000 4.707999 4.672689 4.058704 
1.999998 9.915000 4.707999 4.667981 4.058704 
1.999998 9.905000 4.707999 4.663273 4.058704 
1.999998 9.895000 4.707999 4.658565 4.058704 
1.999998 9.885000 4.707999 4.653857 4.058704 
1.999998 9.875000 4.707999 4.649149 4.058704 
1.999998 9.865000 4.707999 4.644441 4.058704 
1.999998 9.855000 4.707999 4.639733 4.058704 
1.999998 9.845000 4.707999 4.635025 4.058704 
1.999998 9.835000 4.707999 4.630317 4.058704 
1.999998 9.825000 4.707999 4.625609 4.058704 
1.999998 9.815000 4.707999 4.620901 4.058704 
1.999998 9.805000 4.707999 4.616193 4.058704 
1.999998 9.795000 4.707999 4.611485 4.058704 
1.999998 9.785000 4.707999 4.606777 4.058704 
1.999998 9.775000 4.707999 4.602069 4.058704 
1.999998 9.765000 4.707999 4.597361 4.058704 
1.999998 9.755000 4.707999 4.592653 4.058704 
1.999998 9.745000 4.707999 4.587945 4.058704 
1.999998 9.735000 4.707999 4.583237 4.058704 
1.999998 9.725000 4.707999 4.578529 4.058704 
1.999998 9.715000 4.707999 4.573821 4.058704 
1.999998 9.705000 4.707999 4.569113 4.058704 
1.999998 9.695000 4.707999 4.564405 4.058704 
1.999998 9.685000 4.707999 4.559697 4.058704 
1.999998 9.675000 4.707999 4.554989 4.058704 
1.999998 9.665000 4.707999 4.550281 4.058704 
1.999998 9.655000 4.707999 4.545573 4.058704 
1.999998 9.645000 4.707999 4.540865 4.058704 
1.999998 9.635000 4.707999 4.536157 4.058704 
1.999998 9.625000 4.707999 4.531449 4.058704 
1.999998 9.615000 4.707999 4.526741 4.058704 
1.999998 9.605000 4.707999 4.522033 4.058704 
1.999998 9.595000 4.707999 4.517325 4.058704 
1.999998 9.585000 4.707999 4.512617 4.058704 
1.999998 9.575000 4.707999 4.507909 4.058704 
1.999998 9.565000 4.707999 4.503201 4.058704 
1.999998 9.555000 4.707999 4.498493 4.058704 
1.999998 9.545000 4.707999 4.493785 4.058704 
1.999998 9.535000 4.707999 4.489077 4.058704 
1.999998 9.525000 4.707999 4.484369 4.058704 
1.999998 9.515000 4.707999 4.479661 4.058704 
1.999998 9.505000 4.707999 4.474953 4.058704 
1.999998 9.495000 4.707999 4.470245 4.058704 
1.999998 9.485000 4.707999 4.465537 4.058704 
1.999998 9.475000 4.707999 4.460829 4.058704 
1.999998 9.465000 4.707999 4.456121 4.058704 
1.999998 9.455000 4.707999 4.451413 4.058704 
1.999998 9.445000 4.707999 4.446705 4.058704 
1.999998 9.435000 4.707999 4.441997 4.058704 
1.999998 9.425000 4.707999 4.437289 4.058704 
1.999998 9.415000 4.707999 4.432581 4.058704 
1.999998 9.405000 4.707999 4.427873 4.058704 
1.999998 9.395000 4.707999 4.423165 4.058704 
1.999998 9.385000 4.707999 4.418457 4.058704 
1.999998 9.375000 4.707999 4.413749 4.058704 
1.999998 9.365000 4.707999 4.409041 4.058704 
1.999998 9.355000 4.707999 4.404333 4.058704 
1.999998 9.345000 4.707999 4.399625 4.058704 
1.999998 9.335000 4.707999 4.394917 4.058704 
1.999998 9.325000 4.707999 4.390209 4.058704 
1.999998 9.315000 4.707999 4.385501 4.058704 
1.999998 9.305000 4.707999 4.380793 4.058704 
1.999998 9.295000 4.707999 4.376085 4.058704 
1.999998 9.285000 4.707999 4.371377 4.058704 
1.999998 9.275000 4.707999 4.366669 4.058704 
1.999998 9.265000 4.707999 4.361961 4.058704 
1.999998 9.255000 4.707999 4.357253 4.058704 
1.999998 9.245000 4.707999 4.352545 4.058704 
1.999998 9.235000 4.707999 4.347837 4.058704 
1.999998 9.225000 4.707999 4.343129 4.058704 
1.999998 9.215000 4.707999 4.338421 4.058704 
1.999998 9.205000 4.707999 4.333713 4.058704 
1.999998 9.195000 4.707999 4.329005 4.058704 
1.999998 9.185000 4.707999 4.324297 4.058704 
1.999998 9.175000 4.707999 4.319589 4.058704 
1.999998 9.165000 4.707999 4.314881 4.058704 
1.999998 9.155000 4.707999 4.310173 4.058704 
1.999998 9.145000 4.707999 4.305465 4.058704 
1.999998 9.135000 4.707999 4.300757 4.058704 
1.999998 9.125000 4.707999 4.296049 4.058704 
1.999998 9.115000 4.707999 4.291341 4.058704 
1.999998 9.105000 4.707999 4.286633 4.058704 
1.999998 9.095000 4.707999 4.281925 4.058704 
1.999998 9.085000 4.707999 4.277217 4.058704 
1.999998 9.075000 4.707999 4.272509 4.058704 
1.999998 9.065000 4.707999 4.267801 4.058704 
1.999998 9.055000 4.707999 4.263093 4.058704 
1.999998 9.045000 4.707999 4.258385 4.058704 
1.999998 9.035000 4.707999 4.253677 4.058704 
1.999998 9.025000 4.707999 4.248969 4.058704 
1.999998 9.015000 4.707999 4.244261 4.058704 
1.999998 9.005000 4.707999 4.239553 4.058704 
1.999998 8.995000 4.707999 4.234845 4.058704 
1.999998 8.985000 4.707999 4.230137 4.058704 
1.999998 8.975000 4.707999 4.225429 4.058704 
1.999998 8.965000 4.707999 4.220721 4.058704 
1.999998 8.955000 4.707999 4.216013 4.058704 
1.999998 8.945000 4.707999 4.211305 4.058704 
1.999998 8.935000 4.707999 4.206597 4.058704 
1.999998 8.925000 4.707999 4.201889 4.058704 
1.999998 8.915000 4.707999 4.197181 4.058704 
1.999998 8.905000 4.707999 4.192473 4.058704 
1.999998 8.895000 4.707999 4.187765 4.058704 
1.999998 8.885000 4.707999 4.183057 4.058704 
1.999998 8.875000 4.707999 4.178349 4.058704 
1.999998 8.865000 4.707999 4.173641 4.058704 
1.999998 8.855000 4.707999 4.168933 4.058704 
1.999998 8.845000 4.707999 4.164225 4.058704 
1.999998 8.835000 4.707999 4.159517 4.058704 
1.999998 8.825000 4.707999 4.154809 4.058704 
1.999998 8.815000 4.707999 4.150101 4.058704 
1.999998 8.805000 4.707999 4.145393 4.058704 
1.999998 8.795000 4.707999 4.140685 4.058704 
1.999998 8.785000 4.707999 4.135977 4.058704 
1.999998 8.775000 4.707999 4.131269 4.058704 
1.999998 8.765000 4.707999 4.126561 4.058704 
1.999998 8.755000 4.707999 4.121853 4.058704 
1.999998 8.745000 4.707999 4.117145 4.058704 
1.999998 8.735000 4.707999 4.112437 4.058704 
1.999998 8.725000 4.707999 4.107729 4.058704 
1.999998 8.715000 4.707999 4.103021 4.058704 
1.999998 8.705000 4.707999 4.098313 4.058704 
1.999998 8.695000 4.707999 4.093605 4.058704 
1.999998 8.685000 4.707999 4.088897 4.058704 
1.999998 8.675000 4.707999 4.084189 4.058704 
1.999998 8.665000 4.707999 4.079481 4.058704 
1.999998 8.655000 4.707999 4.074773 4.058704 
1.999998 8.645000 4.707999 4.070065 4.058704 
1.999998 8.635000 4.707999 4.065357 4.058704 
1.999998 8.625000 4.707999 4.060649 4.058704 
1.999998 8.615000 4.707999 4.055941 4.058704 
1.999998 8.605000 4.707999 4.051233 4.058704 
1.999998 8.595000 4.707999 4.046525 4.058704 
1.999998 8.585000 4.707999 4.041817 4.058704 
1.999998 8.575000 4.707999 4.037109 4.058704 
1.999998 8.565000 4.707999 4.032401 4.058704 
1.999998 8.555000 4.707999 4.027693 4.058704 
1.999998 8.545000 4.707999 4.022985 4.058704 
1.999998 8.535000 4.707999 4.018277 4.058704 
1.999998 8.525000 4.707999 4.013569 4.058704 
1.999998 8.515000 4.707999 4.008861 4.058704 
1.999998 8.505000 4.707999 4.004153 4.058704 
1.999998 8.495000 4.707999 3.999445 4.058704 
1.999998 8.485000 4.707999 3.994737 4.058704 
1.999998 8.475000 4.707999 3.990029 4.058704 
1.999998 8.465000 4.707999 3.985321 4.058704 
1.999998 8.455000 4.707999 3.980613 4.058704 
1.999998 8.445000 4.707999 3.975905 4.058704 
1.999998 8.435000 4.707999 3.971197 4.058704 
1.999998 8.425000 4.707999 3.966489 4.058704 
1.999998 8.415000 4.707999 3.961781 4.058704 
1.999998 8.405000 4.707999 3.957073 4.058704 
1.999998 8.395000 4.707999 3.952365 4.058704 
1.999998 8.385000 4.707999 3.947657 4.058704 
1.999998 8.375000 4.707999 3.942949 4.058704 
1.999998 8.365000 4.707999 3.938241 4.058704 
1.999998 8.355000 4.707999 3.933533 4.058704 
1.999998 8.345000 4.707999 3.928825 4.058704 
1.999998 8.335000 4.707999 3.924117 4.058704 
1.999998 8.325000 4.707999 3.919409 4.058704 
1.999998 8.315000 4.707999 3.914701 4.058704 
1.999998 8.305000 4.707999 3.909993 4.058704 
1.999998 8.295000 4.707999 3.905285 4.058704 
1.999998 8.285000 4.707999 3.900577 4.058704 
1.999998 8.275000 4.707999 3.895869 4.058704 
1.999998 8.265000 4.707999 3.891161 4.058704 
1.999998 8.255000 4.707999 3.886453 4.058704 
1.999998 8.245000 4.707999 3.881745 4.058704 
1.999998 8.235000 4.707999 3.877037 4.058704 
1.999998 8.225000 4.707999 3.872329 4.058704 
1.999998 8.215000 4.707999 3.867621 4.058704 
1.999998 8.205000 4.707999 3.862913 4.058704 
1.999998 8.195000 4.707999 3.858205 4.058704 
1.999998 8.185000 4.707999 3.853497 4.058704 
1.999998 8.175000 4.707999 3.848789 4.058704 
1.999998 8.165000 4.707999 3.844081 4.058704 
1.999998 8.155000 4.707999 3.839373 4.058704 
1.999998 8.145000 4.707999 3.834665 4.058704 
1.999998 8.135000 4.707999 3.829957 4.058704 
1.999998 8.125000 4.707999 3.825249 4.058704 
1.999998 8.115000 4.707999 3.820541 4.058704 
1.999998 8.105000 4.707999 3.815833 4.058704 
1.999998 8.095000 4.707999 3.811125 4.058704 
1.999998 8.085000 4.707999 3.806417 4.058704 
1.999998 8.075000 4.707999 3.801709 4.058704 
1.999998 8.065000 4.707999 3.797001 4.058704 
1.999998 8.055000 4.707999 3.792293 4.058704 
1.999998 8.045000 4.707999 3.787585 4.058704 
1.999998 8.035000 4.707999 3.782877 4.058704 
1.999998 8.025000 4.707999 3.778169 4.058704 
1.999998 8.015000 4.707999 3.773461 4.058704 
1.999998 8.005000 4.707999 3.768753 4.058704 
1.999998 7.995000 4.707999 3.764045 4.058704 
1.999998 7.985000 4.707999 3.759337 4.058704 
1.999998 7.975000 4.707999 3.754629 4.058704 
1.999998 7.965000 4.707999 3.749921 4.058704 
1.999998 7.955000 4.707999 3.745213 4.058704 
1.999998 7.945000 4.707999 3.740505 4.058704 
1.999998 7.935000 4.707999 3.735797 4.058704 
1.999998 7.925000 4.707999 3.731089 4.058704 
1.999998 7.915000 4.707999 3.726381 4.058704 
1.999998 7.905000 4.707999 3.721673 4.058704 
1.999998 7.895000 4.707999 3.716965 4.058704 
1.999998 7.885000 4.707999 3.712257 4.058704 
1.999998 7.875000 4.707999 3.707549 4.058704 
1.999998 7.865000 4.707999 3.702841 4.058704 
1.999998 7.855000 4.707999 3.698133 4.058704 
1.999998 7.845000 4.707999 3.693425 4.058704 
1.999998 7.835000 4.707999 3.688717 4.058704 
1.999998 7.825000 4.707999 3.684009 4.058704 
1.999998 7.815000 4.707999 3.679301 4.058704 
1.999998 7.805000 4.707999 3.674593 4.058704 
1.999998 7.795000 4.707999 3.669885 4.058704 
1.999998 7.785000 4.707999 3.665177 4.058704 
1.999998 7.775000 4.707999 3.660469 4.058704 
1.999998 7.765000 4.707999 3.655761 4.058704 
1.999998 7.755000 4.707999 3.651053 4.058704 
1.999998 7.745000 4.707999 3.646345 4.058704 
1.999998 7.735000 4.707999 3.641637 4.058704 
1.999998 7.725000 4.707999 3.636929 4.058704 
1.999998 7.715000 4.707999 3.632221 4.058704 
1.999998 7.705000 4.707999 3.627513 4.058704 
1.999998 7.695000 4.707999 3.622805 4.058704 
1.999998 7.685000 4.707999 3.618097 4.058704 
1.999998 7.675000 4.707999 3.613389 4.058704 
1.999998 7.665000 4.707999 3.608681 4.058704 
1.999998 7.655000 4.707999 3.603973 4.058704 
1.999998 7.645000 4.707999 3.599265 4.058704 
1.999998 7.635000 4.707999 3.594557 4.058704 
1.999998 7.625000 4.707999 3.589849 4.058704 
1.999998 7.615000 4.707999 3.585141 4.058704 
1.999998 7.605000 4.707999 3.580433 4.058704 
1.999998 7.595000 4.707999 3.575725 4.058704 
1.999998 7.585000 4.707999 3.571017 4.058704 
1.999998 7.575000 4.707999 3.566309 4.058704 
1.999998 7.565000 4.707999 3.561601 4.058704 
1.999998 7.555000 4.707999 3.556893 4.058704 
1.999998 7.545000 4.707999 3.552185 4.058704 
1.999998 7.535000 4.707999 3.547477 4.058704 
1.999998 7.525000 4.707999 3.542769 4.058704 
1.999998 7.515000 4.707999 3.538061 4.058704 
1.999998 7.505000 4.707999 3.533353 4.058704 
1.999998 7.495000 4.707999 3.528645 4.058704 
1.999998 7.485000 4.707999 3.523937 4.058704 
1.999998 7.475000 4.707999 3.519229 4.058704 
1.999998 7.465000 4.707999 3.514521 4.058704 
1.999998 7.455000 4.707999 3.509813 4.058704 
1.999998 7.445000 4.707999 3.505105 4.058704 
1.999998 7.435000 4.707999 3.500397 4.058704 
1.999998 7.425000 4.707999 3.495689 4.058704 
1.999998 7.415000 4.707999 3.490981 4.058704 
1.999998 7.405000 4.707999 3.486273 4.058704 
1.999998 7.395000 4.707999 3.481565 4.058704 
1.999998 7.385000 4.707999 3.476857 4.058704 
1.999998 7.375000 4.707999 3.472149 4.058704 
1.999998 7.365000 4.707999 3.467441 4.058704 
1.999998 7.355000 4.707999 3.462733 4.058704 
1.999998 7.345000 4.707999 3.458025 4.058704 
1.999998 7.335000 4.707999 3.453317 4.058704 
1.999998 7.325000 4.707999 3.448609 4.058704 
1.999998 7.315000 4.707999 3.443901 4.058704 
1.999998 7.305000 4.707999 3.439193 4.058704 
1.999998 7.295000 4.707999 3.434485 4.058704 
1.999998 7.285000 4.707999 3.429777 4.058704 
1.999998 7.275000 4.707999 3.425069 4.058704 
1.999998 7.265000 4.707999 3.420361 4.058704 
1.999998 7.255000 4.707999 3.415653 4.058704 
1.999998 7.245000 4.707999 3.410945 4.058704 
1.999998 7.235000 4.707999 3.406237 4.058704 
1.999998 7.225000 4.707999 3.401529 4.058704 
1.999998 7.215000 4.707999 3.396821 4.058704 
1.999998 7.205000 4.707999 3.392113 4.058704 
1.999998 7.195000 4.707999 3.387405 4.058704 
1.999998 7.185000 4.707999 3.382697 4.058704 
1.999998 7.175000 4.707999 3.377989 4.058704 
1.999998 7.165000 4.707999 3.373281 4.058704 
1.999998 7.155000 4.707999 3.368573 4.058704 
1.999998 7.145000 4.707999 3.363865 4.058704 
1.999998 7.135000 4.707999 3.359157 4.058704 
1.999998 7.125000 4.707999 3.354449 4.058704 
1.999998 7.115000 4.707999 3.349741 4.058704 
1.999998 7.105000 4.707999 3.345033 4.058704 
1.999998 7.095000 4.707999 3.340325 4.058704 
1.999998 7.085000 4.707999 3.335617 4.058704 
1.999998 7.075000 4.707999 3.330909 4.058704 
1.999998 7.065000 4.707999 3.326201 4.058704 
1.999998 7.055000 4.707999 3.321493 4.058704 
1.999998 7.045000 4.707999 3.316785 4.058704 
1.999998 7.035000 4.707999 3.312077 4.058704 
1.999998 7.025000 4.707999 3.307369 4.058704 
1.999998 7.015000 4.707999 3.302661 4.058704 
1.999998 7.005000 4.707999 3.297953 4.058704 
1.999998 6.995000 4.707999 3.293245 4.058704 
1.999998 6.985000 4.707999 3.288537 4.058704 
1.999998 6.975000 4.707999 3.283829 4.058704 
1.999998 6.965000 4.707999 3.279121 4.058704 
1.999998 6.955000 4.707999 3.274413 4.058704 
1.999998 6.945000 4.707999 3.269705 4.058704 
1.999998 6.935000 4.707999 3.264997 4.058704 
1.999998 6.925000 4.707999 3.260289 4.058704 
1.999998 6.915000 4.707999 3.255581 4.058704 
1.999998 6.905000 4.707999 3.250873 4.058704 
1.999998 6.895000 4.707999 3.246165 4.058704 
1.999998 6.885000 4.707999 3.241457 4.058704 
1.999998 6.875000 4.707999 3.236749 4.058704 
1.999998 6.865000 4.707999 3.232041 4.058704 
1.999998 6.855000 4.707999 3.227333 4.058704 
1.999998 6.845000 4.707999 3.222625 4.058704 
1.999998 6.835000 4.707999 3.217917 4.058704 
1.999998 6.825000 4.707999 3.213209 4.058704 
1.999998 6.815000 4.707999 3.208501 4.058704 
1.999998 6.805000 4.707999 3.203793 4.058704 
1.999998 6.795000 4.707999 3.199085 4.058704 
1.999998 6.785000 4.707999 3.194377 4.058704 
1.999998 6.775000 4.707999 3.189669 4.058704 
1.999998 6.765000 4.707999 3.184961 4.058704 
1.999998 6.755000 4.707999 3.180253 4.058704 
1.999998 6.745000 4.707999 3.175545 4.058704 
1.999998 6.735000 4.707999 3.170837 4.058704 
1.999998 6.725000 4.707999 3.166129 4.058704 
1.999998 6.715000 4.707999 3.161421 4.058704 
1.999998 6.705000 4.707999 3.156713 4.058704 
1.999998 6.695000 4.707999 3.152005 4.058704 
1.999998 6.685000 4.707999 3.147297 4.058704 
1.999998 6.675000 4.707999 3.142589 4.058704 
1.999998 6.665000 4.707999 3.137881 4.058704 
1.999998 6.655000 4.707999 3.133173 4.058704 
1.999998 6.645000 4.707999 3.128465 4.058704 
1.999998 6.635000 4.707999 3.123757 4.058704 
1.999998 6.625000 4.707999 3.119049 4.058704 
1.999998 6.615000 4.707999 3.114341 4.058704 
1.999998 6.605000 4.707999 3.109633 4.058704 
1.999998 6.595000 4.707999 3.104925 4.058704 
1.999998 6.585000 4.707999 3.100217 4.058704 
1.999998 6.575000 4.707999 3.095509 4.058704 
1.999998 6.565000 4.707999 3.090801 4.058704 
1.999998 6.555000 4.707999 3.086093 4.058704 
1.999998 6.545000 4.707999 3.081385 4.058704 
1.999998 6.535000 4.707999 3.076677 4.058704 
1.999998 6.525000 4.707999 3.071969 4.058704 
1.999998 6.515000 4.707999 3.067261 4.058704 
1.999998 6.505000 4.707999 3.062553 4.058704 
1.999998 6.495000 4.707999 3.057845 4.058704 
1.999998 6.485000 4.707999 3.053137 4.058704 
1.999998 6.475000 4.707999 3.048429 4.058704 
1.999998 6.465000 4.707999 3.043721 4.058704 
1.999998 6.455000 4.707999 3.039013 4.058704 
1.999998 6.445000 4.707999 3.034305 4.058704 
1.999998 6.435000 4.707999 3.029597 4.058704 
1.999998 6.425000 4.707999 3.024889 4.058704 
1.999998 6.415000 4.707999 3.020181 4.058704 
1.999998 6.405000 4.707999 3.015473 4.058704 
1.999998 6.395000 4.707999 3.010765 4.058704 
1.999998 6.385000 4.707999 3.006057 4.058704 
1.999998 6.375000 4.707999 3.001349 4.058704 
1.999998 6.365000 4.707999 2.996641 4.058704 
1.999998 6.355000 4.707999 2.991933 4.058704 
1.999998 6.345000 4.707999 2.987225 4.058704 
1.999998 6.335000 4.707999 2.982517 4.058704 
1.999998 6.325000 4.707999 2.977809 4.058704 
1.999998 6.315000 4.707999 2.973101 4.058704 
1.999998 6.305000 4.707999 2.968393 4.058704 
1.999998 6.295000 4.707999 2.963685 4.058704 
1.999998 6.285000 4.707999 2.958977 4.058704 
1.999998 6.275000 4.707999 2.954269 4.058704 
1.999998 6.265000 4.707999 2.949561 4.058704 
1.999998 6.255000 4.707999 2.944853 4.058704 
1.999998 6.245000 4.707999 2.940145 4.058704 
1.999998 6.235000 4.707999 2.935437 4.058704 
1.999998 6.225000 4.707999 2.930729 4.058704 
1.999998 6.215000 4.707999 2.926021 4.058704 
1.999998 6.205000 4.707999 2.921313 4.058704 
1.999998 6.195000 4.707999 2.916605 4.058704 
1.999998 6.185000 4.707999 2.911897 4.058704 
1.999998 6.175000 4.707999 2.907189 4.058704 
1.999998 6.165000 4.707999 2.902481 4.058704 
1.999998 6.155000 4.707999 2.897773 4.058704 
1.999998 6.145000 4.707999 2.893065 4.058704 
1.999998 6.135000 4.707999 2.888357 4.058704 
1.999998 6.125000 4.707999 2.883649 4.058704 
1.999998 6.115000 4.707999 2.878941 4.058704 
1.999998 6.105000 4.707999 2.874233 4.058704 
1.999998 6.095000 4.707999 2.869525 4.058704 
1.999998 6.085000 4.707999 2.864817 4.058704 
1.999998 6.075000 4.707999 2.860109 4.058704 
1.999998 6.065000 4.707999 2.855401 4.058704 
1.999998 6.055000 4.707999 2.850693 4.058704 
1.999998 6.045000 4.707999 2.845985 4.058704 
1.999998 6.035000 4.707999 2.841277 4.058704 
1.999998 6.025000 4.707999 2.836569 4.058704 
1.999998 6.015000 4.707999 2.831861 4.058704 
1.999998 6.005000 4.707999 2.827153 4.058704 
1.999998 5.995000 4.707999 2.822445 4.058704 
1.999998 5.985000 4.707999 2.817737 4.058704 
1.999998 5.975000 4.707999 2.813029 4.058704 
1.999998 5.965000 4.707999 2.808321 4.058704 
1.999998 5.955000 4.707999 2.803613 4.058704 
1.999998 5.945000 4.707999 2.798905 4.058704 
1.999998 5.935000 4.707999 2.794197 4.058704 
1.999998 5.925000 4.707999 2.789489 4.058704 
1.999998 5.915000 4.707999 2.784781 4.058704 
1.999998 5.905000 4.707999 2.780073 4.058704 
1.999998 5.895000 4.707999 2.775365 4.058704 
1.999998 5.885000 4.707999 2.770657 4.058704 
1.999998 5.875000 4.707999 2.765949 4.058704 
1.999998 5.865000 4.707999 2.761241 4.058704 
1.999998 5.855000 4.707999 2.756533 4.058704 
1.999998 5.845000 4.707999 2.751825 4.058704 
1.999998 5.835000 4.707999 2.747117 4.058704 
1.999998 5.825000 4.707999 2.742409 4.058704 
1.999998 5.815000 4.707999 2.737701 4.058704 
1.999998 5.805000 4.707999 2.732993 4.058704 
1.999998 5.795000 4.707999 2.728285 4.058704 
1.999998 5.785000 4.707999 2.723577 4.058704 
1.999998 5.775000 4.707999 2.718869 4.058704 
1.999998 5.765000 4.707999 2.714161 4.058704 
1.999998 5.755000 4.707999 2.709453 4.058704 
1.999998 5.745000 4.707999 2.704745 4.058704 
1.999998 5.735000 4.707999 2.700037 4.058704 
1.999998 5.725000 4.707999 2.695329 4.058704 
1.999998 5.715000 4.707999 2.690621 4.058704 
1.999998 5.705000 4.707999 2.685913 4.058704 
1.999998 5.695000 4.707999 2.681205 4.058704 
1.999998 5.685000 4.707999 2.676497 4.058704 
1.999998 5.675000 4.707999 2.671789 4.058704 
1.999998 5.665000 4.707999 2.667081 4.058704 
1.999998 5.655000 4.707999 2.662373 4.058704 
1.999998 5.645000 4.707999 2.657665 4.058704 
1.999998 5.635000 4.707999 2.652957 4.058704 
1.999998 5.625000 4.707999 2.648249 4.058704 
1.999998 5.615000 4.707999 2.643541 4.058704 
1.999998 5.605000 4.707999 2.638833 4.058704 
1.999998 5.595000 4.707999 2.634125 4.058704 
1.999998 5.585000 4.707999 2.629417 4.058704 
1.999998 5.575000 4.707999 2.624709 4.058704 
1.999998 5.565000 4.707999 2.620001 4.058704 
1.999998 5.555000 4.707999 2.615293 4.058704 
1.999998 5.545000 4.707999 2.610585 4.058704 
1.999998 5.535000 4.707999 2.605877 4.058704 
1.999998 5.525000 4.707999 2.601169 4.058704 
1.999998 5.515000 4.707999 2.596461 4.058704 
1.999998 5.505000 4.707999 2.591753 4.058704 
1.999998 5.495000 4.707999 2.587045 4.058704 
1.999998 5.485000 4.707999 2.582337 4.058704 
1.999998 5.475000 4.707999 2.577629 4.058704 
1.999998 5.465000 4.707999 2.572921 4.058704 
1.999998 5.455000 4.707999 2.568213 4.058704 
1.999998 5.445000 4.707999 2.563505 4.058704 
1.999998 5.435000 4.707999 2.558797 4.058704 
1.999998 5.425000 4.707999 2.554089 4.058704 
1.999998 5.415000 4.707999 2.549381 4.058704 
1.999998 5.405000 4.707999 2.544673 4.058704 
1.999998 5.395000 4.707999 2.539965 4.058704 
1.999998 5.385000 4.707999 2.535257 4.058704 
1.999998 5.375000 4.707999 2.530549 4.058704 
1.999998 5.365000 4.707999 2.525841 4.058704 
1.999998 5.355000 4.707999 2.521133 4.058704 
1.999998 5.345000 4.707999 2.516425 4.058704 
1.999998 5.335000 4.707999 2.511717 4.058704 
1.999998 5.325000 4.707999 2.507009 4.058704 
1.999998 5.315000 4.707999 2.502301 4.058704 
1.999998 5.305000 4.707999 2.497593 4.058704 
1.999998 5.295000 4.707999 2.492885 4.058704 
1.999998 5.285000 4.707999 2.488177 4.058704 
1.999998 5.275000 4.707999 2.483469 4.058704 
1.999998 5.265000 4.707999 2.478761 4.058704 
1.999998 5.255000 4.707999 2.474053 4.058704 
1.999998 5.245000 4.707999 2.469345 4.058704 
1.999998 5.235000 4.707999 2.464637 4.058704 
1.999998 5.225000 4.707999 2.459929 4.058704 
1.999998 5.215000 4.707999 2.455221 4.058704 
1.999998 5.205000 4.707999 2.450513 4.058704 
1.999998 5.195000 4.707999 2.445805 4.058704 
1.999998 5.185000 4.707999 2.441097 4.058704 
1.999998 5.175000 4.707999 2.436389 4.058704 
1.999998 5.165000 4.707999 2.431681 4.058704 
1.999998 5.155000 4.707999 2.426973 4.058704 
1.999998 5.145000 4.707999 2.422265 4.058704 
1.999998 5.135000 4.707999 2.417557 4.058704 
1.999998 5.125000 4.707999 2.412849 4.058704 
1.999998 5.115000 4.707999 2.408141 4.058704 
1.999998 5.105000 4.707999 2.403433 4.058704 
1.999998 5.095000 4.707999 2.398725 4.058704 
1.999998 5.085000 4.707999 2.394017 4.058704 
1.999998 5.075000 4.707999 2.389309 4.058704 
1.999998 5.065000 4.707999 2.384601 4.058704 
1.999998 5.055000 4.707999 2.379893 4.058704 
1.999998 5.045000 4.707999 2.375185 4.058704 
1.999998 5.035000 4.707999 2.370477 4.058704 
1.999998 5.025000 4.707999 2.365769 4.058704 
1.999998 5.015000 4.707999 2.361061 4.058704 
1.999998 5.005000 4.707999 2.356353 4.058704 
1.999998 4.995000 4.707999 2.351645 4.058704 
1.999998 4.985000 4.707999 2.346937 4.058704 
1.999998 4.975000 4.707999 2.342229 4.058704 
1.999998 4.965000 4.707999 2.337521 4.058704 
1.999998 4.955000 4.707999 2.332813 4.058704 
1.999998 4.945000 4.707999 2.328105 4.058704 
1.999998 4.935000 4.707999 2.323397 4.058704 
1.999998 4.925000 4.707999 2.318689 4.058704 
1.999998 4.915000 4.707999 2.313981 4.058704 
1.999998 4.905000 4.707999 2.309273 4.058704 
1.999998 4.895000 4.707999 2.304565 4.058704 
1.999998 4.885000 4.707999 2.299857 4.058704 
1.999998 4.875000 4.707999 2.295149 4.058704 
1.999998 4.865000 4.707999 2.290441 4.058704 
1.999998 4.855000 4.707999 2.285733 4.058704 
1.999998 4.845000 4.707999 2.281025 4.058704 
1.999998 4.835000 4.707999 2.276317 4.058704 
1.999998 4.825000 4.707999 2.271609 4.058704 
1.999998 4.815000 4.707999 2.266901 4.058704 
1.999998 4.805000 4.707999 2.262193 4.058704 
1.999998 4.795000 4.707999 2.257485 4.058704 
1.999998 4.785000 4.707999 2.252777 4.058704 
1.999998 4.775000 4.707999 2.248069 4.058704 
1.999998 4.765000 4.707999 2.243361 4.058704 
1.999998 4.755000 4.707999 2.238653 4.058704 
1.999998 4.745000 4.707999 2.233945 4.058704 
1.999998 4.735000 4.707999 2.229237 4.058704 
1.999998 4.725000 4.707999 2.224529 4.058704 
1.999998 4.715000 4.707999 2.219821 4.058704 
1.999998 4.705000 4.707999 2.215113 4.058704 
1.999998 4.695000 4.707999 2.210405 4.058704 
1.999998 4.685000 4.707999 2.205697 4.058704 
1.999998 4.675000 4.707999 2.200989 4.058704 
1.999998 4.665000 4.707999 2.196281 4.058704 
1.999998 4.655000 4.707999 2.191573 4.058704 
1.999998 4.645000 4.707999 2.186865 4.058704 
1.999998 4.635000 4.707999 2.182157 4.058704 
1.999998 4.625000 4.707999 2.177449 4.058704 
1.999998 4.615000 4.707999 2.172741 4.058704 
1.999998 4.605000 4.707999 2.168033 4.058704 
1.999998 4.595000 4.707999 2.163325 4.058704 
1.999998 4.585000 4.707999 2.158617 4.058704 
1.999998 4.575000 4.707999 2.153909 4.058704 
1.999998 4.565000 4.707999 2.149201 4.058704 
1.999998 4.555000 4.707999 2.144493 4.058704 
1.999998 4.545000 4.707999 2.139785 4.058704 
1.999998 4.535000 4.707999 2.135077 4.058704 
1.999998 4.525000 4.707999 2.130369 4.058704 
1.999998 4.515000 4.707999 2.125661 4.058704 
1.999998 4.505000 4.707999 2.120953 4.058704 
1.999998 4.495000 4.707999 2.116245 4.058704 
1.999998 4.485000 4.707999 2.111537 4.058704 
1.999998 4.475000 4.707999 2.106829 4.058704 
1.999998 4.465000 4.707999 2.102121 4.058704 
1.999998 4.455000 4.707999 2.097413 4.058704 
1.999998 4.445000 4.707999 2.092705 4.058704 
1.999998 4.435000 4.707999 2.087997 4.058704 
1.999998 4.425000 4.707999 2.083289 4.058704 
1.999998 4.415000 4.707999 2.078581 4.058704 
1.999998 4.405000 4.707999 2.073873 4.058704 
1.999998 4.395000 4.707999 2.069165 4.058704 
1.999998 4.385000 4.707999 2.064457 4.058704 
1.999998 4.375000 4.707999 2.059749 4.058704 
1.999998 4.365000 4.707999 2.055041 4.058704 
1.999998 4.355000 4.707999 2.050333 4.058704 
1.999998 4.345000 4.707999 2.045625 4.058704 
1.999998 4.335000 4.707999 2.040917 4.058704 
1.999998 4.325000 4.707999 2.036209 4.058704 
1.999998 4.315000 4.707999 2.031501 4.058704 
1.999998 4.305000 4.707999 2.026793 4.058704 
1.999998 4.295000 4.707999 2.022085 4.058704 
1.999998 4.285000 4.707999 2.017377 4.058704 
1.999998 4.275000 4.707999 2.012669 4.058704 
1.999998 4.265000 4.707999 2.007961 4.058704 
1.999998 4.255000 4.707999 2.003253 4.058704 
1.999998 4.245000 4.707999 1.998545 4.058704 
1.999998 4.235000 4.707999 1.993837 4.058704 
1.999998 4.225000 4.707999 1.989129 4.058704 
1.999998 4.215000 4.707999 1.984421 4.058704 
1.999998 4.205000 4.707999 1.979713 4.058704 
1.999998 4.195000 4.707999 1.975005 4.058704 
1.999998 4.185000 4.707999 1.970297 4.058704 
1.999998 4.175000 4.707999 1.965589 4.058704 
1.999998 4.165000 4.707999 1.960881 4.058704 
1.999998 4.155000 4.707999 1.956173 4.058704 
1.999998 4.145000 4.707999 1.951465 4.058704 
1.999998 4.135000 4.707999 1.946757 4.058704 
1.999998 4.125000 4.707999 1.942049 4.058704 
1.999998 4.115000 4.707999 1.937341 4.058704 
1.999998 4.105000 4.707999 1.932633 4.058704 
1.999998 4.095000 4.707999 1.927925 4.058704 
1.999998 4.085000 4.707999 1.923217 4.058704 
1.999998 4.075000 4.707999 1.918509 4.058704 
1.999998 4.065000 4.707999 1.913801 4.058704 
1.999989 4.055000 4.707999 1.909093 3.462023 
1.999989 4.045000 4.707999 1.904385 3.462023 
1.999989 4.035000 4.707999 1.899677 3.462023 
1.999989 4.025000 4.707999 1.894969 3.462023 
1.999989 4.015000 4.707999 1.890261 3.462023 
1.999989 4.005000 4.707999 1.885553 3.462023 
1.999989 3.995000 4.707999 1.880845 3.462023 
1.999989 3.985000 4.707999 1.876137 3.462023 
1.999989 3.975000 4.707999 1.871429 3.462023 
1.999989 3.965000 4.707999 1.866721 3.462023 
1.999989 3.955000 4.707999 1.862013 3.462023 
1.999989 3.945000 4.707999 1.857305 3.462023 
1.999989 3.935000 4.707999 1.852597 3.462023 
1.999989 3.925000 4.707999 1.847889 3.462023 
1.999989 3.915000 4.707999 1.843181 3.462023 
1.999989 3.905000 4.707999 1.838473 3.462023 
1.999989 3.895000 4.707999 1.833766 3.462023 
1.999989 3.885000 4.707999 1.829058 3.462023 
1.999989 3.875000 4.707999 1.824350 3.462023 
1.999989 3.865000 4.707999 1.819642 3.462023 
1.999989 3.855000 4.707999 1.814934 3.462023 
1.999989 3.845000 4.707999 1.810226 3.462023 
1.999989 3.835000 4.707999 1.805518 3.462023 
1.999989 3.825000 4.707999 1.800810 3.462023 
1.999989 3.815000 4.707999 1.796102 3.462023 
1.999989 3.805000 4.707999 1.791394 3.462023 
1.999989 3.795000 4.707999 1.786686 3.462023 
1.999989 3.785000 4.707999 1.781978 3.462023 
1.999989 3.775000 4.707999 1.777270 3.462023 
1.999989 3.765000 4.707999 1.772562 3.462023 
1.999989 3.755000 4.707999 1.767854 3.462023 
1.999989 3.745000 4.707999 1.763146 3.462023 
1.999989 3.735000 4.707999 1.758438 3.462023 
1.999989 3.725000 4.707999 1.753730 3.462023 
1.999989 3.715000 4.707999 1.749022 3.462023 
1.999989 3.705000 4.707999 1.744314 3.462023 
1.999989 3.695000 4.707999 1.739606 3.462023 
1.999989 3.685000 4.707999 1.734898 3.462023 
1.999989 3.675000 4.707999 1.730190 3.462023 
1.999989 3.665000 4.707999 1.725482 3.462023 
1.999989 3.655000 4.707999 1.720774 3.462023 
1.999989 3.645000 4.707999 1.716066 3.462023 
1.999989 3.635000 4.707999 1.711358 3.462023 
1.999989 3.625000 4.707999 1.706650 3.462023 
1.999989 3.615000 4.707999 1.701942 3.462023 
1.999989 3.605000 4.707999 1.697234 3.462023 
1.999989 3.595000 4.707999 1.692526 3.462023 
1.999989 3.585000 4.707999 1.687818 3.462023 
1.999989 3.575000 4.707999 1.683110 3.462023 
1.999989 3.565000 4.707999 1.678402 3.462023 
1.999989 3.555000 4.707999 1.673694 3.462023 
1.999989 3.545000 4.707999 1.668986 3.462023 
1.999989 3.535000 4.707999 1.664278 3.462023 
1.999989 3.525000 4.707999 1.659570 3.462023 
1.999989 3.515000 4.707999 1.654862 3.462023 
1.999989 3.505000 4.707999 1.650154 3.462023 
1.999989 3.495000 4.707999 1.645446 3.462023 
1.999989 3.485000 4.707999 1.640738 3.462023 
1.999989 3.475000 4.707999 1.636030 3.462023 
1.999989 3.465000 4.707999 1.631322 3.462023 
1.999970 3.455000 4.707999 1.626614 3.152273 
1.999970 3.445000 4.707999 1.621906 3.152273 
1.999970 3.435000 4.707999 1.617198 3.152273 
1.999970 3.425000 4.707999 1.612490 3.152273 
1.999970 3.415000 4.707999 1.607782 3.152273 
1.999970 3.405000 4.707999 1.603074 3.152273 
1.999970 3.395000 4.707999 1.598366 3.152273 
1.999970 3.385000 4.707999 1.593658 3.152273 
1.999970 3.375000 4.707999 1.588950 3.152273 
1.999970 3.365000 4.707999 1.584242 3.152273 
1.999970 3.355000 4.707999 1.579534 3.152273 
1.999970 3.345000 4.707999 1.574826 3.152273 
1.999970 3.335000 4.707999 1.570118 3.152273 
1.999970 3.325000 4.707999 1.565410 3.152273 
1.999970 3.315000 4.707999 1.560702 3.152273 
1.999970 3.305000 4.707999 1.555994 3.152273 
1.999970 3.295000 4.707999 1.551286 3.152273 
1.999970 3.285000 4.707999 1.546578 3.152273 
1.999970 3.275000 4.707999 1.541870 3.152273 
1.999970 3.265000 4.707999 1.537162 3.152273 
1.999970 3.255000 4.707999 1.532454 3.152273 
1.999970 3.245000 4.707999 1.527746 3.152273 
1.999970 3.235000 4.707999 1.523038 3.152273 
1.999970 3.225000 4.707999 1.518330 3.152273 
1.999970 3.215000 4.707999 1.513622 3.152273 
1.999970 3.205000 4.707999 1.508914 3.152273 
1.999970 3.195000 4.707999 1.504206 3.152273 
1.999970 3.185000 4.707999 1.499498 3.152273 
1.999970 3.175000 4.707999 1.494790 3.152273 
1.999970 3.165000 4.707999 1.490082 3.152273 
1.999970 3.155000 4.707999 1.485374 3.152273 
1.999944 3.145000 4.707999 1.480666 2.941599 
1.999944 3.135000 4.707999 1.475958 2.941599 
1.999944 3.125000 4.707999 1.471250 2.941599 
1.999944 3.115000 4.707999 1.466542 2.941599 
1.999944 3.105000 4.707999 1.461834 2.941599 
1.999944 3.095000 4.707999 1.457126 2.941599 
1.999944 3.085000 4.707999 1.452418 2.941599 
1.999944 3.075000 4.707999 1.447710 2.941599 
1.999944 3.065000 4.707999 1.443002 2.941599 
1.999944 3.055000 4.707999 1.438294 2.941599 
1.999944 3.045000 4.707999 1.433586 2.941599 
1.999944 3.035000 4.707999 1.428878 2.941599 
1.999944 3.025000 4.707999 1.424170 2.941599 
1.999944 3.015000 4.707999 1.419462 2.941599 
1.999944 3.005000 4.707999 1.414754 2.941599 
1.999944 2.995000 4.707999 1.410046 2.941599 
1.999944 2.985000 4.707999 1.405338 2.941599 
1.999944 2.975000 4.707999 1.400630 2.941599 
1.999944 2.965000 4.707999 1.395922 2.941599 
1.999944 2.955000 4.707999 1.391214 2.941599 
1.999944 2.945000 4.707999 1.386506 2.941599 
1.999909 2.935000 4.707999 1.381798 2.781747 
1.999909 2.925000 4.707999 1.377090 2.781747 
1.999909 2.915000 4.707999 1.372382 2.781747 
1.999909 2.905000 4.707999 1.367674 2.781747 
1.999909 2.895000 4.707999 1.362966 2.781747 
1.999909 2.885000 4.707999 1.358258 2.781747 
1.999909 2.875000 4.707999 1.353550 2.781747 
1.999909 2.865000 4.707999 1.348842 2.781747 
1.999909 2.855000 4.707999 1.344134 2.781747 
1.999909 2.845000 4.707999 1.339426 2.781747 
1.999909 2.835000 4.707999 1.334718 2.781747 
1.999909 2.825000 4.707999 1.330010 2.781747 
1.999909 2.815000 4.707999 1.325302 2.781747 
1.999909 2.805000 4.707999 1.320594 2.781747 
1.999909 2.795000 4.707999 1.315886 2.781747 
1.999909 2.785000 4.707999 1.311178 2.781747 
1.999866 2.775000 4.707999 1.306470 2.652899 
1.999866 2.765000 4.707999 1.301762 2.652899 
1.999866 2.755000 4.707999 1.297054 2.652899 
1.999866 2.745000 4.707999 1.292346 2.652899 
1.999866 2.735000 4.707999 1.287638 2.652899 
1.999866 2.725000 4.707999 1.282930 2.652899 
1.999866 2.715000 4.707999 1.278222 2.652899 
1.999866 2.705000 4.707999 1.273514 2.652899 
1.999866 2.695000 4.707999 1.268806 2.652899 
1.999866 2.685000 4.707999 1.264098 2.652899 
1.999866 2.675000 4.707999 1.259390 2.652899 
1.999866 2.665000 4.707999 1.254682 2.652899 
1.999866 2.655000 4.707999 1.249974 2.652899 
1.999815 2.645000 4.707999 1.245266 2.544957 
1.999815 2.635000 4.707999 1.240558 2.544957 
1.999815 2.625000 4.707999 1.235850 2.544957 
1.999815 2.615000 4.707999 1.231142 2.544957 
1.999815 2.605000 4.707999 1.226434 2.544957 
1.999815 2.595000 4.707999 1.221726 2.544957 
1.999815 2.585000 4.707999 1.217018 2.544957 
1.999815 2.575000 4.707999 1.212310 2.544957 
1.999815 2.565000 4.707999 1.207602 2.544957 
1.999815 2.555000 4.707999 1.202894 2.544957 
1.999756 2.535000 4.707999 1.193478 2.452071 
1.999756 2.525000 4.707999 1.188770 2.452071 
1.999756 2.515000 4.707999 1.184062 2.452071 
1.999756 2.505000 4.707999 1.179354 2.452071 
1.999756 2.495000 4.707999 1.174646 2.452071 
1.999756 2.485000 4.707999 1.169938 2.452071 
1.999756 2.475000 4.707999 1.165230 2.452071 
1.999756 2.465000 4.707999 1.160522 2.452071 
1.999756 2.455000 4.707999 1.155814 2.452071 
1.999688 2.445000 4.707999 1.151106 2.370548 
1.999688 2.435000 4.707999 1.146398 2.370548 
1.999688 2.425000 4.707999 1.141690 2.370548 
1.999688 2.415000 4.707999 1.136982 2.370548 
1.999688 2.405000 4.707999 1.132274 2.370548 
1.999688 2.395000 4.707999 1.127566 2.370548 
1.999688 2.385000 4.707999 1.122858 2.370548 
1.999688 2.375000 4.707999 1.118150 2.370548 
1.999612 2.365000 4.707999 1.113442 2.297908 
1.999612 2.355000 4.707999 1.108734 2.297908 
1.999612 2.345000 4.707999 1.104026 2.297908 
1.999612 2.335000 4.707999 1.099318 2.297908 
1.999612 2.325000 4.707999 1.094610 2.297908 
1.999612 2.315000 4.707999 1.089902 2.297908 
1.999612 2.305000 4.707999 1.085194 2.297908 
1.999528 2.295000 4.707999 1.080486 2.232400 
1.999528 2.285000 4.707999 1.075778 2.232400 
1.999528 2.275000 4.707999 1.071070 2.232400 
1.999528 2.265000 4.707999 1.066362 2.232400 
1.999528 2.255000 4.707999 1.061654 2.232400 
1.999528 2.245000 4.707999 1.056946 2.232400 
1.999528 2.235000 4.707999 1.052238 2.232400 
1.999435 2.225000 4.707999 1.047530 2.172747 
1.999435 2.215000 4.707999 1.042822 2.172747 
1.999435 2.205000 4.707999 1.038114 2.172747 
1.999435 2.195000 4.707999 1.033406 2.172747 
1.999435 2.185000 4.707999 1.028698 2.172747 
1.999435 2.175000 4.707999 1.023990 2.172747 
1.999334 2.165000 4.707999 1.019282 2.117986 
1.999334 2.155000 4.707999 1.014574 2.117986 
1.999334 2.145000 4.707999 1.009866 2.117986 
1.999334 2.135000 4.707999 1.005158 2.117986 
1.999334 2.125000 4.707999 1.000450 2.117986 
1.999225 2.115000 4.707999 0.995742 2.067373 
1.999225 2.105000 4.707999 0.991034 2.067373 
1.999225 2.095000 4.707999 0.986326 2.067373 
1.999225 2.085000 4.707999 0.981618 2.067373 
1.999225 2.075000 4.707999 0.976910 2.067373 
1.999108 2.065000 4.707999 0.972202 2.020324 
1.999108 2.055000 4.707999 0.967494 2.020324 
1.999108 2.045000 4.707999 0.962786 2.020324 
1.999108 2.035000 4.707999 0.958078 2.020324 
1.999108 2.025000 4.707999 0.953370 2.020324 
1.998982 2.015000 4.707999 0.948662 1.976366 
1.998982 2.005000 4.707999 0.943954 1.976366 
1.998982 1.995000 4.707999 0.939246 1.976366 
1.998982 1.985000 4.707999 0.934538 1.976366 
1.998848 1.975000 4.707999 0.929830 1.935118 
1.998848 1.965000 4.707999 0.925122 1.935118 
1.998848 1.955000 4.707999 0.920414 1.935118 
1.998848 1.945000 4.707999 0.915706 1.935118 
1.998706 1.935000 4.707999 0.910998 1.896264 
1.998706 1.925000 4.707999 0.906290 1.896264 
1.998706 1.915000 4.707999 0.901582 1.896264 
1.998706 1.905000 4.707999 0.896874 1.896264 
1.998555 1.895000 4.707999 0.892166 1.859540 
1.998555 1.885000 4.707999 0.887458 1.859540 
1.998555 1.875000 4.707999 0.882750 1.859540 
1.998555 1.865000 4.707999 0.878042 1.859540 
1.998397 1.855000 4.707999 0.873334 1.824723 
1.998397 1.845000 4.707999 0.868626 1.824723 
1.998397 1.835000 4.707999 0.863918 1.824723 
1.998397 1.825000 4.707999 0.859210 1.824723 
1.998229 1.815000 4.707999 0.854502 1.791624 
1.998229 1.805000 4.707999 0.849794 1.791624 
1.998229 1.795000 4.707999 0.845086 1.791624 
1.998054 1.785000 4.707999 0.840378 1.760080 
1.998054 1.775000 4.707999 0.835670 1.760080 
1.998054 1.765000 4.707999 0.830962 1.760080 
1.997870 1.755000 4.707999 0.826254 1.729951 
1.997870 1.745000 4.707999 0.821546 1.729951 
1.997870 1.735000 4.707999 0.816838 1.729951 
1.997679 1.725000 4.707999 0.812130 1.701115 
1.997679 1.715000 4.707999 0.807422 1.701115 
1.997679 1.705000 4.707999 0.802714 1.701115 
1.997478 1.695000 4.707999 0.798006 1.673463 
1.997478 1.685000 4.707999 0.793298 1.673463 
1.997478 1.675000 4.707999 0.788590 1.673463 
1.997270 1.665000 4.707999 0.783882 1.646903 
1.997270 1.655000 4.707999 0.779174 1.646903 
1.997053 1.645000 4.707999 0.774466 1.621349 
1.997053 1.635000 4.707999 0.769758 1.621349 
1.997053 1.625000 4.707999 0.765050 1.621349 
1.996828 1.615000 4.707999 0.760342 1.596729 
1.996828 1.605000 4.707999 0.755634 1.596729 
1.996595 1.595000 4.707999 0.750926 1.572975 
1.996595 1.585000 4.707999 0.746218 1.572975 
1.996595 1.575000 4.707999 0.741510 1.572975 
1.996353 1.565000 4.707999 0.736802 1.550027 
1.996353 1.555000 4.707999 0.732094 1.550027 
1.996103 1.545000 4.707999 0.727386 1.527832 
1.996103 1.535000 4.707999 0.722678 1.527832 
1.995845 1.525000 4.707999 0.717970 1.506342 
1.995845 1.515000 4.707999 0.713262 1.506342 
1.995578 1.505000 4.707999 0.708554 1.485512 
1.995578 1.495000 4.707999 0.703846 1.485512 
1.995303 1.485000 4.707999 0.699138 1.465303 
1.995303 1.475000 4.707999 0.694430 1.465303 
1.995020 1.465000 4.707999 0.689722 1.445677 
1.995020 1.455000 4.707999 0.685014 1.445677 
1.994729 1.445000 4.707999 0.680306 1.426602 
1.994729 1.435000 4.707999 0.675598 1.426602 
1.994429 1.425000 4.707999 0.670890 1.408047 
1.994429 1.415000 4.707999 0.666182 1.408047 
1.994121 1.405000 4.707999 0.661474 1.389984 
1.994121 1.395000 4.707999 0.656766 1.389984 
1.993805 1.385000 4.707999 0.652058 1.372386 
1.993805 1.375000 4.707999 0.647350 1.372386 
1.993480 1.365000 4.707999 0.642642 1.355230 
1.993147 1.355000 4.707999 0.637934 1.338494 
1.993147 1.345000 4.707999 0.633226 1.338494 
1.992806 1.335000 4.707999 0.628518 1.322157 
1.992806 1.325000 4.707999 0.623810 1.322157 
1.992457 1.315000 4.707999 0.619102 1.306199 
1.992099 1.305000 4.707999 0.614394 1.290604 
1.992099 1.295000 4.707999 0.609686 1.290604 
1.991733 1.285000 4.707999 0.604978 1.275354 
1.991358 1.275000 4.707999 0.600270 1.260435 
1.991358 1.265000 4.707999 0.595562 1.260435 
1.990975 1.255000 4.707999 0.590854 1.245831 
1.990584 1.245000 4.707999 0.586146 1.231530 
1.990584 1.235000 4.707999 0.581438 1.231530 
1.990185 1.225000 4.707999 0.576730 1.217518 
1.989777 1.215000 4.707999 0.572022 1.203783 
1.989777 1.205000 4.707999 0.567314 1.203783 
1.989361 1.195000 4.707999 0.562606 1.190315 
1.988936 1.185000 4.707999 0.557898 1.177102 
1.988504 1.175000 4.707999 0.553190 1.164135 
1.988504 1.165000 4.707999 0.548482 1.164135 
1.988063 1.155000 4.707999 0.543774 1.151405 
1.987613 1.145000 4.707999 0.539066 1.138902 
1.987155 1.135000 4.707999 0.534358 1.126619 
1.986689 1.125000 4.707999 0.529650 1.114546 
1.986689 1.115000 4.707999 0.524942 1.114546 
1.986215 1.105000 4.707999 0.520234 1.102678 
1.985732 1.095000 4.707999 0.515526 1.091005 
1.985241 1.085000 4.707999 0.510818 1.079523 
1.984741 1.075000 4.707999 0.506110 1.068224 
1.984234 1.065000 4.707999 0.501402 1.057102 
1.983717 1.055000 4.707999 0.496694 1.046152 
1.983193 1.045000 4.707999 0.491986 1.035368 
1.982660 1.035000 4.707999 0.487278 1.024744 
1.982660 1.025000 4.707999 0.482570 1.024744 
1.982119 1.015000 4.707999 0.477862 1.014276 
1.981569 1.005000 4.707999 0.473154 1.003958 
1.981011 0.995000 4.707999 0.468446 0.993786 
1.980444 0.985000 4.707999 0.463738 0.983757 
1.979870 0.975000 4.707999 0.459030 0.973864 
1.979286 0.965000 4.707999 0.454322 0.964105 
1.978695 0.955000 4.707999 0.449614 0.954476 
1.978095 0.945000 4.707999 0.444906 0.944973 
1.976870 0.935000 4.707999 0.440198 0.926330 
1.976245 0.925000 4.707999 0.435490 0.917183 
1.975611 0.915000 4.707999 0.430782 0.908149 
1.974969 0.905000 4.707999 0.426074 0.899225 
1.974319 0.895000 4.707999 0.421366 0.890407 
1.973660 0.885000 4.707999 0.416658 0.881693 
1.972993 0.875000 4.707999 0.411950 0.873081 
1.972318 0.865000 4.707999 0.407242 0.864566 
1.970941 0.855000 4.707999 0.402534 0.847824 
1.970240 0.845000 4.707999 0.397826 0.839590 
1.969531 0.835000 4.707999 0.393118 0.831446 
1.968813 0.825000 4.707999 0.388410 0.823389 
1.967353 0.815000 4.707999 0.383702 0.807526 
1.966610 0.805000 4.707999 0.378994 0.799718 
1.965858 0.795000 4.707999 0.374286 0.791988 
1.965098 0.785000 4.707999 0.369578 0.784335 
1.963553 0.775000 4.707999 0.364870 0.769254 
1.962767 0.765000 4.707999 0.360162 0.761822 
1.961974 0.755000 4.707999 0.355454 0.754461 
1.960361 0.745000 4.707999 0.350746 0.739943 
1.959541 0.735000 4.707999 0.346038 0.732784 
1.957877 0.725000 4.707999 0.341330 0.718658 
1.957032 0.715000 4.707999 0.336622 0.711688 
1.956179 0.705000 4.707999 0.331914 0.704778 
1.954447 0.695000 4.707999 0.327206 0.691136 
1.953568 0.685000 4.707999 0.322498 0.684401 
1.951785 0.675000 4.707999 0.317790 0.671096 
1.950881 0.665000 4.707999 0.313082 0.664524 
1.949046 0.655000 4.707999 0.308374 0.651537 
1.947177 0.645000 4.707999 0.303666 0.638751 
1.946230 0.635000 4.707999 0.298958 0.632432 
1.944310 0.625000 4.707999 0.294250 0.619934 
1.943337 0.615000 4.707999 0.289542 0.613754 
1.941366 0.605000 4.707999 0.284834 0.601528 
1.939360 0.595000 4.707999 0.280126 0.589474 
1.938344 0.585000 4.707999 0.275418 0.583510 
1.936287 0.575000 4.707999 0.270710 0.571705 
1.934194 0.565000 4.707999 0.266002 0.560057 
1.933135 0.555000 4.707999 0.261294 0.554290 
1.930992 0.545000 4.707999 0.256586 0.542868 
1.928813 0.535000 4.707999 0.251878 0.531591 
1.926600 0.525000 4.707999 0.247170 0.520452 
1.925480 0.515000 4.707999 0.242462 0.514934 
1.923215 0.505000 4.707999 0.237754 0.503996 
1.920915 0.495000 4.707999 0.233046 0.493185 
1.918580 0.485000 4.707999 0.228338 0.482498 
1.916210 0.475000 4.707999 0.223630 0.471930 
1.913806 0.465000 4.707999 0.218922 0.461478 
1.911366 0.455000 4.707999 0.214214 0.451138 
1.908891 0.445000 4.707999 0.209506 0.440906 
1.906381 0.435000 4.707999 0.204798 0.430778 
1.903836 0.425000 4.707999 0.200090 0.420752 
1.901255 0.415000 4.707999 0.195382 0.410824 
1.898640 0.405000 4.707999 0.190674 0.400992 
1.895988 0.395000 4.707999 0.185966 0.391251 
1.893302 0.385000 4.707999 0.181258 0.381599 
1.890580 0.375000 4.707999 0.176550 0.372034 
1.887822 0.365000 4.707999 0.171842 0.362553 
1.885029 0.355000 4.707999 0.167134 0.353153 
1.882200 0.345000 4.707999 0.162426 0.343831 
1.879335 0.335000 4.707999 0.157718 0.334586 
1.874971 0.325000 4.707999 0.153010 0.320857 
1.872017 0.315000 4.707999 0.148302 0.311793 
1.869026 0.305000 4.707999 0.143594 0.302797 
1.866000 0.295000 4.707999 0.138886 0.293867 
1.861392 0.285000 4.707999 0.134178 0.280593 
1.858275 0.275000 4.707999 0.129470 0.271821 
1.855122 0.265000 4.707999 0.124762 0.263109 
1.851932 0.255000 4.707999 0.120054 0.254454 
1.847078 0.245000 4.707999 0.115346 0.241577 
1.843797 0.235000 4.707999 0.110638 0.233059 
1.840479 0.225000 4.707999 0.105930 0.224593 
1.835433 0.215000 4.707999 0.101222 0.211987 
1.832023 0.205000 4.707999 0.096514 0.203644 
1.826838 0.195000 4.707999 0.091806 0.191216 
1.823335 0.185000 4.707999 0.087098 0.182985 
1.819795 0.175000 4.707999 0.082390 0.174798 
1.814415 0.165000 4.707999 0.077682 0.162594 
1.810781 0.155000 4.707999 0.072974 0.154508 
1.805260 0.145000 4.707999 0.068266 0.142450 
1.801533 0.135000 4.707999 0.063558 0.134457 
1.795870 0.125000 4.707999 0.058850 0.122532 
1.792047 0.115000 4.707999 0.054142 0.114624 
1.786242 0.105000 4.707999 0.049434 0.102822 
1.782324 0.095000 4.707999 0.044726 0.094993 
1.776376 0.085000 4.707999 0.040018 0.083302 
1.770340 0.075000 4.707999 0.035310 0.071674 
1.766269 0.065000 4.707999 0.030602 0.063955 
1.760088 0.055000 4.707999 0.025894 0.052423 
1.755919 0.045000 4.707999 0.021186 0.044765 
1.749592 0.035000 4.707999 0.016478 0.033319 
1.743177 0.025000 4.707999 0.011770 0.021921 
1.738851 0.015000 4.707999 0.007062 0.014347 
