1.999998 9.985000 94.159974 94.018734 6.057189 
1.999998 9.975000 94.159974 93.924574 6.057189 
1.999998 9.965000 94.159974 93.830414 6.057189 
1.999998 9.955000 94.159974 93.736254 6.057189 
1.999998 9.945000 94.159974 93.642095 6.057189 
1.999998 9.935000 94.159974 93.547935 6.057189 
1.999998 9.925000 94.159974 93.453775 6.057189 
1.999998 9.915000 94.159974 93.359615 6.057189 
1.999998 9.905000 94.159974 93.265455 6.057189 
1.999998 9.895000 94.159974 93.171295 6.057189 
1.999998 9.885000 94.159974 93.077135 6.057189 
1.999998 9.875000 94.159974 92.982975 6.057189 
1.999998 9.865000 94.159974 92.888815 6.057189 
1.999998 9.855000 94.159974 92.794655 6.057189 
1.999998 9.845000 94.159974 92.700495 6.057189 
1.999998 9.835000 94.159974 92.606335 6.057189 
1.999998 9.825000 94.159974 92.512175 6.057189 
1.999998 9.815000 94.159974 92.418015 6.057189 
1.999998 9.805000 94.159974 92.323855 6.057189 
1.999998 9.795000 94.159974 92.229695 6.057189 
1.999998 9.785000 94.159974 92.135535 6.057189 
1.999998 9.775000 94.159974 92.041375 6.057189 
1.999998 9.765000 94.159974 91.947215 6.057189 
1.999998 9.755000 94.159974 91.853055 6.057189 
1.999998 9.745000 94.159974 91.758895 6.057189 
1.999998 9.735000 94.159974 91.664735 6.057189 
1.999998 9.725000 94.159974 91.570575 6.057189 
1.999998 9.715000 94.159974 91.476415 6.057189 
1.999998 9.705000 94.159974 91.382255 6.057189 
1.999998 9.695000 94.159974 91.288095 6.057189 
1.999998 9.685000 94.159974 91.193935 6.057189 
1.999998 9.675000 94.159974 91.099775 6.057189 
1.999998 9.665000 94.159974 91.005615 6.057189 
1.999998 9.655000 94.159974 90.911455 6.057189 
1.999998 9.645000 94.159974 90.817295 6.057189 
1.999998 9.635000 94.159974 90.723135 6.057189 
1.999998 9.625000 94.159974 90.628975 6.057189 
1.999998 9.615000 94.159974 90.534815 6.057189 
1.999998 9.605000 94.159974 90.440655 6.057189 
1.999998 9.595000 94.159974 90.346495 6.057189 
1.999998 9.585000 94.159974 90.252335 6.057189 
1.999998 9.575000 94.159974 90.158175 6.057189 
1.999998 9.565000 94.159974 90.064015 6.057189 
1.999998 9.555000 94.159974 89.969856 6.057189 
1.999998 9.545000 94.159974 89.875696 6.057189 
1.999998 9.535000 94.159974 89.781536 6.057189 
1.999998 9.525000 94.159974 89.687376 6.057189 
1.999998 9.515000 94.159974 89.593216 6.057189 
1.999998 9.505000 94.159974 89.499056 6.057189 
1.999998 9.495000 94.159974 89.404896 6.057189 
1.999998 9.485000 94.159974 89.310736 6.057189 
1.999998 9.475000 94.159974 89.216576 6.057189 
1.999998 9.465000 94.159974 89.122416 6.057189 
1.999998 9.455000 94.159974 89.028256 6.057189 
1.999998 9.445000 94.159974 88.934096 6.057189 
1.999998 9.435000 94.159974 88.839936 6.057189 
1.999998 9.425000 94.159974 88.745776 6.057189 
1.999998 9.415000 94.159974 88.651616 6.057189 
1.999998 9.405000 94.159974 88.557456 6.057189 
1.999998 9.395000 94.159974 88.463296 6.057189 
1.999998 9.385000 94.159974 88.369136 6.057189 
1.999998 9.375000 94.159974 88.274976 6.057189 
1.999998 9.365000 94.159974 88.180816 6.057189 
1.999998 9.355000 94.159974 88.086656 6.057189 
1.999998 9.345000 94.159974 87.992496 6.057189 
1.999998 9.335000 94.159974 87.898336 6.057189 
1.999998 9.325000 94.159974 87.804176 6.057189 
1.999998 9.315000 94.159974 87.710016 6.057189 
1.999998 9.305000 94.159974 87.615856 6.057189 
1.999998 9.295000 94.159974 87.521696 6.057189 
1.999998 9.285000 94.159974 87.427536 6.057189 
1.999998 9.275000 94.159974 87.333376 6.057189 
1.999998 9.265000 94.159974 87.239216 6.057189 
1.999998 9.255000 94.159974 87.145056 6.057189 
1.999998 9.245000 94.159974 87.050896 6.057189 
1.999998 9.235000 94.159974 86.956736 6.057189 
1.999998 9.225000 94.159974 86.862576 6.057189 
1.999998 9.215000 94.159974 86.768416 6.057189 
1.999998 9.205000 94.159974 86.674256 6.057189 
1.999998 9.195000 94.159974 86.580096 6.057189 
1.999998 9.185000 94.159974 86.485936 6.057189 
1.999998 9.175000 94.159974 86.391776 6.057189 
1.999998 9.165000 94.159974 86.297617 6.057189 
1.999998 9.155000 94.159974 86.203457 6.057189 
1.999998 9.145000 94.159974 86.109297 6.057189 
1.999998 9.135000 94.159974 86.015137 6.057189 
1.999998 9.125000 94.159974 85.920977 6.057189 
1.999998 9.115000 94.159974 85.826817 6.057189 
1.999998 9.105000 94.159974 85.732657 6.057189 
1.999998 9.095000 94.159974 85.638497 6.057189 
1.999998 9.085000 94.159974 85.544337 6.057189 
1.999998 9.075000 94.159974 85.450177 6.057189 
1.999998 9.065000 94.159974 85.356017 6.057189 
1.999998 9.055000 94.159974 85.261857 6.057189 
1.999998 9.045000 94.159974 85.167697 6.057189 
1.999998 9.035000 94.159974 85.073537 6.057189 
1.999998 9.025000 94.159974 84.979377 6.057189 
1.999998 9.015000 94.159974 84.885217 6.057189 
1.999998 9.005000 94.159974 84.791057 6.057189 
1.999998 8.995000 94.159974 84.696897 6.057189 
1.999998 8.985000 94.159974 84.602737 6.057189 
1.999998 8.975000 94.159974 84.508577 6.057189 
1.999998 8.965000 94.159974 84.414417 6.057189 
1.999998 8.955000 94.159974 84.320257 6.057189 
1.999998 8.945000 94.159974 84.226097 6.057189 
1.999998 8.935000 94.159974 84.131937 6.057189 
1.999998 8.925000 94.159974 84.037777 6.057189 
1.999998 8.915000 94.159974 83.943617 6.057189 
1.999998 8.905000 94.159974 83.849457 6.057189 
1.999998 8.895000 94.159974 83.755297 6.057189 
1.999998 8.885000 94.159974 83.661137 6.057189 
1.999998 8.875000 94.159974 83.566977 6.057189 
1.999998 8.865000 94.159974 83.472817 6.057189 
1.999998 8.855000 94.159974 83.378657 6.057189 
1.999998 8.845000 94.159974 83.284497 6.057189 
1.999998 8.835000 94.159974 83.190337 6.057189 
1.999998 8.825000 94.159974 83.096177 6.057189 
1.999998 8.815000 94.159974 83.002017 6.057189 
1.999998 8.805000 94.159974 82.907857 6.057189 
1.999998 8.795000 94.159974 82.813697 6.057189 
1.999998 8.785000 94.159974 82.719537 6.057189 
1.999998 8.775000 94.159974 82.625378 6.057189 
1.999998 8.765000 94.159974 82.531218 6.057189 
1.999998 8.755000 94.159974 82.437058 6.057189 
1.999998 8.745000 94.159974 82.342898 6.057189 
1.999998 8.735000 94.159974 82.248738 6.057189 
1.999998 8.725000 94.159974 82.154578 6.057189 
1.999998 8.715000 94.159974 82.060418 6.057189 
1.999998 8.705000 94.159974 81.966258 6.057189 
1.999998 8.695000 94.159974 81.872098 6.057189 
1.999998 8.685000 94.159974 81.777938 6.057189 
1.999998 8.675000 94.159974 81.683778 6.057189 
1.999998 8.665000 94.159974 81.589618 6.057189 
1.999998 8.655000 94.159974 81.495458 6.057189 
1.999998 8.645000 94.159974 81.401298 6.057189 
1.999998 8.635000 94.159974 81.307138 6.057189 
1.999998 8.625000 94.159974 81.212978 6.057189 
1.999998 8.615000 94.159974 81.118818 6.057189 
1.999998 8.605000 94.159974 81.024658 6.057189 
1.999998 8.595000 94.159974 80.930498 6.057189 
1.999998 8.585000 94.159974 80.836338 6.057189 
1.999998 8.575000 94.159974 80.742178 6.057189 
1.999998 8.565000 94.159974 80.648018 6.057189 
1.999998 8.555000 94.159974 80.553858 6.057189 
1.999998 8.545000 94.159974 80.459698 6.057189 
1.999998 8.535000 94.159974 80.365538 6.057189 
1.999998 8.525000 94.159974 80.271378 6.057189 
1.999998 8.515000 94.159974 80.177218 6.057189 
1.999998 8.505000 94.159974 80.083058 6.057189 
1.999998 8.495000 94.159974 79.988898 6.057189 
1.999998 8.485000 94.159974 79.894738 6.057189 
1.999998 8.475000 94.159974 79.800578 6.057189 
1.999998 8.465000 94.159974 79.706418 6.057189 
1.999998 8.455000 94.159974 79.612258 6.057189 
1.999998 8.445000 94.159974 79.518098 6.057189 
1.999998 8.435000 94.159974 79.423938 6.057189 
1.999998 8.425000 94.159974 79.329778 6.057189 
1.999998 8.415000 94.159974 79.235618 6.057189 
1.999998 8.405000 94.159974 79.141458 6.057189 
1.999998 8.395000 94.159974 79.047298 6.057189 
1.999998 8.385000 94.159974 78.953139 6.057189 
1.999998 8.375000 94.159974 78.858979 6.057189 
1.999998 8.365000 94.159974 78.764819 6.057189 
1.999998 8.355000 94.159974 78.670659 6.057189 
1.999998 8.345000 94.159974 78.576499 6.057189 
1.999998 8.335000 94.159974 78.482339 6.057189 
1.999998 8.325000 94.159974 78.388179 6.057189 
1.999998 8.315000 94.159974 78.294019 6.057189 
1.999998 8.305000 94.159974 78.199859 6.057189 
1.999998 8.295000 94.159974 78.105699 6.057189 
1.999998 8.285000 94.159974 78.011539 6.057189 
1.999998 8.275000 94.159974 77.917379 6.057189 
1.999998 8.265000 94.159974 77.823219 6.057189 
1.999998 8.255000 94.159974 77.729059 6.057189 
1.999998 8.245000 94.159974 77.634899 6.057189 
1.999998 8.235000 94.159974 77.540739 6.057189 
1.999998 8.225000 94.159974 77.446579 6.057189 
1.999998 8.215000 94.159974 77.352419 6.057189 
1.999998 8.205000 94.159974 77.258259 6.057189 
1.999998 8.195000 94.159974 77.164099 6.057189 
1.999998 8.185000 94.159974 77.069939 6.057189 
1.999998 8.175000 94.159974 76.975779 6.057189 
1.999998 8.165000 94.159974 76.881619 6.057189 
1.999998 8.155000 94.159974 76.787459 6.057189 
1.999998 8.145000 94.159974 76.693299 6.057189 
1.999998 8.135000 94.159974 76.599139 6.057189 
1.999998 8.125000 94.159974 76.504979 6.057189 
1.999998 8.115000 94.159974 76.410819 6.057189 
1.999998 8.105000 94.159974 76.316659 6.057189 
1.999998 8.095000 94.159974 76.222499 6.057189 
1.999998 8.085000 94.159974 76.128339 6.057189 
1.999998 8.075000 94.159974 76.034179 6.057189 
1.999998 8.065000 94.159974 75.940019 6.057189 
1.999998 8.055000 94.159974 75.845859 6.057189 
1.999998 8.045000 94.159974 75.751699 6.057189 
1.999998 8.035000 94.159974 75.657539 6.057189 
1.999998 8.025000 94.159974 75.563379 6.057189 
1.999998 8.015000 94.159974 75.469219 6.057189 
1.999998 8.005000 94.159974 75.375059 6.057189 
1.999998 7.995000 94.159974 75.280900 6.057189 
1.999998 7.985000 94.159974 75.186740 6.057189 
1.999998 7.975000 94.159974 75.092580 6.057189 
1.999998 7.965000 94.159974 74.998420 6.057189 
1.999998 7.955000 94.159974 74.904260 6.057189 
1.999998 7.945000 94.159974 74.810100 6.057189 
1.999998 7.935000 94.159974 74.715940 6.057189 
1.999998 7.925000 94.159974 74.621780 6.057189 
1.999998 7.915000 94.159974 74.527620 6.057189 
1.999998 7.905000 94.159974 74.433460 6.057189 
1.999998 7.895000 94.159974 74.339300 6.057189 
1.999998 7.885000 94.159974 74.245140 6.057189 
1.999998 7.875000 94.159974 74.150980 6.057189 
1.999998 7.865000 94.159974 74.056820 6.057189 
1.999998 7.855000 94.159974 73.962660 6.057189 
1.999998 7.845000 94.159974 73.868500 6.057189 
1.999998 7.835000 94.159974 73.774340 6.057189 
1.999998 7.825000 94.159974 73.680180 6.057189 
1.999998 7.815000 94.159974 73.586020 6.057189 
1.999998 7.805000 94.159974 73.491860 6.057189 
1.999998 7.795000 94.159974 73.397700 6.057189 
1.999998 7.785000 94.159974 73.303540 6.057189 
1.999998 7.775000 94.159974 73.209380 6.057189 
1.999998 7.765000 94.159974 73.115220 6.057189 
1.999998 7.755000 94.159974 73.021060 6.057189 
1.999998 7.745000 94.159974 72.926900 6.057189 
1.999998 7.735000 94.159974 72.832740 6.057189 
1.999998 7.725000 94.159974 72.738580 6.057189 
1.999998 7.715000 94.159974 72.644420 6.057189 
1.999998 7.705000 94.159974 72.550260 6.057189 
1.999998 7.695000 94.159974 72.456100 6.057189 
1.999998 7.685000 94.159974 72.361940 6.057189 
1.999998 7.675000 94.159974 72.267780 6.057189 
1.999998 7.665000 94.159974 72.173620 6.057189 
1.999998 7.655000 94.159974 72.079460 6.057189 
1.999998 7.645000 94.159974 71.985300 6.057189 
1.999998 7.635000 94.159974 71.891140 6.057189 
1.999998 7.625000 94.159974 71.796980 6.057189 
1.999998 7.615000 94.159974 71.702820 6.057189 
1.999998 7.605000 94.159974 71.608661 6.057189 
1.999998 7.595000 94.159974 71.514501 6.057189 
1.999998 7.585000 94.159974 71.420341 6.057189 
1.999998 7.575000 94.159974 71.326181 6.057189 
1.999998 7.565000 94.159974 71.232021 6.057189 
1.999998 7.555000 94.159974 71.137861 6.057189 
1.999998 7.545000 94.159974 71.043701 6.057189 
1.999998 7.535000 94.159974 70.949541 6.057189 
1.999998 7.525000 94.159974 70.855381 6.057189 
1.999998 7.515000 94.159974 70.761221 6.057189 
1.999998 7.505000 94.159974 70.667061 6.057189 
1.999998 7.495000 94.159974 70.572901 6.057189 
1.999998 7.485000 94.159974 70.478741 6.057189 
1.999998 7.475000 94.159974 70.384581 6.057189 
1.999998 7.465000 94.159974 70.290421 6.057189 
1.999998 7.455000 94.159974 70.196261 6.057189 
1.999998 7.445000 94.159974 70.102101 6.057189 
1.999998 7.435000 94.159974 70.007941 6.057189 
1.999998 7.425000 94.159974 69.913781 6.057189 
1.999998 7.415000 94.159974 69.819621 6.057189 
1.999998 7.405000 94.159974 69.725461 6.057189 
1.999998 7.395000 94.159974 69.631301 6.057189 
1.999998 7.385000 94.159974 69.537141 6.057189 
1.999998 7.375000 94.159974 69.442981 6.057189 
1.999998 7.365000 94.159974 69.348821 6.057189 
1.999998 7.355000 94.159974 69.254661 6.057189 
1.999998 7.345000 94.159974 69.160501 6.057189 
1.999998 7.335000 94.159974 69.066341 6.057189 
1.999998 7.325000 94.159974 68.972181 6.057189 
1.999998 7.315000 94.159974 68.878021 6.057189 
1.999998 7.305000 94.159974 68.783861 6.057189 
1.999998 7.295000 94.159974 68.689701 6.057189 
1.999998 7.285000 94.159974 68.595541 6.057189 
1.999998 7.275000 94.159974 68.501381 6.057189 
1.999998 7.265000 94.159974 68.407221 6.057189 
1.999998 7.255000 94.159974 68.313061 6.057189 
1.999998 7.245000 94.159974 68.218901 6.057189 
1.999998 7.235000 94.159974 68.124741 6.057189 
1.999998 7.225000 94.159974 68.030581 6.057189 
1.999998 7.215000 94.159974 67.936422 6.057189 
1.999998 7.205000 94.159974 67.842262 6.057189 
1.999998 7.195000 94.159974 67.748102 6.057189 
1.999998 7.185000 94.159974 67.653942 6.057189 
1.999998 7.175000 94.159974 67.559782 6.057189 
1.999998 7.165000 94.159974 67.465622 6.057189 
1.999998 7.155000 94.159974 67.371462 6.057189 
1.999998 7.145000 94.159974 67.277302 6.057189 
1.999998 7.135000 94.159974 67.183142 6.057189 
1.999998 7.125000 94.159974 67.088982 6.057189 
1.999998 7.115000 94.159974 66.994822 6.057189 
1.999998 7.105000 94.159974 66.900662 6.057189 
1.999998 7.095000 94.159974 66.806502 6.057189 
1.999998 7.085000 94.159974 66.712342 6.057189 
1.999998 7.075000 94.159974 66.618182 6.057189 
1.999998 7.065000 94.159974 66.524022 6.057189 
1.999998 7.055000 94.159974 66.429862 6.057189 
1.999998 7.045000 94.159974 66.335702 6.057189 
1.999998 7.035000 94.159974 66.241542 6.057189 
1.999998 7.025000 94.159974 66.147382 6.057189 
1.999998 7.015000 94.159974 66.053222 6.057189 
1.999998 7.005000 94.159974 65.959062 6.057189 
1.999998 6.995000 94.159974 65.864902 6.057189 
1.999998 6.985000 94.159974 65.770742 6.057189 
1.999998 6.975000 94.159974 65.676582 6.057189 
1.999998 6.965000 94.159974 65.582422 6.057189 
1.999998 6.955000 94.159974 65.488262 6.057189 
1.999998 6.945000 94.159974 65.394102 6.057189 
1.999998 6.935000 94.159974 65.299942 6.057189 
1.999998 6.925000 94.159974 65.205782 6.057189 
1.999998 6.915000 94.159974 65.111622 6.057189 
1.999998 6.905000 94.159974 65.017462 6.057189 
1.999998 6.895000 94.159974 64.923302 6.057189 
1.999998 6.885000 94.159974 64.829142 6.057189 
1.999998 6.875000 94.159974 64.734982 6.057189 
1.999998 6.865000 94.159974 64.640822 6.057189 
1.999998 6.855000 94.159974 64.546662 6.057189 
1.999998 6.845000 94.159974 64.452502 6.057189 
1.999998 6.835000 94.159974 64.358342 6.057189 
1.999998 6.825000 94.159974 64.264183 6.057189 
1.999998 6.815000 94.159974 64.170023 6.057189 
1.999998 6.805000 94.159974 64.075863 6.057189 
1.999998 6.795000 94.159974 63.981703 6.057189 
1.999998 6.785000 94.159974 63.887543 6.057189 
1.999998 6.775000 94.159974 63.793383 6.057189 
1.999998 6.765000 94.159974 63.699223 6.057189 
1.999998 6.755000 94.159974 63.605063 6.057189 
1.999998 6.745000 94.159974 63.510903 6.057189 
1.999998 6.735000 94.159974 63.416743 6.057189 
1.999998 6.725000 94.159974 63.322583 6.057189 
1.999998 6.715000 94.159974 63.228423 6.057189 
1.999998 6.705000 94.159974 63.134263 6.057189 
1.999998 6.695000 94.159974 63.040103 6.057189 
1.999998 6.685000 94.159974 62.945943 6.057189 
1.999998 6.675000 94.159974 62.851783 6.057189 
1.999998 6.665000 94.159974 62.757623 6.057189 
1.999998 6.655000 94.159974 62.663463 6.057189 
1.999998 6.645000 94.159974 62.569303 6.057189 
1.999998 6.635000 94.159974 62.475143 6.057189 
1.999998 6.625000 94.159974 62.380983 6.057189 
1.999998 6.615000 94.159974 62.286823 6.057189 
1.999998 6.605000 94.159974 62.192663 6.057189 
1.999998 6.595000 94.159974 62.098503 6.057189 
1.999998 6.585000 94.159974 62.004343 6.057189 
1.999998 6.575000 94.159974 61.910183 6.057189 
1.999998 6.565000 94.159974 61.816023 6.057189 
1.999998 6.555000 94.159974 61.721863 6.057189 
1.999998 6.545000 94.159974 61.627703 6.057189 
1.999998 6.535000 94.159974 61.533543 6.057189 
1.999998 6.525000 94.159974 61.439383 6.057189 
1.999998 6.515000 94.159974 61.345223 6.057189 
1.999998 6.505000 94.159974 61.251063 6.057189 
1.999998 6.495000 94.159974 61.156903 6.057189 
1.999998 6.485000 94.159974 61.062743 6.057189 
1.999998 6.475000 94.159974 60.968583 6.057189 
1.999998 6.465000 94.159974 60.874423 6.057189 
1.999998 6.455000 94.159974 60.780263 6.057189 
1.999998 6.445000 94.159974 60.686103 6.057189 
1.999998 6.435000 94.159974 60.591944 6.057189 
1.999998 6.425000 94.159974 60.497784 6.057189 
1.999998 6.415000 94.159974 60.403624 6.057189 
1.999998 6.405000 94.159974 60.309464 6.057189 
1.999998 6.395000 94.159974 60.215304 6.057189 
1.999998 6.385000 94.159974 60.121144 6.057189 
1.999998 6.375000 94.159974 60.026984 6.057189 
1.999998 6.365000 94.159974 59.932824 6.057189 
1.999998 6.355000 94.159974 59.838664 6.057189 
1.999998 6.345000 94.159974 59.744504 6.057189 
1.999998 6.335000 94.159974 59.650344 6.057189 
1.999998 6.325000 94.159974 59.556184 6.057189 
1.999998 6.315000 94.159974 59.462024 6.057189 
1.999998 6.305000 94.159974 59.367864 6.057189 
1.999998 6.295000 94.159974 59.273704 6.057189 
1.999998 6.285000 94.159974 59.179544 6.057189 
1.999998 6.275000 94.159974 59.085384 6.057189 
1.999998 6.265000 94.159974 58.991224 6.057189 
1.999998 6.255000 94.159974 58.897064 6.057189 
1.999998 6.245000 94.159974 58.802904 6.057189 
1.999998 6.235000 94.159974 58.708744 6.057189 
1.999998 6.225000 94.159974 58.614584 6.057189 
1.999998 6.215000 94.159974 58.520424 6.057189 
1.999998 6.205000 94.159974 58.426264 6.057189 
1.999998 6.195000 94.159974 58.332104 6.057189 
1.999998 6.185000 94.159974 58.237944 6.057189 
1.999998 6.175000 94.159974 58.143784 6.057189 
1.999998 6.165000 94.159974 58.049624 6.057189 
1.999998 6.155000 94.159974 57.955464 6.057189 
1.999998 6.145000 94.159974 57.861304 6.057189 
1.999998 6.135000 94.159974 57.767144 6.057189 
1.999998 6.125000 94.159974 57.672984 6.057189 
1.999998 6.115000 94.159974 57.578824 6.057189 
1.999998 6.105000 94.159974 57.484664 6.057189 
1.999998 6.095000 94.159974 57.390504 6.057189 
1.999998 6.085000 94.159974 57.296344 6.057189 
1.999998 6.075000 94.159974 57.202184 6.057189 
1.999998 6.065000 94.159974 57.108024 6.057189 
1.999989 6.055000 94.159974 57.013864 5.460508 
1.999989 6.045000 94.159974 56.919705 5.460508 
1.999989 6.035000 94.159974 56.825545 5.460508 
1.999989 6.025000 94.159974 56.731385 5.460508 
1.999989 6.015000 94.159974 56.637225 5.460508 
1.999989 6.005000 94.159974 56.543065 5.460508 
1.999989 5.995000 94.159974 56.448905 5.460508 
1.999989 5.985000 94.159974 56.354745 5.460508 
1.999989 5.975000 94.159974 56.260585 5.460508 
1.999989 5.965000 94.159974 56.166425 5.460508 
1.999989 5.955000 94.159974 56.072265 5.460508 
1.999989 5.945000 94.159974 55.978105 5.460508 
1.999989 5.935000 94.159974 55.883945 5.460508 
1.999989 5.925000 94.159974 55.789785 5.460508 
1.999989 5.915000 94.159974 55.695625 5.460508 
1.999989 5.905000 94.159974 55.601465 5.460508 
1.999989 5.895000 94.159974 55.507305 5.460508 
1.999989 5.885000 94.159974 55.413145 5.460508 
1.999989 5.875000 94.159974 55.318985 5.460508 
1.999989 5.865000 94.159974 55.224825 5.460508 
1.999989 5.855000 94.159974 55.130665 5.460508 
1.999989 5.845000 94.159974 55.036505 5.460508 
1.999989 5.835000 94.159974 54.942345 5.460508 
1.999989 5.825000 94.159974 54.848185 5.460508 
1.999989 5.815000 94.159974 54.754025 5.460508 
1.999989 5.805000 94.159974 54.659865 5.460508 
1.999989 5.795000 94.159974 54.565705 5.460508 
1.999989 5.785000 94.159974 54.471545 5.460508 
1.999989 5.775000 94.159974 54.377385 5.460508 
1.999989 5.765000 94.159974 54.283225 5.460508 
1.999989 5.755000 94.159974 54.189065 5.460508 
1.999989 5.745000 94.159974 54.094905 5.460508 
1.999989 5.735000 94.159974 54.000745 5.460508 
1.999989 5.725000 94.159974 53.906585 5.460508 
1.999989 5.715000 94.159974 53.812425 5.460508 
1.999989 5.705000 94.159974 53.718265 5.460508 
1.999989 5.695000 94.159974 53.624105 5.460508 
1.999989 5.685000 94.159974 53.529945 5.460508 
1.999989 5.675000 94.159974 53.435785 5.460508 
1.999989 5.665000 94.159974 53.341625 5.460508 
1.999989 5.655000 94.159974 53.247466 5.460508 
1.999989 5.645000 94.159974 53.153306 5.460508 
1.999989 5.635000 94.159974 53.059146 5.460508 
1.999989 5.625000 94.159974 52.964986 5.460508 
1.999989 5.615000 94.159974 52.870826 5.460508 
1.999989 5.605000 94.159974 52.776666 5.460508 
1.999989 5.595000 94.159974 52.682506 5.460508 
1.999989 5.585000 94.159974 52.588346 5.460508 
1.999989 5.575000 94.159974 52.494186 5.460508 
1.999989 5.565000 94.159974 52.400026 5.460508 
1.999989 5.555000 94.159974 52.305866 5.460508 
1.999989 5.545000 94.159974 52.211706 5.460508 
1.999989 5.535000 94.159974 52.117546 5.460508 
1.999989 5.525000 94.159974 52.023386 5.460508 
1.999989 5.515000 94.159974 51.929226 5.460508 
1.999989 5.505000 94.159974 51.835066 5.460508 
1.999989 5.495000 94.159974 51.740906 5.460508 
1.999989 5.485000 94.159974 51.646746 5.460508 
1.999989 5.475000 94.159974 51.552586 5.460508 
1.999989 5.465000 94.159974 51.458426 5.460508 
1.999971 5.455000 94.159974 51.364266 5.150758 
1.999971 5.445000 94.159974 51.270106 5.150758 
1.999971 5.435000 94.159974 51.175946 5.150758 
1.999971 5.425000 94.159974 51.081786 5.150758 
1.999971 5.415000 94.159974 50.987626 5.150758 
1.999971 5.405000 94.159974 50.893466 5.150758 
1.999971 5.395000 94.159974 50.799306 5.150758 
1.999971 5.385000 94.159974 50.705146 5.150758 
1.999971 5.375000 94.159974 50.610986 5.150758 
1.999971 5.365000 94.159974 50.516826 5.150758 
1.999971 5.355000 94.159974 50.422666 5.150758 
1.999971 5.345000 94.159974 50.328506 5.150758 
1.999971 5.335000 94.159974 50.234346 5.150758 
1.999971 5.325000 94.159974 50.140186 5.150758 
1.999971 5.315000 94.159974 50.046026 5.150758 
1.999971 5.305000 94.159974 49.951866 5.150758 
1.999971 5.295000 94.159974 49.857706 5.150758 
1.999971 5.285000 94.159974 49.763546 5.150758 
1.999971 5.275000 94.159974 49.669386 5.150758 
1.999971 5.265000 94.159974 49.575227 5.150758 
1.999971 5.255000 94.159974 49.481067 5.150758 
1.999971 5.245000 94.159974 49.386907 5.150758 
1.999971 5.235000 94.159974 49.292747 5.150758 
1.999971 5.225000 94.159974 49.198587 5.150758 
1.999971 5.215000 94.159974 49.104427 5.150758 
1.999971 5.205000 94.159974 49.010267 5.150758 
1.999971 5.195000 94.159974 48.916107 5.150758 
1.999971 5.185000 94.159974 48.821947 5.150758 
1.999971 5.175000 94.159974 48.727787 5.150758 
1.999971 5.165000 94.159974 48.633627 5.150758 
1.999971 5.155000 94.159974 48.539467 5.150758 
1.999944 5.145000 94.159974 48.445307 4.940084 
1.999944 5.135000 94.159974 48.351147 4.940084 
1.999944 5.125000 94.159974 48.256987 4.940084 
1.999944 5.115000 94.159974 48.162827 4.940084 
1.999944 5.105000 94.159974 48.068667 4.940084 
1.999944 5.095000 94.159974 47.974507 4.940084 
1.999944 5.085000 94.159974 47.880347 4.940084 
1.999944 5.075000 94.159974 47.786187 4.940084 
1.999944 5.065000 94.159974 47.692027 4.940084 
1.999944 5.055000 94.159974 47.597867 4.940084 
1.999944 5.045000 94.159974 47.503707 4.940084 
1.999944 5.035000 94.159974 47.409547 4.940084 
1.999944 5.025000 94.159974 47.315387 4.940084 
1.999944 5.015000 94.159974 47.221227 4.940084 
1.999944 5.005000 94.159974 47.127067 4.940084 
1.999944 4.995000 94.159974 47.032907 4.940084 
1.999944 4.985000 94.159974 46.938747 4.940084 
1.999944 4.975000 94.159974 46.844587 4.940084 
1.999944 4.965000 94.159974 46.750427 4.940084 
1.999944 4.955000 94.159974 46.656267 4.940084 
1.999944 4.945000 94.159974 46.562107 4.940084 
1.999910 4.935000 94.159974 46.467947 4.780233 
1.999910 4.925000 94.159974 46.373787 4.780233 
1.999910 4.915000 94.159974 46.279627 4.780233 
1.999910 4.905000 94.159974 46.185467 4.780233 
1.999910 4.895000 94.159974 46.091307 4.780233 
1.999910 4.885000 94.159974 45.997147 4.780233 
1.999910 4.875000 94.159974 45.902988 4.780233 
1.999910 4.865000 94.159974 45.808828 4.780233 
1.999910 4.855000 94.159974 45.714668 4.780233 
1.999910 4.845000 94.159974 45.620508 4.780233 
1.999910 4.835000 94.159974 45.526348 4.780233 
1.999910 4.825000 94.159974 45.432188 4.780233 
1.999910 4.815000 94.159974 45.338028 4.780233 
1.999910 4.805000 94.159974 45.243868 4.780233 
1.999910 4.795000 94.159974 45.149708 4.780233 
1.999910 4.785000 94.159974 45.055548 4.780233 
1.999867 4.775000 94.159974 44.961388 4.651385 
1.999867 4.765000 94.159974 44.867228 4.651385 
1.999867 4.755000 94.159974 44.773068 4.651385 
1.999867 4.745000 94.159974 44.678908 4.651385 
1.999867 4.735000 94.159974 44.584748 4.651385 
1.999867 4.725000 94.159974 44.490588 4.651385 
1.999867 4.715000 94.159974 44.396428 4.651385 
1.999867 4.705000 94.159974 44.302268 4.651385 
1.999867 4.695000 94.159974 44.208108 4.651385 
1.999867 4.685000 94.159974 44.113948 4.651385 
1.999867 4.675000 94.159974 44.019788 4.651385 
1.999867 4.665000 94.159974 43.925628 4.651385 
1.999867 4.655000 94.159974 43.831468 4.651385 
1.999816 4.645000 94.159974 43.737308 4.543442 
1.999816 4.635000 94.159974 43.643148 4.543442 
1.999816 4.625000 94.159974 43.548988 4.543442 
1.999816 4.615000 94.159974 43.454828 4.543442 
1.999816 4.605000 94.159974 43.360668 4.543442 
1.999816 4.595000 94.159974 43.266508 4.543442 
1.999816 4.585000 94.159974 43.172348 4.543442 
1.999816 4.575000 94.159974 43.078188 4.543442 
1.999816 4.565000 94.159974 42.984028 4.543442 
1.999816 4.555000 94.159974 42.889868 4.543442 
1.999816 4.545000 94.159974 42.795708 4.543442 
1.999757 4.535000 94.159974 42.701548 4.450557 
1.999757 4.525000 94.159974 42.607388 4.450557 
1.999757 4.515000 94.159974 42.513228 4.450557 
1.999757 4.505000 94.159974 42.419068 4.450557 
1.999757 4.495000 94.159974 42.324908 4.450557 
1.999757 4.485000 94.159974 42.230749 4.450557 
1.999757 4.475000 94.159974 42.136589 4.450557 
1.999757 4.465000 94.159974 42.042429 4.450557 
1.999757 4.455000 94.159974 41.948269 4.450557 
1.999689 4.445000 94.159974 41.854109 4.369034 
1.999689 4.435000 94.159974 41.759949 4.369034 
1.999689 4.425000 94.159974 41.665789 4.369034 
1.999689 4.415000 94.159974 41.571629 4.369034 
1.999689 4.405000 94.159974 41.477469 4.369034 
1.999689 4.395000 94.159974 41.383309 4.369034 
1.999689 4.385000 94.159974 41.289149 4.369034 
1.999689 4.375000 94.159974 41.194989 4.369034 
1.999614 4.365000 94.159974 41.100829 4.296394 
1.999614 4.355000 94.159974 41.006669 4.296394 
1.999614 4.345000 94.159974 40.912509 4.296394 
1.999614 4.335000 94.159974 40.818349 4.296394 
1.999614 4.325000 94.159974 40.724189 4.296394 
1.999614 4.315000 94.159974 40.630029 4.296394 
1.999614 4.305000 94.159974 40.535869 4.296394 
1.999530 4.295000 94.159974 40.441709 4.230886 
1.999530 4.285000 94.159974 40.347549 4.230886 
1.999530 4.275000 94.159974 40.253389 4.230886 
1.999530 4.265000 94.159974 40.159229 4.230886 
1.999530 4.255000 94.159974 40.065069 4.230886 
1.999530 4.245000 94.159974 39.970909 4.230886 
1.999530 4.235000 94.159974 39.876749 4.230886 
1.999437 4.225000 94.159974 39.782589 4.171233 
1.999437 4.215000 94.159974 39.688429 4.171233 
1.999437 4.205000 94.159974 39.594269 4.171233 
1.999437 4.195000 94.159974 39.500109 4.171233 
1.999437 4.185000 94.159974 39.405949 4.171233 
1.999437 4.175000 94.159974 39.311789 4.171233 
1.999337 4.165000 94.159974 39.217629 4.116472 
1.999337 4.155000 94.159974 39.123469 4.116472 
1.999337 4.145000 94.159974 39.029309 4.116472 
1.999337 4.135000 94.159974 38.935149 4.116472 
1.999337 4.125000 94.159974 38.840989 4.116472 
1.999228 4.115000 94.159974 38.746829 4.065860 
1.999228 4.105000 94.159974 38.652669 4.065860 
1.999228 4.095000 94.159974 38.558510 4.065860 
1.999228 4.085000 94.159974 38.464350 4.065860 
1.999228 4.075000 94.159974 38.370190 4.065860 
1.999111 4.065000 94.159974 38.276030 4.018810 
1.999111 4.055000 94.159974 38.181870 4.018810 
1.999111 4.045000 94.159974 38.087710 4.018810 
1.999111 4.035000 94.159974 37.993550 4.018810 
1.999111 4.025000 94.159974 37.899390 4.018810 
1.998986 4.015000 94.159974 37.805230 3.974853 
1.998986 4.005000 94.159974 37.711070 3.974853 
1.998986 3.995000 94.159974 37.616910 3.974853 
1.998986 3.985000 94.159974 37.522750 3.974853 
1.998986 3.975000 94.159974 37.428590 3.974853 
1.998853 3.965000 94.159974 37.334430 3.933606 
1.998853 3.955000 94.159974 37.240270 3.933606 
1.998853 3.945000 94.159974 37.146110 3.933606 
1.998853 3.935000 94.159974 37.051950 3.933606 
1.998711 3.925000 94.159974 36.957790 3.894752 
1.998711 3.915000 94.159974 36.863630 3.894752 
1.998711 3.905000 94.159974 36.769470 3.894752 
1.998711 3.895000 94.159974 36.675310 3.894752 
1.998561 3.885000 94.159974 36.581150 3.858028 
1.998561 3.875000 94.159974 36.486990 3.858028 
1.998561 3.865000 94.159974 36.392830 3.858028 
1.998403 3.855000 94.159974 36.298670 3.823211 
1.998403 3.845000 94.159974 36.204510 3.823211 
1.998403 3.835000 94.159974 36.110350 3.823211 
1.998403 3.825000 94.159974 36.016190 3.823211 
1.998236 3.815000 94.159974 35.922030 3.790112 
1.998236 3.805000 94.159974 35.827870 3.790112 
1.998236 3.795000 94.159974 35.733710 3.790112 
1.998062 3.785000 94.159974 35.639550 3.758569 
1.998062 3.775000 94.159974 35.545390 3.758569 
1.998062 3.765000 94.159974 35.451230 3.758569 
1.997879 3.755000 94.159974 35.357070 3.728440 
1.997879 3.745000 94.159974 35.262910 3.728440 
1.997879 3.735000 94.159974 35.168750 3.728440 
1.997688 3.725000 94.159974 35.074590 3.699604 
1.997688 3.715000 94.159974 34.980430 3.699604 
1.997688 3.705000 94.159974 34.886271 3.699604 
1.997488 3.695000 94.159974 34.792111 3.671953 
1.997488 3.685000 94.159974 34.697951 3.671953 
1.997488 3.675000 94.159974 34.603791 3.671953 
1.997281 3.665000 94.159974 34.509631 3.645393 
1.997281 3.655000 94.159974 34.415471 3.645393 
1.997065 3.645000 94.159974 34.321311 3.619840 
1.997065 3.635000 94.159974 34.227151 3.619840 
1.997065 3.625000 94.159974 34.132991 3.619840 
1.996841 3.615000 94.159974 34.038831 3.595220 
1.996841 3.605000 94.159974 33.944671 3.595220 
1.996608 3.595000 94.159974 33.850511 3.571466 
1.996608 3.585000 94.159974 33.756351 3.571466 
1.996608 3.575000 94.159974 33.662191 3.571466 
1.996368 3.565000 94.159974 33.568031 3.548519 
1.996368 3.555000 94.159974 33.473871 3.548519 
1.996119 3.545000 94.159974 33.379711 3.526324 
1.996119 3.535000 94.159974 33.285551 3.526324 
1.995861 3.525000 94.159974 33.191391 3.504835 
1.995861 3.515000 94.159974 33.097231 3.504835 
1.995861 3.505000 94.159974 33.003071 3.504835 
1.995596 3.495000 94.159974 32.908911 3.484005 
1.995596 3.485000 94.159974 32.814751 3.484005 
1.995322 3.475000 94.159974 32.720591 3.463797 
1.995322 3.465000 94.159974 32.626431 3.463797 
1.995040 3.455000 94.159974 32.532271 3.444172 
1.995040 3.445000 94.159974 32.438111 3.444172 
1.994750 3.435000 94.159974 32.343951 3.425097 
1.994451 3.425000 94.159974 32.249791 3.406542 
1.994451 3.415000 94.159974 32.155631 3.406542 
1.994145 3.405000 94.159974 32.061471 3.388480 
1.994145 3.395000 94.159974 31.967311 3.388480 
1.993830 3.385000 94.159974 31.873151 3.370882 
1.993830 3.375000 94.159974 31.778991 3.370882 
1.993506 3.365000 94.159974 31.684831 3.353727 
1.993506 3.355000 94.159974 31.590671 3.353727 
1.993175 3.345000 94.159974 31.496511 3.336991 
1.992835 3.335000 94.159974 31.402351 3.320655 
1.992835 3.325000 94.159974 31.308191 3.320655 
1.992487 3.315000 94.159974 31.214032 3.304698 
1.992487 3.305000 94.159974 31.119872 3.304698 
1.992130 3.295000 94.159974 31.025712 3.289103 
1.991766 3.285000 94.159974 30.931552 3.273855 
1.991766 3.275000 94.159974 30.837392 3.273855 
1.991393 3.265000 94.159974 30.743232 3.258936 
1.991011 3.255000 94.159974 30.649072 3.244333 
1.991011 3.245000 94.159974 30.554912 3.244333 
1.990622 3.235000 94.159974 30.460752 3.230032 
1.990224 3.225000 94.159974 30.366592 3.216020 
1.989818 3.215000 94.159974 30.272432 3.202287 
1.989818 3.205000 94.159974 30.178272 3.202287 
1.989403 3.195000 94.159974 30.084112 3.188819 
1.988981 3.185000 94.159974 29.989952 3.175607 
1.988550 3.175000 94.159974 29.895792 3.162641 
1.988550 3.165000 94.159974 29.801632 3.162641 
1.988110 3.155000 94.159974 29.707472 3.149912 
1.987663 3.145000 94.159974 29.613312 3.137410 
1.987207 3.135000 94.159974 29.519152 3.125127 
1.986742 3.125000 94.159974 29.424992 3.113055 
1.986742 3.115000 94.159974 29.330832 3.113055 
1.986270 3.105000 94.159974 29.236672 3.101187 
1.985789 3.095000 94.159974 29.142512 3.089516 
1.985300 3.085000 94.159974 29.048352 3.078035 
1.984802 3.075000 94.159974 28.954192 3.066737 
1.984296 3.065000 94.159974 28.860032 3.055616 
1.983782 3.055000 94.159974 28.765872 3.044667 
1.983782 3.045000 94.159974 28.671712 3.044667 
1.983260 3.035000 94.159974 28.577552 3.033883 
1.982729 3.025000 94.159974 28.483392 3.023260 
1.982190 3.015000 94.159974 28.389232 3.012793 
1.981642 3.005000 94.159974 28.295072 3.002476 
1.981087 2.995000 94.159974 28.200912 2.992306 
1.980522 2.985000 94.159974 28.106752 2.982277 
1.979950 2.975000 94.159974 28.012592 2.972386 
1.979369 2.965000 94.159974 27.918432 2.962628 
1.978780 2.955000 94.159974 27.824272 2.953000 
1.978182 2.945000 94.159974 27.730112 2.943497 
1.977577 2.935000 94.159974 27.635952 2.934117 
1.976962 2.925000 94.159974 27.541793 2.924856 
1.975709 2.915000 94.159974 27.447633 2.906678 
1.975069 2.905000 94.159974 27.353473 2.897755 
1.974422 2.895000 94.159974 27.259313 2.888939 
1.973766 2.885000 94.159974 27.165153 2.880226 
1.973101 2.875000 94.159974 27.070993 2.871614 
1.972428 2.865000 94.159974 26.976833 2.863101 
1.971747 2.855000 94.159974 26.882673 2.854684 
1.970359 2.845000 94.159974 26.788513 2.838129 
1.969653 2.835000 94.159974 26.694353 2.829986 
1.968938 2.825000 94.159974 26.600193 2.821930 
1.968215 2.815000 94.159974 26.506033 2.813959 
1.966743 2.805000 94.159974 26.411873 2.798263 
1.965995 2.795000 94.159974 26.317713 2.790534 
1.965238 2.785000 94.159974 26.223553 2.782883 
1.963699 2.775000 94.159974 26.129393 2.767805 
1.962916 2.765000 94.159974 26.035233 2.760374 
1.962126 2.755000 94.159974 25.941073 2.753015 
1.960519 2.745000 94.159974 25.846913 2.738500 
1.959703 2.735000 94.159974 25.752753 2.731342 
1.958879 2.725000 94.159974 25.658593 2.724249 
1.957204 2.715000 94.159974 25.564433 2.710251 
1.956355 2.705000 94.159974 25.470273 2.703343 
1.954629 2.695000 94.159974 25.376113 2.689704 
1.953754 2.685000 94.159974 25.281953 2.682970 
1.951978 2.675000 94.159974 25.187793 2.669669 
1.951077 2.665000 94.159974 25.093633 2.663099 
1.949250 2.655000 94.159974 24.999473 2.650115 
1.948324 2.645000 94.159974 24.905313 2.643699 
1.946446 2.635000 94.159974 24.811153 2.631015 
1.945494 2.625000 94.159974 24.716993 2.624744 
1.943564 2.615000 94.159974 24.622833 2.612342 
1.941601 2.605000 94.159974 24.528673 2.600120 
1.940606 2.595000 94.159974 24.434513 2.594074 
1.938591 2.585000 94.159974 24.340353 2.582109 
1.936542 2.575000 94.159974 24.246193 2.570307 
1.935505 2.565000 94.159974 24.152033 2.564465 
1.933404 2.555000 94.159974 24.057873 2.552898 
1.931269 2.545000 94.159974 23.963713 2.541480 
1.929099 2.535000 94.159974 23.869554 2.530207 
1.928001 2.525000 94.159974 23.775394 2.524623 
1.925780 2.515000 94.159974 23.681234 2.513556 
1.923523 2.505000 94.159974 23.587074 2.502622 
1.921233 2.495000 94.159974 23.492914 2.491816 
1.918907 2.485000 94.159974 23.398754 2.481134 
1.916547 2.475000 94.159974 23.304594 2.470571 
1.914152 2.465000 94.159974 23.210434 2.460123 
1.912942 2.455000 94.159974 23.116274 2.454942 
1.910494 2.445000 94.159974 23.022114 2.444661 
1.908012 2.435000 94.159974 22.927954 2.434486 
1.905495 2.425000 94.159974 22.833794 2.424415 
1.902942 2.415000 94.159974 22.739634 2.414443 
1.900355 2.405000 94.159974 22.645474 2.404569 
1.897732 2.395000 94.159974 22.551314 2.394787 
1.893732 2.385000 94.159974 22.457154 2.380285 
1.891021 2.375000 94.159974 22.362994 2.370725 
1.888275 2.365000 94.159974 22.268834 2.361249 
1.885493 2.355000 94.159974 22.174674 2.351855 
1.882676 2.345000 94.159974 22.080514 2.342539 
1.879823 2.335000 94.159974 21.986354 2.333300 
1.876934 2.325000 94.159974 21.892194 2.324135 
1.872534 2.315000 94.159974 21.798034 2.310521 
1.869556 2.305000 94.159974 21.703874 2.301531 
1.866542 2.295000 94.159974 21.609714 2.292608 
1.863491 2.285000 94.159974 21.515554 2.283749 
1.860405 2.275000 94.159974 21.421394 2.274953 
1.855708 2.265000 94.159974 21.327234 2.261872 
1.852531 2.255000 94.159974 21.233074 2.253224 
1.849318 2.245000 94.159974 21.138914 2.244632 
1.844430 2.235000 94.159974 21.044754 2.231846 
1.841126 2.225000 94.159974 20.950594 2.223387 
1.837785 2.215000 94.159974 20.856434 2.214978 
1.832705 2.205000 94.159974 20.762274 2.202456 
1.829272 2.195000 94.159974 20.668114 2.194166 
1.824053 2.185000 94.159974 20.573954 2.181816 
1.820528 2.175000 94.159974 20.479794 2.173637 
1.815170 2.165000 94.159974 20.385634 2.161445 
1.811551 2.155000 94.159974 20.291474 2.153366 
1.806053 2.145000 94.159974 20.197315 2.141320 
1.802341 2.135000 94.159974 20.103155 2.133335 
1.796702 2.125000 94.159974 20.008995 2.121423 
1.792895 2.115000 94.159974 19.914835 2.113524 
1.787115 2.105000 94.159974 19.820675 2.101735 
1.783213 2.095000 94.159974 19.726515 2.093914 
1.777289 2.085000 94.159974 19.632355 2.082238 
1.773292 2.075000 94.159974 19.538195 2.074488 
1.767225 2.065000 94.159974 19.444035 2.062914 
1.761070 2.055000 94.159974 19.349875 2.051396 
1.756919 2.045000 94.159974 19.255715 2.043747 
1.750619 2.035000 94.159974 19.161555 2.032317 
1.746370 2.025000 94.159974 19.067395 2.024723 
1.739923 2.015000 94.159974 18.973235 2.013370 
1.733388 2.005000 94.159974 18.879075 2.002060 
1.728982 1.995000 94.159974 18.784915 1.994542 
1.722298 1.985000 94.159974 18.690755 1.983296 
1.715525 1.975000 94.159974 18.596595 1.972084 
1.710959 1.965000 94.159974 18.502435 1.964627 
1.704035 1.955000 94.159974 18.408275 1.953467 
1.697020 1.945000 94.159974 18.314115 1.942333 
1.692293 1.935000 94.159974 18.219955 1.934924 
1.685125 1.925000 94.159974 18.125795 1.923830 
1.677866 1.915000 94.159974 18.031635 1.912754 
1.670514 1.905000 94.159974 17.937475 1.901695 
1.665560 1.895000 94.159974 17.843315 1.894331 
1.658053 1.885000 94.159974 17.749155 1.883295 
1.650451 1.875000 94.159974 17.654995 1.872268 
1.645330 1.865000 94.159974 17.560835 1.864921 
1.637570 1.855000 94.159974 17.466675 1.853905 
1.629715 1.845000 94.159974 17.372515 1.842892 
1.621764 1.835000 94.159974 17.278355 1.831879 
1.616409 1.825000 94.159974 17.184195 1.824536 
1.608296 1.815000 94.159974 17.090035 1.813518 
1.600086 1.805000 94.159974 16.995875 1.802494 
1.591777 1.795000 94.159974 16.901715 1.791460 
1.586182 1.785000 94.159974 16.807555 1.784099 
1.577708 1.775000 94.159974 16.713395 1.773045 
1.569134 1.765000 94.159974 16.619235 1.761975 
1.563362 1.755000 94.159974 16.525076 1.754585 
1.554620 1.745000 94.159974 16.430916 1.743483 
1.545775 1.735000 94.159974 16.336756 1.732359 
1.539822 1.725000 94.159974 16.242596 1.724929 
1.530807 1.715000 94.159974 16.148436 1.713761 
1.521687 1.705000 94.159974 16.054276 1.702563 
1.512463 1.695000 94.159974 15.960116 1.691333 
1.506256 1.685000 94.159974 15.865956 1.683827 
1.496856 1.675000 94.159974 15.771796 1.672537 
1.490530 1.665000 94.159974 15.677636 1.664989 
1.480951 1.655000 94.159974 15.583476 1.653631 
1.471265 1.645000 94.159974 15.489316 1.642230 
1.464747 1.635000 94.159974 15.395156 1.634603 
1.454878 1.625000 94.159974 15.300996 1.623121 
1.444899 1.615000 94.159974 15.206836 1.611587 
1.438185 1.605000 94.159974 15.112676 1.603867 
1.428020 1.595000 94.159974 15.018516 1.592240 
1.421181 1.585000 94.159974 14.924356 1.584455 
1.410827 1.575000 94.159974 14.830196 1.572725 
1.403860 1.565000 94.159974 14.736036 1.564869 
1.393315 1.555000 94.159974 14.641876 1.553028 
1.382653 1.545000 94.159974 14.547716 1.541116 
1.375480 1.535000 94.159974 14.453556 1.533133 
1.364622 1.525000 94.159974 14.359396 1.521095 
1.357317 1.515000 94.159974 14.265236 1.513024 
1.349958 1.505000 94.159974 14.171076 1.504917 
1.338820 1.495000 94.159974 14.076916 1.492685 
1.331327 1.485000 94.159974 13.982756 1.484480 
1.319984 1.475000 94.159974 13.888596 1.472096 
1.312354 1.465000 94.159974 13.794436 1.463787 
1.300804 1.455000 94.159974 13.700276 1.451240 
1.293034 1.445000 94.159974 13.606116 1.442819 
1.285207 1.435000 94.159974 13.511956 1.434350 
1.273361 1.425000 94.159974 13.417796 1.421555 
1.265391 1.415000 94.159974 13.323636 1.412961 
1.257363 1.405000 94.159974 13.229476 1.404316 
1.245212 1.395000 94.159974 13.135316 1.391248 
1.237037 1.385000 94.159974 13.041156 1.382465 
1.228803 1.375000 94.159974 12.946996 1.373626 
1.220509 1.365000 94.159974 12.852837 1.364728 
1.207955 1.355000 94.159974 12.758677 1.351266 
1.199509 1.345000 94.159974 12.664517 1.342212 
1.191001 1.335000 94.159974 12.570357 1.333094 
1.182431 1.325000 94.159974 12.476197 1.323909 
1.173798 1.315000 94.159974 12.382037 1.314655 
1.160730 1.305000 94.159974 12.287877 1.300641 
1.151938 1.295000 94.159974 12.193717 1.291207 
1.143081 1.285000 94.159974 12.099557 1.281697 
1.134159 1.275000 94.159974 12.005397 1.272109 
1.125172 1.265000 94.159974 11.911237 1.262441 
1.116118 1.255000 94.159974 11.817077 1.252691 
1.106996 1.245000 94.159974 11.722917 1.242856 
1.097808 1.235000 94.159974 11.628757 1.232934 
1.088551 1.225000 94.159974 11.534597 1.222922 
1.079225 1.215000 94.159974 11.440437 1.212818 
1.069829 1.205000 94.159974 11.346277 1.202619 
1.060363 1.195000 94.159974 11.252117 1.192322 
1.050826 1.185000 94.159974 11.157957 1.181924 
1.041217 1.175000 94.159974 11.063797 1.171423 
1.031536 1.165000 94.159974 10.969637 1.160814 
1.021782 1.155000 94.159974 10.875477 1.150096 
1.016877 1.145000 94.159974 10.781317 1.144694 
1.007011 1.135000 94.159974 10.687157 1.133804 
0.997070 1.125000 94.159974 10.592997 1.122795 
0.987053 1.115000 94.159974 10.498837 1.111663 
0.976960 1.105000 94.159974 10.404677 1.100405 
0.971884 1.095000 94.159974 10.310517 1.094728 
0.961673 1.085000 94.159974 10.216357 1.083272 
0.951383 1.075000 94.159974 10.122197 1.071680 
0.941013 1.065000 94.159974 10.028037 1.059946 
0.935798 1.055000 94.159974 9.933877 1.054025 
0.925306 1.045000 94.159974 9.839717 1.042070 
0.914732 1.035000 94.159974 9.745557 1.029961 
0.909413 1.025000 94.159974 9.651397 1.023848 
0.898713 1.015000 94.159974 9.557237 1.011499 
0.887928 1.005000 94.159974 9.463077 0.998984 
0.882503 0.995000 94.159974 9.368917 0.992661 
0.871589 0.985000 94.159974 9.274757 0.979883 
0.866098 0.975000 94.159974 9.180598 0.973427 
0.855051 0.965000 94.159974 9.086438 0.960373 
0.849494 0.955000 94.159974 8.992278 0.953774 
0.838312 0.945000 94.159974 8.898118 0.940428 
0.832687 0.935000 94.159974 8.803958 0.933679 
0.821366 0.925000 94.159974 8.709798 0.920026 
0.815671 0.915000 94.159974 8.615638 0.913118 
0.804211 0.905000 94.159974 8.521478 0.899138 
0.798444 0.895000 94.159974 8.427318 0.892063 
0.792654 0.885000 94.159974 8.333158 0.884930 
0.781000 0.875000 94.159974 8.238998 0.870484 
0.775137 0.865000 94.159974 8.144838 0.863169 
0.763335 0.855000 94.159974 8.050678 0.848348 
0.757396 0.845000 94.159974 7.956518 0.840840 
0.751432 0.835000 94.159974 7.862358 0.833265 
0.739426 0.825000 94.159974 7.768198 0.817908 
0.733385 0.815000 94.159974 7.674038 0.810123 
0.727317 0.805000 94.159974 7.579878 0.802265 
0.721223 0.795000 94.159974 7.485718 0.794332 
0.708953 0.785000 94.159974 7.391558 0.778236 
0.702778 0.775000 94.159974 7.297398 0.770069 
0.696576 0.765000 94.159974 7.203238 0.761821 
0.690346 0.755000 94.159974 7.109078 0.753489 
0.677802 0.745000 94.159974 7.014918 0.736567 
0.671487 0.735000 94.159974 6.920758 0.727972 
0.665144 0.725000 94.159974 6.826598 0.719286 
0.658772 0.715000 94.159974 6.732438 0.710506 
0.652371 0.705000 94.159974 6.638278 0.701629 
0.645940 0.695000 94.159974 6.544118 0.692654 
0.639480 0.685000 94.159974 6.449958 0.683577 
0.632989 0.675000 94.159974 6.355798 0.674397 
0.619917 0.665000 94.159974 6.261638 0.655714 
0.613335 0.655000 94.159974 6.167478 0.646206 
0.606722 0.645000 94.159974 6.073318 0.636582 
0.600077 0.635000 94.159974 5.979158 0.626840 
0.593400 0.625000 94.159974 5.884998 0.616977 
0.586691 0.615000 94.159974 5.790838 0.606988 
0.579950 0.605000 94.159974 5.696678 0.596871 
0.573175 0.595000 94.159974 5.602518 0.586621 
0.566368 0.585000 94.159974 5.508359 0.576236 
0.559527 0.575000 94.159974 5.414199 0.565710 
0.552652 0.565000 94.159974 5.320039 0.555040 
0.545742 0.555000 94.159974 5.225879 0.544221 
0.545742 0.545000 94.159974 5.131719 0.544221 
0.538798 0.535000 94.159974 5.037559 0.533249 
0.531819 0.525000 94.159974 4.943399 0.522119 
0.524804 0.515000 94.159974 4.849239 0.510826 
0.517753 0.505000 94.159974 4.755079 0.499364 
0.510666 0.495000 94.159974 4.660919 0.487729 
0.503542 0.485000 94.159974 4.566759 0.475914 
0.496380 0.475000 94.159974 4.472599 0.463913 
0.496380 0.465000 94.159974 4.378439 0.463913 
0.489181 0.455000 94.159974 4.284279 0.451721 
0.481944 0.445000 94.159974 4.190119 0.439329 
0.474668 0.435000 94.159974 4.095959 0.426732 
0.467353 0.425000 94.159974 4.001799 0.413922 
0.467353 0.415000 94.159974 3.907639 0.413922 
0.459998 0.405000 94.159974 3.813479 0.400890 
0.452603 0.395000 94.159974 3.719319 0.387630 
0.445167 0.385000 94.159974 3.625159 0.374131 
0.445167 0.375000 94.159974 3.530999 0.374131 
0.437690 0.365000 94.159974 3.436839 0.360385 
0.430171 0.355000 94.159974 3.342679 0.346382 
0.422609 0.345000 94.159974 3.248519 0.332111 
0.422609 0.335000 94.159974 3.154359 0.332111 
0.415005 0.325000 94.159974 3.060199 0.317562 
0.407356 0.315000 94.159974 2.966039 0.302723 
0.407356 0.305000 94.159974 2.871879 0.302723 
0.399663 0.295000 94.159974 2.777719 0.287582 
0.391925 0.285000 94.159974 2.683559 0.272124 
0.391925 0.275000 94.159974 2.589399 0.272124 
0.384142 0.265000 94.159974 2.495239 0.256337 
0.376312 0.255000 94.159974 2.401079 0.240206 
0.376312 0.245000 94.159974 2.306919 0.240206 
0.368434 0.235000 94.159974 2.212759 0.223713 
0.368434 0.225000 94.159974 2.118599 0.223713 
0.360509 0.215000 94.159974 2.024439 0.206843 
0.352535 0.205000 94.159974 1.930279 0.189575 
0.352535 0.195000 94.159974 1.836120 0.189575 
0.344512 0.185000 94.159974 1.741960 0.171892 
0.344512 0.175000 94.159974 1.647800 0.171892 
0.336438 0.165000 94.159974 1.553640 0.153771 
0.336438 0.155000 94.159974 1.459480 0.153771 
0.328313 0.145000 94.159974 1.365320 0.135189 
0.320136 0.135000 94.159974 1.271160 0.116122 
0.320136 0.125000 94.159974 1.177000 0.116122 
0.311906 0.115000 94.159974 1.082840 0.096542 
0.311906 0.105000 94.159974 0.988680 0.096542 
0.303622 0.095000 94.159974 0.894520 0.076421 
0.303622 0.085000 94.159974 0.800360 0.076421 
0.295283 0.075000 94.159974 0.706200 0.055728 
0.295283 0.065000 94.159974 0.612040 0.055728 
0.286888 0.055000 94.159974 0.517880 0.034427 
0.286888 0.045000 94.159974 0.423720 0.034427 
0.286888 0.035000 94.159974 0.329560 0.034427 
0.278435 0.025000 94.159974 0.235400 0.012482 
0.278435 0.015000 94.159974 0.141240 0.012482 
