2.000000 9.985000 0.470800 0.470094 -1.031774 
2.000000 9.975000 0.470800 0.469623 -1.031774 
2.000000 9.965000 0.470800 0.469152 -1.031774 
2.000000 9.955000 0.470800 0.468681 -1.031774 
2.000000 9.945000 0.470800 0.468210 -1.031774 
2.000000 9.935000 0.470800 0.467740 -1.031774 
2.000000 9.925000 0.470800 0.467269 -1.031774 
2.000000 9.915000 0.470800 0.466798 -1.031774 
2.000000 9.905000 0.470800 0.466327 -1.031774 
2.000000 9.895000 0.470800 0.465856 -1.031774 
2.000000 9.885000 0.470800 0.465386 -1.031774 
2.000000 9.875000 0.470800 0.464915 -1.031774 
2.000000 9.865000 0.470800 0.464444 -1.031774 
2.000000 9.855000 0.470800 0.463973 -1.031774 
2.000000 9.845000 0.470800 0.463502 -1.031774 
2.000000 9.835000 0.470800 0.463032 -1.031774 
2.000000 9.825000 0.470800 0.462561 -1.031774 
2.000000 9.815000 0.470800 0.462090 -1.031774 
2.000000 9.805000 0.470800 0.461619 -1.031774 
2.000000 9.795000 0.470800 0.461148 -1.031774 
2.000000 9.785000 0.470800 0.460678 -1.031774 
2.000000 9.775000 0.470800 0.460207 -1.031774 
2.000000 9.765000 0.470800 0.459736 -1.031774 
2.000000 9.755000 0.470800 0.459265 -1.031774 
2.000000 9.745000 0.470800 0.458794 -1.031774 
2.000000 9.735000 0.470800 0.458324 -1.031774 
2.000000 9.725000 0.470800 0.457853 -1.031774 
2.000000 9.715000 0.470800 0.457382 -1.031774 
2.000000 9.705000 0.470800 0.456911 -1.031774 
2.000000 9.695000 0.470800 0.456440 -1.031774 
2.000000 9.685000 0.470800 0.455970 -1.031774 
2.000000 9.675000 0.470800 0.455499 -1.031774 
2.000000 9.665000 0.470800 0.455028 -1.031774 
2.000000 9.655000 0.470800 0.454557 -1.031774 
2.000000 9.645000 0.470800 0.454086 -1.031774 
2.000000 9.635000 0.470800 0.453616 -1.031774 
2.000000 9.625000 0.470800 0.453145 -1.031774 
2.000000 9.615000 0.470800 0.452674 -1.031774 
2.000000 9.605000 0.470800 0.452203 -1.031774 
2.000000 9.595000 0.470800 0.451732 -1.031774 
2.000000 9.585000 0.470800 0.451262 -1.031774 
2.000000 9.575000 0.470800 0.450791 -1.031774 
2.000000 9.565000 0.470800 0.450320 -1.031774 
2.000000 9.555000 0.470800 0.449849 -1.031774 
2.000000 9.545000 0.470800 0.449378 -1.031774 
2.000000 9.535000 0.470800 0.448908 -1.031774 
2.000000 9.525000 0.470800 0.448437 -1.031774 
2.000000 9.515000 0.470800 0.447966 -1.031774 
2.000000 9.505000 0.470800 0.447495 -1.031774 
2.000000 9.495000 0.470800 0.447024 -1.031774 
2.000000 9.485000 0.470800 0.446554 -1.031774 
2.000000 9.475000 0.470800 0.446083 -1.031774 
2.000000 9.465000 0.470800 0.445612 -1.031774 
2.000000 9.455000 0.470800 0.445141 -1.031774 
2.000000 9.445000 0.470800 0.444670 -1.031774 
2.000000 9.435000 0.470800 0.444200 -1.031774 
2.000000 9.425000 0.470800 0.443729 -1.031774 
2.000000 9.415000 0.470800 0.443258 -1.031774 
2.000000 9.405000 0.470800 0.442787 -1.031774 
2.000000 9.395000 0.470800 0.442316 -1.031774 
2.000000 9.385000 0.470800 0.441846 -1.031774 
2.000000 9.375000 0.470800 0.441375 -1.031774 
2.000000 9.365000 0.470800 0.440904 -1.031774 
2.000000 9.355000 0.470800 0.440433 -1.031774 
2.000000 9.345000 0.470800 0.439962 -1.031774 
2.000000 9.335000 0.470800 0.439492 -1.031774 
2.000000 9.325000 0.470800 0.439021 -1.031774 
2.000000 9.315000 0.470800 0.438550 -1.031774 
2.000000 9.305000 0.470800 0.438079 -1.031774 
2.000000 9.295000 0.470800 0.437608 -1.031774 
2.000000 9.285000 0.470800 0.437138 -1.031774 
2.000000 9.275000 0.470800 0.436667 -1.031774 
2.000000 9.265000 0.470800 0.436196 -1.031774 
2.000000 9.255000 0.470800 0.435725 -1.031774 
2.000000 9.245000 0.470800 0.435254 -1.031774 
2.000000 9.235000 0.470800 0.434784 -1.031774 
2.000000 9.225000 0.470800 0.434313 -1.031774 
2.000000 9.215000 0.470800 0.433842 -1.031774 
2.000000 9.205000 0.470800 0.433371 -1.031774 
2.000000 9.195000 0.470800 0.432900 -1.031774 
2.000000 9.185000 0.470800 0.432430 -1.031774 
2.000000 9.175000 0.470800 0.431959 -1.031774 
2.000000 9.165000 0.470800 0.431488 -1.031774 
2.000000 9.155000 0.470800 0.431017 -1.031774 
2.000000 9.145000 0.470800 0.430546 -1.031774 
2.000000 9.135000 0.470800 0.430076 -1.031774 
2.000000 9.125000 0.470800 0.429605 -1.031774 
2.000000 9.115000 0.470800 0.429134 -1.031774 
2.000000 9.105000 0.470800 0.428663 -1.031774 
2.000000 9.095000 0.470800 0.428192 -1.031774 
2.000000 9.085000 0.470800 0.427722 -1.031774 
2.000000 9.075000 0.470800 0.427251 -1.031774 
2.000000 9.065000 0.470800 0.426780 -1.031774 
2.000000 9.055000 0.470800 0.426309 -1.031774 
2.000000 9.045000 0.470800 0.425838 -1.031774 
2.000000 9.035000 0.470800 0.425368 -1.031774 
2.000000 9.025000 0.470800 0.424897 -1.031774 
2.000000 9.015000 0.470800 0.424426 -1.031774 
2.000000 9.005000 0.470800 0.423955 -1.031774 
2.000000 8.995000 0.470800 0.423484 -1.031774 
2.000000 8.985000 0.470800 0.423014 -1.031774 
2.000000 8.975000 0.470800 0.422543 -1.031774 
2.000000 8.965000 0.470800 0.422072 -1.031774 
2.000000 8.955000 0.470800 0.421601 -1.031774 
2.000000 8.945000 0.470800 0.421130 -1.031774 
2.000000 8.935000 0.470800 0.420660 -1.031774 
2.000000 8.925000 0.470800 0.420189 -1.031774 
2.000000 8.915000 0.470800 0.419718 -1.031774 
2.000000 8.905000 0.470800 0.419247 -1.031774 
2.000000 8.895000 0.470800 0.418776 -1.031774 
2.000000 8.885000 0.470800 0.418306 -1.031774 
2.000000 8.875000 0.470800 0.417835 -1.031774 
2.000000 8.865000 0.470800 0.417364 -1.031774 
2.000000 8.855000 0.470800 0.416893 -1.031774 
2.000000 8.845000 0.470800 0.416422 -1.031774 
2.000000 8.835000 0.470800 0.415952 -1.031774 
2.000000 8.825000 0.470800 0.415481 -1.031774 
2.000000 8.815000 0.470800 0.415010 -1.031774 
2.000000 8.805000 0.470800 0.414539 -1.031774 
2.000000 8.795000 0.470800 0.414068 -1.031774 
2.000000 8.785000 0.470800 0.413598 -1.031774 
2.000000 8.775000 0.470800 0.413127 -1.031774 
2.000000 8.765000 0.470800 0.412656 -1.031774 
2.000000 8.755000 0.470800 0.412185 -1.031774 
2.000000 8.745000 0.470800 0.411714 -1.031774 
2.000000 8.735000 0.470800 0.411244 -1.031774 
2.000000 8.725000 0.470800 0.410773 -1.031774 
2.000000 8.715000 0.470800 0.410302 -1.031774 
2.000000 8.705000 0.470800 0.409831 -1.031774 
2.000000 8.695000 0.470800 0.409360 -1.031774 
2.000000 8.685000 0.470800 0.408890 -1.031774 
2.000000 8.675000 0.470800 0.408419 -1.031774 
2.000000 8.665000 0.470800 0.407948 -1.031774 
2.000000 8.655000 0.470800 0.407477 -1.031774 
2.000000 8.645000 0.470800 0.407006 -1.031774 
2.000000 8.635000 0.470800 0.406536 -1.031774 
2.000000 8.625000 0.470800 0.406065 -1.031774 
2.000000 8.615000 0.470800 0.405594 -1.031774 
2.000000 8.605000 0.470800 0.405123 -1.031774 
2.000000 8.595000 0.470800 0.404652 -1.031774 
2.000000 8.585000 0.470800 0.404182 -1.031774 
2.000000 8.575000 0.470800 0.403711 -1.031774 
2.000000 8.565000 0.470800 0.403240 -1.031774 
2.000000 8.555000 0.470800 0.402769 -1.031774 
2.000000 8.545000 0.470800 0.402298 -1.031774 
2.000000 8.535000 0.470800 0.401828 -1.031774 
2.000000 8.525000 0.470800 0.401357 -1.031774 
2.000000 8.515000 0.470800 0.400886 -1.031774 
2.000000 8.505000 0.470800 0.400415 -1.031774 
2.000000 8.495000 0.470800 0.399944 -1.031774 
2.000000 8.485000 0.470800 0.399474 -1.031774 
2.000000 8.475000 0.470800 0.399003 -1.031774 
2.000000 8.465000 0.470800 0.398532 -1.031774 
2.000000 8.455000 0.470800 0.398061 -1.031774 
2.000000 8.445000 0.470800 0.397590 -1.031774 
2.000000 8.435000 0.470800 0.397120 -1.031774 
2.000000 8.425000 0.470800 0.396649 -1.031774 
2.000000 8.415000 0.470800 0.396178 -1.031774 
2.000000 8.405000 0.470800 0.395707 -1.031774 
2.000000 8.395000 0.470800 0.395236 -1.031774 
2.000000 8.385000 0.470800 0.394766 -1.031774 
2.000000 8.375000 0.470800 0.394295 -1.031774 
2.000000 8.365000 0.470800 0.393824 -1.031774 
2.000000 8.355000 0.470800 0.393353 -1.031774 
2.000000 8.345000 0.470800 0.392882 -1.031774 
2.000000 8.335000 0.470800 0.392412 -1.031774 
2.000000 8.325000 0.470800 0.391941 -1.031774 
2.000000 8.315000 0.470800 0.391470 -1.031774 
2.000000 8.305000 0.470800 0.390999 -1.031774 
2.000000 8.295000 0.470800 0.390528 -1.031774 
2.000000 8.285000 0.470800 0.390058 -1.031774 
2.000000 8.275000 0.470800 0.389587 -1.031774 
2.000000 8.265000 0.470800 0.389116 -1.031774 
2.000000 8.255000 0.470800 0.388645 -1.031774 
2.000000 8.245000 0.470800 0.388174 -1.031774 
2.000000 8.235000 0.470800 0.387704 -1.031774 
2.000000 8.225000 0.470800 0.387233 -1.031774 
2.000000 8.215000 0.470800 0.386762 -1.031774 
2.000000 8.205000 0.470800 0.386291 -1.031774 
2.000000 8.195000 0.470800 0.385820 -1.031774 
2.000000 8.185000 0.470800 0.385350 -1.031774 
2.000000 8.175000 0.470800 0.384879 -1.031774 
2.000000 8.165000 0.470800 0.384408 -1.031774 
2.000000 8.155000 0.470800 0.383937 -1.031774 
2.000000 8.145000 0.470800 0.383466 -1.031774 
2.000000 8.135000 0.470800 0.382996 -1.031774 
2.000000 8.125000 0.470800 0.382525 -1.031774 
2.000000 8.115000 0.470800 0.382054 -1.031774 
2.000000 8.105000 0.470800 0.381583 -1.031774 
2.000000 8.095000 0.470800 0.381112 -1.031774 
2.000000 8.085000 0.470800 0.380642 -1.031774 
2.000000 8.075000 0.470800 0.380171 -1.031774 
2.000000 8.065000 0.470800 0.379700 -1.031774 
2.000000 8.055000 0.470800 0.379229 -1.031774 
2.000000 8.045000 0.470800 0.378758 -1.031774 
2.000000 8.035000 0.470800 0.378288 -1.031774 
2.000000 8.025000 0.470800 0.377817 -1.031774 
2.000000 8.015000 0.470800 0.377346 -1.031774 
2.000000 8.005000 0.470800 0.376875 -1.031774 
2.000000 7.995000 0.470800 0.376404 -1.031774 
2.000000 7.985000 0.470800 0.375934 -1.031774 
2.000000 7.975000 0.470800 0.375463 -1.031774 
2.000000 7.965000 0.470800 0.374992 -1.031774 
2.000000 7.955000 0.470800 0.374521 -1.031774 
2.000000 7.945000 0.470800 0.374050 -1.031774 
2.000000 7.935000 0.470800 0.373580 -1.031774 
2.000000 7.925000 0.470800 0.373109 -1.031774 
2.000000 7.915000 0.470800 0.372638 -1.031774 
2.000000 7.905000 0.470800 0.372167 -1.031774 
2.000000 7.895000 0.470800 0.371696 -1.031774 
2.000000 7.885000 0.470800 0.371226 -1.031774 
2.000000 7.875000 0.470800 0.370755 -1.031774 
2.000000 7.865000 0.470800 0.370284 -1.031774 
2.000000 7.855000 0.470800 0.369813 -1.031774 
2.000000 7.845000 0.470800 0.369342 -1.031774 
2.000000 7.835000 0.470800 0.368872 -1.031774 
2.000000 7.825000 0.470800 0.368401 -1.031774 
2.000000 7.815000 0.470800 0.367930 -1.031774 
2.000000 7.805000 0.470800 0.367459 -1.031774 
2.000000 7.795000 0.470800 0.366989 -1.031774 
2.000000 7.785000 0.470800 0.366518 -1.031774 
2.000000 7.775000 0.470800 0.366047 -1.031774 
2.000000 7.765000 0.470800 0.365576 -1.031774 
2.000000 7.755000 0.470800 0.365105 -1.031774 
2.000000 7.745000 0.470800 0.364635 -1.031774 
2.000000 7.735000 0.470800 0.364164 -1.031774 
2.000000 7.725000 0.470800 0.363693 -1.031774 
2.000000 7.715000 0.470800 0.363222 -1.031774 
2.000000 7.705000 0.470800 0.362751 -1.031774 
2.000000 7.695000 0.470800 0.362281 -1.031774 
2.000000 7.685000 0.470800 0.361810 -1.031774 
2.000000 7.675000 0.470800 0.361339 -1.031774 
2.000000 7.665000 0.470800 0.360868 -1.031774 
2.000000 7.655000 0.470800 0.360397 -1.031774 
2.000000 7.645000 0.470800 0.359927 -1.031774 
2.000000 7.635000 0.470800 0.359456 -1.031774 
2.000000 7.625000 0.470800 0.358985 -1.031774 
2.000000 7.615000 0.470800 0.358514 -1.031774 
2.000000 7.605000 0.470800 0.358043 -1.031774 
2.000000 7.595000 0.470800 0.357573 -1.031774 
2.000000 7.585000 0.470800 0.357102 -1.031774 
2.000000 7.575000 0.470800 0.356631 -1.031774 
2.000000 7.565000 0.470800 0.356160 -1.031774 
2.000000 7.555000 0.470800 0.355689 -1.031774 
2.000000 7.545000 0.470800 0.355219 -1.031774 
2.000000 7.535000 0.470800 0.354748 -1.031774 
2.000000 7.525000 0.470800 0.354277 -1.031774 
2.000000 7.515000 0.470800 0.353806 -1.031774 
2.000000 7.505000 0.470800 0.353335 -1.031774 
2.000000 7.495000 0.470800 0.352865 -1.031774 
2.000000 7.485000 0.470800 0.352394 -1.031774 
2.000000 7.475000 0.470800 0.351923 -1.031774 
2.000000 7.465000 0.470800 0.351452 -1.031774 
2.000000 7.455000 0.470800 0.350981 -1.031774 
2.000000 7.445000 0.470800 0.350511 -1.031774 
2.000000 7.435000 0.470800 0.350040 -1.031774 
2.000000 7.425000 0.470800 0.349569 -1.031774 
2.000000 7.415000 0.470800 0.349098 -1.031774 
2.000000 7.405000 0.470800 0.348627 -1.031774 
2.000000 7.395000 0.470800 0.348157 -1.031774 
2.000000 7.385000 0.470800 0.347686 -1.031774 
2.000000 7.375000 0.470800 0.347215 -1.031774 
2.000000 7.365000 0.470800 0.346744 -1.031774 
2.000000 7.355000 0.470800 0.346273 -1.031774 
2.000000 7.345000 0.470800 0.345803 -1.031774 
2.000000 7.335000 0.470800 0.345332 -1.031774 
2.000000 7.325000 0.470800 0.344861 -1.031774 
2.000000 7.315000 0.470800 0.344390 -1.031774 
2.000000 7.305000 0.470800 0.343919 -1.031774 
2.000000 7.295000 0.470800 0.343449 -1.031774 
2.000000 7.285000 0.470800 0.342978 -1.031774 
2.000000 7.275000 0.470800 0.342507 -1.031774 
2.000000 7.265000 0.470800 0.342036 -1.031774 
2.000000 7.255000 0.470800 0.341565 -1.031774 
2.000000 7.245000 0.470800 0.341095 -1.031774 
2.000000 7.235000 0.470800 0.340624 -1.031774 
2.000000 7.225000 0.470800 0.340153 -1.031774 
2.000000 7.215000 0.470800 0.339682 -1.031774 
2.000000 7.205000 0.470800 0.339211 -1.031774 
2.000000 7.195000 0.470800 0.338741 -1.031774 
2.000000 7.185000 0.470800 0.338270 -1.031774 
2.000000 7.175000 0.470800 0.337799 -1.031774 
2.000000 7.165000 0.470800 0.337328 -1.031774 
2.000000 7.155000 0.470800 0.336857 -1.031774 
2.000000 7.145000 0.470800 0.336387 -1.031774 
2.000000 7.135000 0.470800 0.335916 -1.031774 
2.000000 7.125000 0.470800 0.335445 -1.031774 
2.000000 7.115000 0.470800 0.334974 -1.031774 
2.000000 7.105000 0.470800 0.334503 -1.031774 
2.000000 7.095000 0.470800 0.334033 -1.031774 
2.000000 7.085000 0.470800 0.333562 -1.031774 
2.000000 7.075000 0.470800 0.333091 -1.031774 
2.000000 7.065000 0.470800 0.332620 -1.031774 
2.000000 7.055000 0.470800 0.332149 -1.031774 
2.000000 7.045000 0.470800 0.331679 -1.031774 
2.000000 7.035000 0.470800 0.331208 -1.031774 
2.000000 7.025000 0.470800 0.330737 -1.031774 
2.000000 7.015000 0.470800 0.330266 -1.031774 
2.000000 7.005000 0.470800 0.329795 -1.031774 
2.000000 6.995000 0.470800 0.329325 -1.031774 
2.000000 6.985000 0.470800 0.328854 -1.031774 
2.000000 6.975000 0.470800 0.328383 -1.031774 
2.000000 6.965000 0.470800 0.327912 -1.031774 
2.000000 6.955000 0.470800 0.327441 -1.031774 
2.000000 6.945000 0.470800 0.326971 -1.031774 
2.000000 6.935000 0.470800 0.326500 -1.031774 
2.000000 6.925000 0.470800 0.326029 -1.031774 
2.000000 6.915000 0.470800 0.325558 -1.031774 
2.000000 6.905000 0.470800 0.325087 -1.031774 
2.000000 6.895000 0.470800 0.324617 -1.031774 
2.000000 6.885000 0.470800 0.324146 -1.031774 
2.000000 6.875000 0.470800 0.323675 -1.031774 
2.000000 6.865000 0.470800 0.323204 -1.031774 
2.000000 6.855000 0.470800 0.322733 -1.031774 
2.000000 6.845000 0.470800 0.322263 -1.031774 
2.000000 6.835000 0.470800 0.321792 -1.031774 
2.000000 6.825000 0.470800 0.321321 -1.031774 
2.000000 6.815000 0.470800 0.320850 -1.031774 
2.000000 6.805000 0.470800 0.320379 -1.031774 
2.000000 6.795000 0.470800 0.319909 -1.031774 
2.000000 6.785000 0.470800 0.319438 -1.031774 
2.000000 6.775000 0.470800 0.318967 -1.031774 
2.000000 6.765000 0.470800 0.318496 -1.031774 
2.000000 6.755000 0.470800 0.318025 -1.031774 
2.000000 6.745000 0.470800 0.317555 -1.031774 
2.000000 6.735000 0.470800 0.317084 -1.031774 
2.000000 6.725000 0.470800 0.316613 -1.031774 
2.000000 6.715000 0.470800 0.316142 -1.031774 
2.000000 6.705000 0.470800 0.315671 -1.031774 
2.000000 6.695000 0.470800 0.315201 -1.031774 
2.000000 6.685000 0.470800 0.314730 -1.031774 
2.000000 6.675000 0.470800 0.314259 -1.031774 
2.000000 6.665000 0.470800 0.313788 -1.031774 
2.000000 6.655000 0.470800 0.313317 -1.031774 
2.000000 6.645000 0.470800 0.312847 -1.031774 
2.000000 6.635000 0.470800 0.312376 -1.031774 
2.000000 6.625000 0.470800 0.311905 -1.031774 
2.000000 6.615000 0.470800 0.311434 -1.031774 
2.000000 6.605000 0.470800 0.310963 -1.031774 
2.000000 6.595000 0.470800 0.310493 -1.031774 
2.000000 6.585000 0.470800 0.310022 -1.031774 
2.000000 6.575000 0.470800 0.309551 -1.031774 
2.000000 6.565000 0.470800 0.309080 -1.031774 
2.000000 6.555000 0.470800 0.308609 -1.031774 
2.000000 6.545000 0.470800 0.308139 -1.031774 
2.000000 6.535000 0.470800 0.307668 -1.031774 
2.000000 6.525000 0.470800 0.307197 -1.031774 
2.000000 6.515000 0.470800 0.306726 -1.031774 
2.000000 6.505000 0.470800 0.306255 -1.031774 
2.000000 6.495000 0.470800 0.305785 -1.031774 
2.000000 6.485000 0.470800 0.305314 -1.031774 
2.000000 6.475000 0.470800 0.304843 -1.031774 
2.000000 6.465000 0.470800 0.304372 -1.031774 
2.000000 6.455000 0.470800 0.303901 -1.031774 
2.000000 6.445000 0.470800 0.303431 -1.031774 
2.000000 6.435000 0.470800 0.302960 -1.031774 
2.000000 6.425000 0.470800 0.302489 -1.031774 
2.000000 6.415000 0.470800 0.302018 -1.031774 
2.000000 6.405000 0.470800 0.301547 -1.031774 
2.000000 6.395000 0.470800 0.301077 -1.031774 
2.000000 6.385000 0.470800 0.300606 -1.031774 
2.000000 6.375000 0.470800 0.300135 -1.031774 
2.000000 6.365000 0.470800 0.299664 -1.031774 
2.000000 6.355000 0.470800 0.299193 -1.031774 
2.000000 6.345000 0.470800 0.298723 -1.031774 
2.000000 6.335000 0.470800 0.298252 -1.031774 
2.000000 6.325000 0.470800 0.297781 -1.031774 
2.000000 6.315000 0.470800 0.297310 -1.031774 
2.000000 6.305000 0.470800 0.296839 -1.031774 
2.000000 6.295000 0.470800 0.296369 -1.031774 
2.000000 6.285000 0.470800 0.295898 -1.031774 
2.000000 6.275000 0.470800 0.295427 -1.031774 
2.000000 6.265000 0.470800 0.294956 -1.031774 
2.000000 6.255000 0.470800 0.294485 -1.031774 
2.000000 6.245000 0.470800 0.294015 -1.031774 
2.000000 6.235000 0.470800 0.293544 -1.031774 
2.000000 6.225000 0.470800 0.293073 -1.031774 
2.000000 6.215000 0.470800 0.292602 -1.031774 
2.000000 6.205000 0.470800 0.292131 -1.031774 
2.000000 6.195000 0.470800 0.291661 -1.031774 
2.000000 6.185000 0.470800 0.291190 -1.031774 
2.000000 6.175000 0.470800 0.290719 -1.031774 
2.000000 6.165000 0.470800 0.290248 -1.031774 
2.000000 6.155000 0.470800 0.289777 -1.031774 
2.000000 6.145000 0.470800 0.289307 -1.031774 
2.000000 6.135000 0.470800 0.288836 -1.031774 
2.000000 6.125000 0.470800 0.288365 -1.031774 
2.000000 6.115000 0.470800 0.287894 -1.031774 
2.000000 6.105000 0.470800 0.287423 -1.031774 
2.000000 6.095000 0.470800 0.286953 -1.031774 
2.000000 6.085000 0.470800 0.286482 -1.031774 
2.000000 6.075000 0.470800 0.286011 -1.031774 
2.000000 6.065000 0.470800 0.285540 -1.031774 
2.000000 6.055000 0.470800 0.285069 -1.031774 
2.000000 6.045000 0.470800 0.284599 -1.031774 
2.000000 6.035000 0.470800 0.284128 -1.031774 
2.000000 6.025000 0.470800 0.283657 -1.031774 
2.000000 6.015000 0.470800 0.283186 -1.031774 
2.000000 6.005000 0.470800 0.282715 -1.031774 
2.000000 5.995000 0.470800 0.282245 -1.031774 
2.000000 5.985000 0.470800 0.281774 -1.031774 
2.000000 5.975000 0.470800 0.281303 -1.031774 
2.000000 5.965000 0.470800 0.280832 -1.031774 
2.000000 5.955000 0.470800 0.280361 -1.031774 
2.000000 5.945000 0.470800 0.279891 -1.031774 
2.000000 5.935000 0.470800 0.279420 -1.031774 
2.000000 5.925000 0.470800 0.278949 -1.031774 
2.000000 5.915000 0.470800 0.278478 -1.031774 
2.000000 5.905000 0.470800 0.278007 -1.031774 
2.000000 5.895000 0.470800 0.277537 -1.031774 
2.000000 5.885000 0.470800 0.277066 -1.031774 
2.000000 5.875000 0.470800 0.276595 -1.031774 
2.000000 5.865000 0.470800 0.276124 -1.031774 
2.000000 5.855000 0.470800 0.275653 -1.031774 
2.000000 5.845000 0.470800 0.275183 -1.031774 
2.000000 5.835000 0.470800 0.274712 -1.031774 
2.000000 5.825000 0.470800 0.274241 -1.031774 
2.000000 5.815000 0.470800 0.273770 -1.031774 
2.000000 5.805000 0.470800 0.273299 -1.031774 
2.000000 5.795000 0.470800 0.272829 -1.031774 
2.000000 5.785000 0.470800 0.272358 -1.031774 
2.000000 5.775000 0.470800 0.271887 -1.031774 
2.000000 5.765000 0.470800 0.271416 -1.031774 
2.000000 5.755000 0.470800 0.270945 -1.031774 
2.000000 5.745000 0.470800 0.270475 -1.031774 
2.000000 5.735000 0.470800 0.270004 -1.031774 
2.000000 5.725000 0.470800 0.269533 -1.031774 
2.000000 5.715000 0.470800 0.269062 -1.031774 
2.000000 5.705000 0.470800 0.268591 -1.031774 
2.000000 5.695000 0.470800 0.268121 -1.031774 
2.000000 5.685000 0.470800 0.267650 -1.031774 
2.000000 5.675000 0.470800 0.267179 -1.031774 
2.000000 5.665000 0.470800 0.266708 -1.031774 
2.000000 5.655000 0.470800 0.266237 -1.031774 
2.000000 5.645000 0.470800 0.265767 -1.031774 
2.000000 5.635000 0.470800 0.265296 -1.031774 
2.000000 5.625000 0.470800 0.264825 -1.031774 
2.000000 5.615000 0.470800 0.264354 -1.031774 
2.000000 5.605000 0.470800 0.263883 -1.031774 
2.000000 5.595000 0.470800 0.263413 -1.031774 
2.000000 5.585000 0.470800 0.262942 -1.031774 
2.000000 5.575000 0.470800 0.262471 -1.031774 
2.000000 5.565000 0.470800 0.262000 -1.031774 
2.000000 5.555000 0.470800 0.261529 -1.031774 
2.000000 5.545000 0.470800 0.261059 -1.031774 
2.000000 5.535000 0.470800 0.260588 -1.031774 
2.000000 5.525000 0.470800 0.260117 -1.031774 
2.000000 5.515000 0.470800 0.259646 -1.031774 
2.000000 5.505000 0.470800 0.259175 -1.031774 
2.000000 5.495000 0.470800 0.258705 -1.031774 
2.000000 5.485000 0.470800 0.258234 -1.031774 
2.000000 5.475000 0.470800 0.257763 -1.031774 
2.000000 5.465000 0.470800 0.257292 -1.031774 
2.000000 5.455000 0.470800 0.256821 -1.031774 
2.000000 5.445000 0.470800 0.256351 -1.031774 
2.000000 5.435000 0.470800 0.255880 -1.031774 
2.000000 5.425000 0.470800 0.255409 -1.031774 
2.000000 5.415000 0.470800 0.254938 -1.031774 
2.000000 5.405000 0.470800 0.254467 -1.031774 
2.000000 5.395000 0.470800 0.253997 -1.031774 
2.000000 5.385000 0.470800 0.253526 -1.031774 
2.000000 5.375000 0.470800 0.253055 -1.031774 
2.000000 5.365000 0.470800 0.252584 -1.031774 
2.000000 5.355000 0.470800 0.252113 -1.031774 
2.000000 5.345000 0.470800 0.251643 -1.031774 
2.000000 5.335000 0.470800 0.251172 -1.031774 
2.000000 5.325000 0.470800 0.250701 -1.031774 
2.000000 5.315000 0.470800 0.250230 -1.031774 
2.000000 5.305000 0.470800 0.249759 -1.031774 
2.000000 5.295000 0.470800 0.249289 -1.031774 
2.000000 5.285000 0.470800 0.248818 -1.031774 
2.000000 5.275000 0.470800 0.248347 -1.031774 
2.000000 5.265000 0.470800 0.247876 -1.031774 
2.000000 5.255000 0.470800 0.247405 -1.031774 
2.000000 5.245000 0.470800 0.246935 -1.031774 
2.000000 5.235000 0.470800 0.246464 -1.031774 
2.000000 5.225000 0.470800 0.245993 -1.031774 
2.000000 5.215000 0.470800 0.245522 -1.031774 
2.000000 5.205000 0.470800 0.245051 -1.031774 
2.000000 5.195000 0.470800 0.244581 -1.031774 
2.000000 5.185000 0.470800 0.244110 -1.031774 
2.000000 5.175000 0.470800 0.243639 -1.031774 
2.000000 5.165000 0.470800 0.243168 -1.031774 
2.000000 5.155000 0.470800 0.242697 -1.031774 
2.000000 5.145000 0.470800 0.242227 -1.031774 
2.000000 5.135000 0.470800 0.241756 -1.031774 
2.000000 5.125000 0.470800 0.241285 -1.031774 
2.000000 5.115000 0.470800 0.240814 -1.031774 
2.000000 5.105000 0.470800 0.240343 -1.031774 
2.000000 5.095000 0.470800 0.239873 -1.031774 
2.000000 5.085000 0.470800 0.239402 -1.031774 
2.000000 5.075000 0.470800 0.238931 -1.031774 
2.000000 5.065000 0.470800 0.238460 -1.031774 
2.000000 5.055000 0.470800 0.237989 -1.031774 
2.000000 5.045000 0.470800 0.237519 -1.031774 
2.000000 5.035000 0.470800 0.237048 -1.031774 
2.000000 5.025000 0.470800 0.236577 -1.031774 
2.000000 5.015000 0.470800 0.236106 -1.031774 
2.000000 5.005000 0.470800 0.235635 -1.031774 
2.000000 4.995000 0.470800 0.235165 -1.031774 
2.000000 4.985000 0.470800 0.234694 -1.031774 
2.000000 4.975000 0.470800 0.234223 -1.031774 
2.000000 4.965000 0.470800 0.233752 -1.031774 
2.000000 4.955000 0.470800 0.233281 -1.031774 
2.000000 4.945000 0.470800 0.232811 -1.031774 
2.000000 4.935000 0.470800 0.232340 -1.031774 
2.000000 4.925000 0.470800 0.231869 -1.031774 
2.000000 4.915000 0.470800 0.231398 -1.031774 
2.000000 4.905000 0.470800 0.230927 -1.031774 
2.000000 4.895000 0.470800 0.230457 -1.031774 
2.000000 4.885000 0.470800 0.229986 -1.031774 
2.000000 4.875000 0.470800 0.229515 -1.031774 
2.000000 4.865000 0.470800 0.229044 -1.031774 
2.000000 4.855000 0.470800 0.228573 -1.031774 
2.000000 4.845000 0.470800 0.228103 -1.031774 
2.000000 4.835000 0.470800 0.227632 -1.031774 
2.000000 4.825000 0.470800 0.227161 -1.031774 
2.000000 4.815000 0.470800 0.226690 -1.031774 
2.000000 4.805000 0.470800 0.226219 -1.031774 
2.000000 4.795000 0.470800 0.225749 -1.031774 
2.000000 4.785000 0.470800 0.225278 -1.031774 
2.000000 4.775000 0.470800 0.224807 -1.031774 
2.000000 4.765000 0.470800 0.224336 -1.031774 
2.000000 4.755000 0.470800 0.223865 -1.031774 
2.000000 4.745000 0.470800 0.223395 -1.031774 
2.000000 4.735000 0.470800 0.222924 -1.031774 
2.000000 4.725000 0.470800 0.222453 -1.031774 
2.000000 4.715000 0.470800 0.221982 -1.031774 
2.000000 4.705000 0.470800 0.221511 -1.031774 
2.000000 4.695000 0.470800 0.221041 -1.031774 
2.000000 4.685000 0.470800 0.220570 -1.031774 
2.000000 4.675000 0.470800 0.220099 -1.031774 
2.000000 4.665000 0.470800 0.219628 -1.031774 
2.000000 4.655000 0.470800 0.219157 -1.031774 
2.000000 4.645000 0.470800 0.218687 -1.031774 
2.000000 4.635000 0.470800 0.218216 -1.031774 
2.000000 4.625000 0.470800 0.217745 -1.031774 
2.000000 4.615000 0.470800 0.217274 -1.031774 
2.000000 4.605000 0.470800 0.216803 -1.031774 
2.000000 4.595000 0.470800 0.216333 -1.031774 
2.000000 4.585000 0.470800 0.215862 -1.031774 
2.000000 4.575000 0.470800 0.215391 -1.031774 
2.000000 4.565000 0.470800 0.214920 -1.031774 
2.000000 4.555000 0.470800 0.214449 -1.031774 
2.000000 4.545000 0.470800 0.213979 -1.031774 
2.000000 4.535000 0.470800 0.213508 -1.031774 
2.000000 4.525000 0.470800 0.213037 -1.031774 
2.000000 4.515000 0.470800 0.212566 -1.031774 
2.000000 4.505000 0.470800 0.212095 -1.031774 
2.000000 4.495000 0.470800 0.211625 -1.031774 
2.000000 4.485000 0.470800 0.211154 -1.031774 
2.000000 4.475000 0.470800 0.210683 -1.031774 
2.000000 4.465000 0.470800 0.210212 -1.031774 
2.000000 4.455000 0.470800 0.209741 -1.031774 
2.000000 4.445000 0.470800 0.209271 -1.031774 
2.000000 4.435000 0.470800 0.208800 -1.031774 
2.000000 4.425000 0.470800 0.208329 -1.031774 
2.000000 4.415000 0.470800 0.207858 -1.031774 
2.000000 4.405000 0.470800 0.207387 -1.031774 
2.000000 4.395000 0.470800 0.206917 -1.031774 
2.000000 4.385000 0.470800 0.206446 -1.031774 
2.000000 4.375000 0.470800 0.205975 -1.031774 
2.000000 4.365000 0.470800 0.205504 -1.031774 
2.000000 4.355000 0.470800 0.205033 -1.031774 
2.000000 4.345000 0.470800 0.204563 -1.031774 
2.000000 4.335000 0.470800 0.204092 -1.031774 
2.000000 4.325000 0.470800 0.203621 -1.031774 
2.000000 4.315000 0.470800 0.203150 -1.031774 
2.000000 4.305000 0.470800 0.202679 -1.031774 
2.000000 4.295000 0.470800 0.202209 -1.031774 
2.000000 4.285000 0.470800 0.201738 -1.031774 
2.000000 4.275000 0.470800 0.201267 -1.031774 
2.000000 4.265000 0.470800 0.200796 -1.031774 
2.000000 4.255000 0.470800 0.200325 -1.031774 
2.000000 4.245000 0.470800 0.199855 -1.031774 
2.000000 4.235000 0.470800 0.199384 -1.031774 
2.000000 4.225000 0.470800 0.198913 -1.031774 
2.000000 4.215000 0.470800 0.198442 -1.031774 
2.000000 4.205000 0.470800 0.197971 -1.031774 
2.000000 4.195000 0.470800 0.197501 -1.031774 
2.000000 4.185000 0.470800 0.197030 -1.031774 
2.000000 4.175000 0.470800 0.196559 -1.031774 
2.000000 4.165000 0.470800 0.196088 -1.031774 
2.000000 4.155000 0.470800 0.195617 -1.031774 
2.000000 4.145000 0.470800 0.195147 -1.031774 
2.000000 4.135000 0.470800 0.194676 -1.031774 
2.000000 4.125000 0.470800 0.194205 -1.031774 
2.000000 4.115000 0.470800 0.193734 -1.031774 
2.000000 4.105000 0.470800 0.193263 -1.031774 
2.000000 4.095000 0.470800 0.192793 -1.031774 
2.000000 4.085000 0.470800 0.192322 -1.031774 
2.000000 4.075000 0.470800 0.191851 -1.031774 
2.000000 4.065000 0.470800 0.191380 -1.031774 
2.000000 4.055000 0.470800 0.190909 -1.031774 
2.000000 4.045000 0.470800 0.190439 -1.031774 
2.000000 4.035000 0.470800 0.189968 -1.031774 
2.000000 4.025000 0.470800 0.189497 -1.031774 
2.000000 4.015000 0.470800 0.189026 -1.031774 
2.000000 4.005000 0.470800 0.188555 -1.031774 
2.000000 3.995000 0.470800 0.188085 -1.031774 
2.000000 3.985000 0.470800 0.187614 -1.031774 
2.000000 3.975000 0.470800 0.187143 -1.031774 
2.000000 3.965000 0.470800 0.186672 -1.031774 
2.000000 3.955000 0.470800 0.186201 -1.031774 
2.000000 3.945000 0.470800 0.185731 -1.031774 
2.000000 3.935000 0.470800 0.185260 -1.031774 
2.000000 3.925000 0.470800 0.184789 -1.031774 
2.000000 3.915000 0.470800 0.184318 -1.031774 
2.000000 3.905000 0.470800 0.183847 -1.031774 
2.000000 3.895000 0.470800 0.183377 -1.031774 
2.000000 3.885000 0.470800 0.182906 -1.031774 
2.000000 3.875000 0.470800 0.182435 -1.031774 
2.000000 3.865000 0.470800 0.181964 -1.031774 
2.000000 3.855000 0.470800 0.181493 -1.031774 
2.000000 3.845000 0.470800 0.181023 -1.031774 
2.000000 3.835000 0.470800 0.180552 -1.031774 
2.000000 3.825000 0.470800 0.180081 -1.031774 
2.000000 3.815000 0.470800 0.179610 -1.031774 
2.000000 3.805000 0.470800 0.179139 -1.031774 
2.000000 3.795000 0.470800 0.178669 -1.031774 
2.000000 3.785000 0.470800 0.178198 -1.031774 
2.000000 3.775000 0.470800 0.177727 -1.031774 
2.000000 3.765000 0.470800 0.177256 -1.031774 
2.000000 3.755000 0.470800 0.176785 -1.031774 
2.000000 3.745000 0.470800 0.176315 -1.031774 
2.000000 3.735000 0.470800 0.175844 -1.031774 
2.000000 3.725000 0.470800 0.175373 -1.031774 
2.000000 3.715000 0.470800 0.174902 -1.031774 
2.000000 3.705000 0.470800 0.174431 -1.031774 
2.000000 3.695000 0.470800 0.173961 -1.031774 
2.000000 3.685000 0.470800 0.173490 -1.031774 
2.000000 3.675000 0.470800 0.173019 -1.031774 
2.000000 3.665000 0.470800 0.172548 -1.031774 
2.000000 3.655000 0.470800 0.172077 -1.031774 
2.000000 3.645000 0.470800 0.171607 -1.031774 
2.000000 3.635000 0.470800 0.171136 -1.031774 
2.000000 3.625000 0.470800 0.170665 -1.031774 
2.000000 3.615000 0.470800 0.170194 -1.031774 
2.000000 3.605000 0.470800 0.169723 -1.031774 
2.000000 3.595000 0.470800 0.169253 -1.031774 
2.000000 3.585000 0.470800 0.168782 -1.031774 
2.000000 3.575000 0.470800 0.168311 -1.031774 
2.000000 3.565000 0.470800 0.167840 -1.031774 
2.000000 3.555000 0.470800 0.167369 -1.031774 
2.000000 3.545000 0.470800 0.166899 -1.031774 
2.000000 3.535000 0.470800 0.166428 -1.031774 
2.000000 3.525000 0.470800 0.165957 -1.031774 
2.000000 3.515000 0.470800 0.165486 -1.031774 
2.000000 3.505000 0.470800 0.165015 -1.031774 
2.000000 3.495000 0.470800 0.164545 -1.031774 
2.000000 3.485000 0.470800 0.164074 -1.031774 
2.000000 3.475000 0.470800 0.163603 -1.031774 
2.000000 3.465000 0.470800 0.163132 -1.031774 
2.000000 3.455000 0.470800 0.162661 -1.031774 
2.000000 3.445000 0.470800 0.162191 -1.031774 
2.000000 3.435000 0.470800 0.161720 -1.031774 
2.000000 3.425000 0.470800 0.161249 -1.031774 
2.000000 3.415000 0.470800 0.160778 -1.031774 
2.000000 3.405000 0.470800 0.160307 -1.031774 
2.000000 3.395000 0.470800 0.159837 -1.031774 
2.000000 3.385000 0.470800 0.159366 -1.031774 
2.000000 3.375000 0.470800 0.158895 -1.031774 
2.000000 3.365000 0.470800 0.158424 -1.031774 
2.000000 3.355000 0.470800 0.157953 -1.031774 
2.000000 3.345000 0.470800 0.157483 -1.031774 
2.000000 3.335000 0.470800 0.157012 -1.031774 
2.000000 3.325000 0.470800 0.156541 -1.031774 
2.000000 3.315000 0.470800 0.156070 -1.031774 
2.000000 3.305000 0.470800 0.155599 -1.031774 
2.000000 3.295000 0.470800 0.155129 -1.031774 
2.000000 3.285000 0.470800 0.154658 -1.031774 
2.000000 3.275000 0.470800 0.154187 -1.031774 
2.000000 3.265000 0.470800 0.153716 -1.031774 
2.000000 3.255000 0.470800 0.153245 -1.031774 
2.000000 3.245000 0.470800 0.152775 -1.031774 
2.000000 3.235000 0.470800 0.152304 -1.031774 
2.000000 3.225000 0.470800 0.151833 -1.031774 
2.000000 3.215000 0.470800 0.151362 -1.031774 
2.000000 3.205000 0.470800 0.150891 -1.031774 
2.000000 3.195000 0.470800 0.150421 -1.031774 
2.000000 3.185000 0.470800 0.149950 -1.031774 
2.000000 3.175000 0.470800 0.149479 -1.031774 
2.000000 3.165000 0.470800 0.149008 -1.031774 
2.000000 3.155000 0.470800 0.148537 -1.031774 
2.000000 3.145000 0.470800 0.148067 -1.031774 
2.000000 3.135000 0.470800 0.147596 -1.031774 
2.000000 3.125000 0.470800 0.147125 -1.031774 
2.000000 3.115000 0.470800 0.146654 -1.031774 
2.000000 3.105000 0.470800 0.146183 -1.031774 
2.000000 3.095000 0.470800 0.145713 -1.031774 
2.000000 3.085000 0.470800 0.145242 -1.031774 
2.000000 3.075000 0.470800 0.144771 -1.031774 
2.000000 3.065000 0.470800 0.144300 -1.031774 
2.000000 3.055000 0.470800 0.143829 -1.031774 
2.000000 3.045000 0.470800 0.143359 -1.031774 
2.000000 3.035000 0.470800 0.142888 -1.031774 
2.000000 3.025000 0.470800 0.142417 -1.031774 
2.000000 3.015000 0.470800 0.141946 -1.031774 
2.000000 3.005000 0.470800 0.141475 -1.031774 
2.000000 2.995000 0.470800 0.141005 -1.031774 
2.000000 2.985000 0.470800 0.140534 -1.031774 
2.000000 2.975000 0.470800 0.140063 -1.031774 
2.000000 2.965000 0.470800 0.139592 -1.031774 
2.000000 2.955000 0.470800 0.139121 -1.031774 
2.000000 2.945000 0.470800 0.138651 -1.031774 
2.000000 2.935000 0.470800 0.138180 -1.031774 
2.000000 2.925000 0.470800 0.137709 -1.031774 
2.000000 2.915000 0.470800 0.137238 -1.031774 
2.000000 2.905000 0.470800 0.136767 -1.031774 
2.000000 2.895000 0.470800 0.136297 -1.031774 
2.000000 2.885000 0.470800 0.135826 -1.031774 
2.000000 2.875000 0.470800 0.135355 -1.031774 
2.000000 2.865000 0.470800 0.134884 -1.031774 
2.000000 2.855000 0.470800 0.134413 -1.031774 
2.000000 2.845000 0.470800 0.133943 -1.031774 
2.000000 2.835000 0.470800 0.133472 -1.031774 
2.000000 2.825000 0.470800 0.133001 -1.031774 
2.000000 2.815000 0.470800 0.132530 -1.031774 
2.000000 2.805000 0.470800 0.132059 -1.031774 
2.000000 2.795000 0.470800 0.131589 -1.031774 
2.000000 2.785000 0.470800 0.131118 -1.031774 
2.000000 2.775000 0.470800 0.130647 -1.031774 
2.000000 2.765000 0.470800 0.130176 -1.031774 
2.000000 2.755000 0.470800 0.129705 -1.031774 
2.000000 2.745000 0.470800 0.129235 -1.031774 
2.000000 2.735000 0.470800 0.128764 -1.031774 
2.000000 2.725000 0.470800 0.128293 -1.031774 
2.000000 2.715000 0.470800 0.127822 -1.031774 
2.000000 2.705000 0.470800 0.127351 -1.031774 
2.000000 2.695000 0.470800 0.126881 -1.031774 
2.000000 2.685000 0.470800 0.126410 -1.031774 
2.000000 2.675000 0.470800 0.125939 -1.031774 
2.000000 2.665000 0.470800 0.125468 -1.031774 
2.000000 2.655000 0.470800 0.124997 -1.031774 
2.000000 2.645000 0.470800 0.124527 -1.031774 
2.000000 2.635000 0.470800 0.124056 -1.031774 
2.000000 2.625000 0.470800 0.123585 -1.031774 
2.000000 2.615000 0.470800 0.123114 -1.031774 
2.000000 2.605000 0.470800 0.122643 -1.031774 
2.000000 2.595000 0.470800 0.122173 -1.031774 
2.000000 2.585000 0.470800 0.121702 -1.031774 
2.000000 2.575000 0.470800 0.121231 -1.031774 
2.000000 2.565000 0.470800 0.120760 -1.031774 
2.000000 2.555000 0.470800 0.120289 -1.031774 
2.000000 2.545000 0.470800 0.119819 -1.031774 
2.000000 2.535000 0.470800 0.119348 -1.031774 
2.000000 2.525000 0.470800 0.118877 -1.031774 
2.000000 2.515000 0.470800 0.118406 -1.031774 
2.000000 2.505000 0.470800 0.117935 -1.031774 
2.000000 2.495000 0.470800 0.117465 -1.031774 
2.000000 2.485000 0.470800 0.116994 -1.031774 
2.000000 2.475000 0.470800 0.116523 -1.031774 
2.000000 2.465000 0.470800 0.116052 -1.031774 
2.000000 2.455000 0.470800 0.115581 -1.031774 
2.000000 2.445000 0.470800 0.115111 -1.031774 
2.000000 2.435000 0.470800 0.114640 -1.031774 
2.000000 2.425000 0.470800 0.114169 -1.031774 
2.000000 2.415000 0.470800 0.113698 -1.031774 
2.000000 2.405000 0.470800 0.113227 -1.031774 
2.000000 2.395000 0.470800 0.112757 -1.031774 
2.000000 2.385000 0.470800 0.112286 -1.031774 
2.000000 2.375000 0.470800 0.111815 -1.031774 
2.000000 2.365000 0.470800 0.111344 -1.031774 
2.000000 2.355000 0.470800 0.110873 -1.031774 
2.000000 2.345000 0.470800 0.110403 -1.031774 
2.000000 2.335000 0.470800 0.109932 -1.031774 
2.000000 2.325000 0.470800 0.109461 -1.031774 
2.000000 2.315000 0.470800 0.108990 -1.031774 
2.000000 2.305000 0.470800 0.108519 -1.031774 
2.000000 2.295000 0.470800 0.108049 -1.031774 
2.000000 2.285000 0.470800 0.107578 -1.031774 
2.000000 2.275000 0.470800 0.107107 -1.031774 
2.000000 2.265000 0.470800 0.106636 -1.031774 
2.000000 2.255000 0.470800 0.106165 -1.031774 
2.000000 2.245000 0.470800 0.105695 -1.031774 
2.000000 2.235000 0.470800 0.105224 -1.031774 
2.000000 2.225000 0.470800 0.104753 -1.031774 
2.000000 2.215000 0.470800 0.104282 -1.031774 
2.000000 2.205000 0.470800 0.103811 -1.031774 
2.000000 2.195000 0.470800 0.103341 -1.031774 
2.000000 2.185000 0.470800 0.102870 -1.031774 
2.000000 2.175000 0.470800 0.102399 -1.031774 
2.000000 2.165000 0.470800 0.101928 -1.031774 
2.000000 2.155000 0.470800 0.101457 -1.031774 
2.000000 2.145000 0.470800 0.100987 -1.031774 
2.000000 2.135000 0.470800 0.100516 -1.031774 
2.000000 2.125000 0.470800 0.100045 -1.031774 
2.000000 2.115000 0.470800 0.099574 -1.031774 
2.000000 2.105000 0.470800 0.099103 -1.031774 
2.000000 2.095000 0.470800 0.098633 -1.031774 
2.000000 2.085000 0.470800 0.098162 -1.031774 
2.000000 2.075000 0.470800 0.097691 -1.031774 
2.000000 2.065000 0.470800 0.097220 -1.031774 
2.000000 2.055000 0.470800 0.096749 -1.031774 
2.000000 2.045000 0.470800 0.096279 -1.031774 
2.000000 2.035000 0.470800 0.095808 -1.031774 
2.000000 2.025000 0.470800 0.095337 -1.031774 
2.000000 2.015000 0.470800 0.094866 -1.031774 
2.000000 2.005000 0.470800 0.094395 -1.031774 
2.000000 1.995000 0.470800 0.093925 -1.031774 
2.000000 1.985000 0.470800 0.093454 -1.031774 
2.000000 1.975000 0.470800 0.092983 -1.031774 
2.000000 1.965000 0.470800 0.092512 -1.031774 
2.000000 1.955000 0.470800 0.092041 -1.031774 
2.000000 1.945000 0.470800 0.091571 -1.031774 
2.000000 1.935000 0.470800 0.091100 -1.031774 
2.000000 1.925000 0.470800 0.090629 -1.031774 
2.000000 1.915000 0.470800 0.090158 -1.031774 
2.000000 1.905000 0.470800 0.089687 -1.031774 
2.000000 1.895000 0.470800 0.089217 -1.031774 
2.000000 1.885000 0.470800 0.088746 -1.031774 
2.000000 1.875000 0.470800 0.088275 -1.031774 
2.000000 1.865000 0.470800 0.087804 -1.031774 
2.000000 1.855000 0.470800 0.087333 -1.031774 
2.000000 1.845000 0.470800 0.086863 -1.031774 
2.000000 1.835000 0.470800 0.086392 -1.031774 
2.000000 1.825000 0.470800 0.085921 -1.031774 
2.000000 1.815000 0.470800 0.085450 -1.031774 
2.000000 1.805000 0.470800 0.084979 -1.031774 
2.000000 1.795000 0.470800 0.084509 -1.031774 
2.000000 1.785000 0.470800 0.084038 -1.031774 
2.000000 1.775000 0.470800 0.083567 -1.031774 
2.000000 1.765000 0.470800 0.083096 -1.031774 
2.000000 1.755000 0.470800 0.082625 -1.031774 
2.000000 1.745000 0.470800 0.082155 -1.031774 
2.000000 1.735000 0.470800 0.081684 -1.031774 
2.000000 1.725000 0.470800 0.081213 -1.031774 
2.000000 1.715000 0.470800 0.080742 -1.031774 
2.000000 1.705000 0.470800 0.080271 -1.031774 
2.000000 1.695000 0.470800 0.079801 -1.031774 
2.000000 1.685000 0.470800 0.079330 -1.031774 
2.000000 1.675000 0.470800 0.078859 -1.031774 
2.000000 1.665000 0.470800 0.078388 -1.031774 
2.000000 1.655000 0.470800 0.077917 -1.031774 
2.000000 1.645000 0.470800 0.077447 -1.031774 
2.000000 1.635000 0.470800 0.076976 -1.031774 
2.000000 1.625000 0.470800 0.076505 -1.031774 
2.000000 1.615000 0.470800 0.076034 -1.031774 
2.000000 1.605000 0.470800 0.075563 -1.031774 
2.000000 1.595000 0.470800 0.075093 -1.031774 
2.000000 1.585000 0.470800 0.074622 -1.031774 
2.000000 1.575000 0.470800 0.074151 -1.031774 
2.000000 1.565000 0.470800 0.073680 -1.031774 
2.000000 1.555000 0.470800 0.073209 -1.031774 
2.000000 1.545000 0.470800 0.072739 -1.031774 
2.000000 1.535000 0.470800 0.072268 -1.031774 
2.000000 1.525000 0.470800 0.071797 -1.031774 
2.000000 1.515000 0.470800 0.071326 -1.031774 
2.000000 1.505000 0.470800 0.070855 -1.031774 
2.000000 1.495000 0.470800 0.070385 -1.031774 
2.000000 1.485000 0.470800 0.069914 -1.031774 
2.000000 1.475000 0.470800 0.069443 -1.031774 
2.000000 1.465000 0.470800 0.068972 -1.031774 
2.000000 1.455000 0.470800 0.068501 -1.031774 
2.000000 1.445000 0.470800 0.068031 -1.031774 
2.000000 1.435000 0.470800 0.067560 -1.031774 
2.000000 1.425000 0.470800 0.067089 -1.031774 
2.000000 1.415000 0.470800 0.066618 -1.031774 
2.000000 1.405000 0.470800 0.066147 -1.031774 
2.000000 1.395000 0.470800 0.065677 -1.031774 
2.000000 1.385000 0.470800 0.065206 -1.031774 
2.000000 1.375000 0.470800 0.064735 -1.031774 
2.000000 1.365000 0.470800 0.064264 -1.031774 
2.000000 1.355000 0.470800 0.063793 -1.031774 
2.000000 1.345000 0.470800 0.063323 -1.031774 
2.000000 1.335000 0.470800 0.062852 -1.031774 
2.000000 1.325000 0.470800 0.062381 -1.031774 
2.000000 1.315000 0.470800 0.061910 -1.031774 
2.000000 1.305000 0.470800 0.061439 -1.031774 
2.000000 1.295000 0.470800 0.060969 -1.031774 
2.000000 1.285000 0.470800 0.060498 -1.031774 
2.000000 1.275000 0.470800 0.060027 -1.031774 
2.000000 1.265000 0.470800 0.059556 -1.031774 
2.000000 1.255000 0.470800 0.059085 -1.031774 
2.000000 1.245000 0.470800 0.058615 -1.031774 
2.000000 1.235000 0.470800 0.058144 -1.031774 
2.000000 1.225000 0.470800 0.057673 -1.031774 
2.000000 1.215000 0.470800 0.057202 -1.031774 
2.000000 1.205000 0.470800 0.056731 -1.031774 
2.000000 1.195000 0.470800 0.056261 -1.031774 
2.000000 1.185000 0.470800 0.055790 -1.031774 
2.000000 1.175000 0.470800 0.055319 -1.031774 
2.000000 1.165000 0.470800 0.054848 -1.031774 
2.000000 1.155000 0.470800 0.054377 -1.031774 
2.000000 1.145000 0.470800 0.053907 -1.031774 
2.000000 1.135000 0.470800 0.053436 -1.031774 
2.000000 1.125000 0.470800 0.052965 -1.031774 
2.000000 1.115000 0.470800 0.052494 -1.031774 
2.000000 1.105000 0.470800 0.052023 -1.031774 
2.000000 1.095000 0.470800 0.051553 -1.031774 
2.000000 1.085000 0.470800 0.051082 -1.031774 
2.000000 1.075000 0.470800 0.050611 -1.031774 
2.000000 1.065000 0.470800 0.050140 -1.031774 
2.000000 1.055000 0.470800 0.049669 -1.031774 
2.000000 1.045000 0.470800 0.049199 -1.031774 
2.000000 1.035000 0.470800 0.048728 -1.031774 
2.000000 1.025000 0.470800 0.048257 -1.031774 
2.000000 1.015000 0.470800 0.047786 -1.031774 
2.000000 1.005000 0.470800 0.047315 -1.031774 
2.000000 0.995000 0.470800 0.046845 -1.031774 
2.000000 0.985000 0.470800 0.046374 -1.031774 
2.000000 0.975000 0.470800 0.045903 -1.031774 
2.000000 0.965000 0.470800 0.045432 -1.031774 
2.000000 0.955000 0.470800 0.044961 -1.031774 
2.000000 0.945000 0.470800 0.044491 -1.031774 
2.000000 0.935000 0.470800 0.044020 -1.031774 
2.000000 0.925000 0.470800 0.043549 -1.031774 
2.000000 0.915000 0.470800 0.043078 -1.031774 
2.000000 0.905000 0.470800 0.042607 -1.031774 
2.000000 0.895000 0.470800 0.042137 -1.031774 
2.000000 0.885000 0.470800 0.041666 -1.031774 
2.000000 0.875000 0.470800 0.041195 -1.031774 
2.000000 0.865000 0.470800 0.040724 -1.031774 
2.000000 0.855000 0.470800 0.040253 -1.031774 
2.000000 0.845000 0.470800 0.039783 -1.031774 
2.000000 0.835000 0.470800 0.039312 -1.031774 
2.000000 0.825000 0.470800 0.038841 -1.031774 
2.000000 0.815000 0.470800 0.038370 -1.031774 
2.000000 0.805000 0.470800 0.037899 -1.031774 
2.000000 0.795000 0.470800 0.037429 -1.031774 
2.000000 0.785000 0.470800 0.036958 -1.031774 
2.000000 0.775000 0.470800 0.036487 -1.031774 
2.000000 0.765000 0.470800 0.036016 -1.031774 
2.000000 0.755000 0.470800 0.035545 -1.031774 
2.000000 0.745000 0.470800 0.035075 -1.031774 
2.000000 0.735000 0.470800 0.034604 -1.031774 
2.000000 0.725000 0.470800 0.034133 -1.031774 
2.000000 0.715000 0.470800 0.033662 -1.031774 
2.000000 0.705000 0.470800 0.033191 -1.031774 
2.000000 0.695000 0.470800 0.032721 -1.031774 
2.000000 0.685000 0.470800 0.032250 -1.031774 
2.000000 0.675000 0.470800 0.031779 -1.031774 
2.000000 0.665000 0.470800 0.031308 -1.031774 
2.000000 0.655000 0.470800 0.030837 -1.031774 
2.000000 0.645000 0.470800 0.030367 -1.031774 
2.000000 0.635000 0.470800 0.029896 -1.031774 
2.000000 0.625000 0.470800 0.029425 -1.031774 
2.000000 0.615000 0.470800 0.028954 -1.031774 
2.000000 0.605000 0.470800 0.028483 -1.031774 
2.000000 0.595000 0.470800 0.028013 -1.031774 
2.000000 0.585000 0.470800 0.027542 -1.031774 
2.000000 0.575000 0.470800 0.027071 -1.031774 
2.000000 0.565000 0.470800 0.026600 -1.031774 
2.000000 0.555000 0.470800 0.026129 -1.031774 
2.000000 0.545000 0.470800 0.025659 -1.031774 
2.000000 0.535000 0.470800 0.025188 -1.031774 
2.000000 0.525000 0.470800 0.024717 -1.031774 
2.000000 0.515000 0.470800 0.024246 -1.031774 
2.000000 0.505000 0.470800 0.023775 -1.031774 
2.000000 0.495000 0.470800 0.023305 -1.031774 
2.000000 0.485000 0.470800 0.022834 -1.031774 
2.000000 0.475000 0.470800 0.022363 -1.031774 
2.000000 0.465000 0.470800 0.021892 -1.031774 
2.000000 0.455000 0.470800 0.021421 -1.031774 
2.000000 0.445000 0.470800 0.020951 -1.031774 
2.000000 0.435000 0.470800 0.020480 -1.031774 
2.000000 0.425000 0.470800 0.020009 -1.031774 
2.000000 0.415000 0.470800 0.019538 -1.031774 
2.000000 0.405000 0.470800 0.019067 -1.031774 
2.000000 0.395000 0.470800 0.018597 -1.031774 
2.000000 0.385000 0.470800 0.018126 -1.031774 
2.000000 0.375000 0.470800 0.017655 -1.031774 
2.000000 0.365000 0.470800 0.017184 -1.031774 
2.000000 0.355000 0.470800 0.016713 -1.031774 
2.000000 0.345000 0.470800 0.016243 -1.031774 
2.000000 0.335000 0.470800 0.015772 -1.031774 
2.000000 0.325000 0.470800 0.015301 -1.031774 
2.000000 0.315000 0.470800 0.014830 -1.031774 
2.000000 0.305000 0.470800 0.014359 -1.031774 
2.000000 0.295000 0.470800 0.013889 -1.031774 
2.000000 0.285000 0.470800 0.013418 -1.031774 
2.000000 0.275000 0.470800 0.012947 -1.031774 
2.000000 0.265000 0.470800 0.012476 -1.031774 
2.000000 0.255000 0.470800 0.012005 -1.031774 
2.000000 0.245000 0.470800 0.011535 -1.031774 
2.000000 0.235000 0.470800 0.011064 -1.031774 
2.000000 0.225000 0.470800 0.010593 -1.031774 
2.000000 0.215000 0.470800 0.010122 -1.031774 
2.000000 0.205000 0.470800 0.009651 -1.031774 
2.000000 0.195000 0.470800 0.009181 -1.031774 
2.000000 0.185000 0.470800 0.008710 -1.031774 
2.000000 0.175000 0.470800 0.008239 -1.031774 
2.000000 0.165000 0.470800 0.007768 -1.031774 
2.000000 0.155000 0.470800 0.007297 -1.031774 
2.000000 0.145000 0.470800 0.006827 -1.031774 
2.000000 0.135000 0.470800 0.006356 -1.031774 
2.000000 0.125000 0.470800 0.005885 -1.031774 
2.000000 0.115000 0.470800 0.005414 -1.031774 
2.000000 0.105000 0.470800 0.004943 -1.031774 
2.000000 0.095000 0.470800 0.004473 -1.031774 
2.000000 0.085000 0.470800 0.004002 -1.031774 
2.000000 0.075000 0.470800 0.003531 -1.031774 
2.000000 0.065000 0.470800 0.003060 -1.031774 
2.000000 0.055000 0.470800 0.002589 -1.031774 
2.000000 0.045000 0.470800 0.002119 -1.031774 
2.000000 0.035000 0.470800 0.001648 -1.031774 
2.000000 0.025000 0.470800 0.001177 -1.031774 
2.000000 0.015000 0.470800 0.000706 -1.031774 
