2.000000 9.985000 74.734821 74.622719 2.346405 
2.000000 9.975000 74.734821 74.547984 2.346405 
2.000000 9.965000 74.734821 74.473249 2.346405 
2.000000 9.955000 74.734821 74.398514 2.346405 
2.000000 9.945000 74.734821 74.323780 2.346405 
2.000000 9.935000 74.734821 74.249045 2.346405 
2.000000 9.925000 74.734821 74.174310 2.346405 
2.000000 9.915000 74.734821 74.099575 2.346405 
2.000000 9.905000 74.734821 74.024840 2.346405 
2.000000 9.895000 74.734821 73.950106 2.346405 
2.000000 9.885000 74.734821 73.875371 2.346405 
2.000000 9.875000 74.734821 73.800636 2.346405 
2.000000 9.865000 74.734821 73.725901 2.346405 
2.000000 9.855000 74.734821 73.651166 2.346405 
2.000000 9.845000 74.734821 73.576431 2.346405 
2.000000 9.835000 74.734821 73.501697 2.346405 
2.000000 9.825000 74.734821 73.426962 2.346405 
2.000000 9.815000 74.734821 73.352227 2.346405 
2.000000 9.805000 74.734821 73.277492 2.346405 
2.000000 9.795000 74.734821 73.202757 2.346405 
2.000000 9.785000 74.734821 73.128023 2.346405 
2.000000 9.775000 74.734821 73.053288 2.346405 
2.000000 9.765000 74.734821 72.978553 2.346405 
2.000000 9.755000 74.734821 72.903818 2.346405 
2.000000 9.745000 74.734821 72.829083 2.346405 
2.000000 9.735000 74.734821 72.754348 2.346405 
2.000000 9.725000 74.734821 72.679614 2.346405 
2.000000 9.715000 74.734821 72.604879 2.346405 
2.000000 9.705000 74.734821 72.530144 2.346405 
2.000000 9.695000 74.734821 72.455409 2.346405 
2.000000 9.685000 74.734821 72.380674 2.346405 
2.000000 9.675000 74.734821 72.305939 2.346405 
2.000000 9.665000 74.734821 72.231205 2.346405 
2.000000 9.655000 74.734821 72.156470 2.346405 
2.000000 9.645000 74.734821 72.081735 2.346405 
2.000000 9.635000 74.734821 72.007000 2.346405 
2.000000 9.625000 74.734821 71.932265 2.346405 
2.000000 9.615000 74.734821 71.857531 2.346405 
2.000000 9.605000 74.734821 71.782796 2.346405 
2.000000 9.595000 74.734821 71.708061 2.346405 
2.000000 9.585000 74.734821 71.633326 2.346405 
2.000000 9.575000 74.734821 71.558591 2.346405 
2.000000 9.565000 74.734821 71.483856 2.346405 
2.000000 9.555000 74.734821 71.409122 2.346405 
2.000000 9.545000 74.734821 71.334387 2.346405 
2.000000 9.535000 74.734821 71.259652 2.346405 
2.000000 9.525000 74.734821 71.184917 2.346405 
2.000000 9.515000 74.734821 71.110182 2.346405 
2.000000 9.505000 74.734821 71.035448 2.346405 
2.000000 9.495000 74.734821 70.960713 2.346405 
2.000000 9.485000 74.734821 70.885978 2.346405 
2.000000 9.475000 74.734821 70.811243 2.346405 
2.000000 9.465000 74.734821 70.736508 2.346405 
2.000000 9.455000 74.734821 70.661773 2.346405 
2.000000 9.445000 74.734821 70.587039 2.346405 
2.000000 9.435000 74.734821 70.512304 2.346405 
2.000000 9.425000 74.734821 70.437569 2.346405 
2.000000 9.415000 74.734821 70.362834 2.346405 
2.000000 9.405000 74.734821 70.288099 2.346405 
2.000000 9.395000 74.734821 70.213365 2.346405 
2.000000 9.385000 74.734821 70.138630 2.346405 
2.000000 9.375000 74.734821 70.063895 2.346405 
2.000000 9.365000 74.734821 69.989160 2.346405 
2.000000 9.355000 74.734821 69.914425 2.346405 
2.000000 9.345000 74.734821 69.839690 2.346405 
2.000000 9.335000 74.734821 69.764956 2.346405 
2.000000 9.325000 74.734821 69.690221 2.346405 
2.000000 9.315000 74.734821 69.615486 2.346405 
2.000000 9.305000 74.734821 69.540751 2.346405 
2.000000 9.295000 74.734821 69.466016 2.346405 
2.000000 9.285000 74.734821 69.391281 2.346405 
2.000000 9.275000 74.734821 69.316547 2.346405 
2.000000 9.265000 74.734821 69.241812 2.346405 
2.000000 9.255000 74.734821 69.167077 2.346405 
2.000000 9.245000 74.734821 69.092342 2.346405 
2.000000 9.235000 74.734821 69.017607 2.346405 
2.000000 9.225000 74.734821 68.942873 2.346405 
2.000000 9.215000 74.734821 68.868138 2.346405 
2.000000 9.205000 74.734821 68.793403 2.346405 
2.000000 9.195000 74.734821 68.718668 2.346405 
2.000000 9.185000 74.734821 68.643933 2.346405 
2.000000 9.175000 74.734821 68.569198 2.346405 
2.000000 9.165000 74.734821 68.494464 2.346405 
2.000000 9.155000 74.734821 68.419729 2.346405 
2.000000 9.145000 74.734821 68.344994 2.346405 
2.000000 9.135000 74.734821 68.270259 2.346405 
2.000000 9.125000 74.734821 68.195524 2.346405 
2.000000 9.115000 74.734821 68.120790 2.346405 
2.000000 9.105000 74.734821 68.046055 2.346405 
2.000000 9.095000 74.734821 67.971320 2.346405 
2.000000 9.085000 74.734821 67.896585 2.346405 
2.000000 9.075000 74.734821 67.821850 2.346405 
2.000000 9.065000 74.734821 67.747115 2.346405 
2.000000 9.055000 74.734821 67.672381 2.346405 
2.000000 9.045000 74.734821 67.597646 2.346405 
2.000000 9.035000 74.734821 67.522911 2.346405 
2.000000 9.025000 74.734821 67.448176 2.346405 
2.000000 9.015000 74.734821 67.373441 2.346405 
2.000000 9.005000 74.734821 67.298706 2.346405 
2.000000 8.995000 74.734821 67.223972 2.346405 
2.000000 8.985000 74.734821 67.149237 2.346405 
2.000000 8.975000 74.734821 67.074502 2.346405 
2.000000 8.965000 74.734821 66.999767 2.346405 
2.000000 8.955000 74.734821 66.925032 2.346405 
2.000000 8.945000 74.734821 66.850298 2.346405 
2.000000 8.935000 74.734821 66.775563 2.346405 
2.000000 8.925000 74.734821 66.700828 2.346405 
2.000000 8.915000 74.734821 66.626093 2.346405 
2.000000 8.905000 74.734821 66.551358 2.346405 
2.000000 8.895000 74.734821 66.476623 2.346405 
2.000000 8.885000 74.734821 66.401889 2.346405 
2.000000 8.875000 74.734821 66.327154 2.346405 
2.000000 8.865000 74.734821 66.252419 2.346405 
2.000000 8.855000 74.734821 66.177684 2.346405 
2.000000 8.845000 74.734821 66.102949 2.346405 
2.000000 8.835000 74.734821 66.028215 2.346405 
2.000000 8.825000 74.734821 65.953480 2.346405 
2.000000 8.815000 74.734821 65.878745 2.346405 
2.000000 8.805000 74.734821 65.804010 2.346405 
2.000000 8.795000 74.734821 65.729275 2.346405 
2.000000 8.785000 74.734821 65.654540 2.346405 
2.000000 8.775000 74.734821 65.579806 2.346405 
2.000000 8.765000 74.734821 65.505071 2.346405 
2.000000 8.755000 74.734821 65.430336 2.346405 
2.000000 8.745000 74.734821 65.355601 2.346405 
2.000000 8.735000 74.734821 65.280866 2.346405 
2.000000 8.725000 74.734821 65.206131 2.346405 
2.000000 8.715000 74.734821 65.131397 2.346405 
2.000000 8.705000 74.734821 65.056662 2.346405 
2.000000 8.695000 74.734821 64.981927 2.346405 
2.000000 8.685000 74.734821 64.907192 2.346405 
2.000000 8.675000 74.734821 64.832457 2.346405 
2.000000 8.665000 74.734821 64.757723 2.346405 
2.000000 8.655000 74.734821 64.682988 2.346405 
2.000000 8.645000 74.734821 64.608253 2.346405 
2.000000 8.635000 74.734821 64.533518 2.346405 
2.000000 8.625000 74.734821 64.458783 2.346405 
2.000000 8.615000 74.734821 64.384048 2.346405 
2.000000 8.605000 74.734821 64.309314 2.346405 
2.000000 8.595000 74.734821 64.234579 2.346405 
2.000000 8.585000 74.734821 64.159844 2.346405 
2.000000 8.575000 74.734821 64.085109 2.346405 
2.000000 8.565000 74.734821 64.010374 2.346405 
2.000000 8.555000 74.734821 63.935640 2.346405 
2.000000 8.545000 74.734821 63.860905 2.346405 
2.000000 8.535000 74.734821 63.786170 2.346405 
2.000000 8.525000 74.734821 63.711435 2.346405 
2.000000 8.515000 74.734821 63.636700 2.346405 
2.000000 8.505000 74.734821 63.561965 2.346405 
2.000000 8.495000 74.734821 63.487231 2.346405 
2.000000 8.485000 74.734821 63.412496 2.346405 
2.000000 8.475000 74.734821 63.337761 2.346405 
2.000000 8.465000 74.734821 63.263026 2.346405 
2.000000 8.455000 74.734821 63.188291 2.346405 
2.000000 8.445000 74.734821 63.113556 2.346405 
2.000000 8.435000 74.734821 63.038822 2.346405 
2.000000 8.425000 74.734821 62.964087 2.346405 
2.000000 8.415000 74.734821 62.889352 2.346405 
2.000000 8.405000 74.734821 62.814617 2.346405 
2.000000 8.395000 74.734821 62.739882 2.346405 
2.000000 8.385000 74.734821 62.665148 2.346405 
2.000000 8.375000 74.734821 62.590413 2.346405 
2.000000 8.365000 74.734821 62.515678 2.346405 
2.000000 8.355000 74.734821 62.440943 2.346405 
2.000000 8.345000 74.734821 62.366208 2.346405 
2.000000 8.335000 74.734821 62.291473 2.346405 
2.000000 8.325000 74.734821 62.216739 2.346405 
2.000000 8.315000 74.734821 62.142004 2.346405 
2.000000 8.305000 74.734821 62.067269 2.346405 
2.000000 8.295000 74.734821 61.992534 2.346405 
2.000000 8.285000 74.734821 61.917799 2.346405 
2.000000 8.275000 74.734821 61.843065 2.346405 
2.000000 8.265000 74.734821 61.768330 2.346405 
2.000000 8.255000 74.734821 61.693595 2.346405 
2.000000 8.245000 74.734821 61.618860 2.346405 
2.000000 8.235000 74.734821 61.544125 2.346405 
2.000000 8.225000 74.734821 61.469390 2.346405 
2.000000 8.215000 74.734821 61.394656 2.346405 
2.000000 8.205000 74.734821 61.319921 2.346405 
2.000000 8.195000 74.734821 61.245186 2.346405 
2.000000 8.185000 74.734821 61.170451 2.346405 
2.000000 8.175000 74.734821 61.095716 2.346405 
2.000000 8.165000 74.734821 61.020981 2.346405 
2.000000 8.155000 74.734821 60.946247 2.346405 
2.000000 8.145000 74.734821 60.871512 2.346405 
2.000000 8.135000 74.734821 60.796777 2.346405 
2.000000 8.125000 74.734821 60.722042 2.346405 
2.000000 8.115000 74.734821 60.647307 2.346405 
2.000000 8.105000 74.734821 60.572573 2.346405 
2.000000 8.095000 74.734821 60.497838 2.346405 
2.000000 8.085000 74.734821 60.423103 2.346405 
2.000000 8.075000 74.734821 60.348368 2.346405 
2.000000 8.065000 74.734821 60.273633 2.346405 
2.000000 8.055000 74.734821 60.198898 2.346405 
2.000000 8.045000 74.734821 60.124164 2.346405 
2.000000 8.035000 74.734821 60.049429 2.346405 
2.000000 8.025000 74.734821 59.974694 2.346405 
2.000000 8.015000 74.734821 59.899959 2.346405 
2.000000 8.005000 74.734821 59.825224 2.346405 
2.000000 7.995000 74.734821 59.750490 2.346405 
2.000000 7.985000 74.734821 59.675755 2.346405 
2.000000 7.975000 74.734821 59.601020 2.346405 
2.000000 7.965000 74.734821 59.526285 2.346405 
2.000000 7.955000 74.734821 59.451550 2.346405 
2.000000 7.945000 74.734821 59.376815 2.346405 
2.000000 7.935000 74.734821 59.302081 2.346405 
2.000000 7.925000 74.734821 59.227346 2.346405 
2.000000 7.915000 74.734821 59.152611 2.346405 
2.000000 7.905000 74.734821 59.077876 2.346405 
2.000000 7.895000 74.734821 59.003141 2.346405 
2.000000 7.885000 74.734821 58.928407 2.346405 
2.000000 7.875000 74.734821 58.853672 2.346405 
2.000000 7.865000 74.734821 58.778937 2.346405 
2.000000 7.855000 74.734821 58.704202 2.346405 
2.000000 7.845000 74.734821 58.629467 2.346405 
2.000000 7.835000 74.734821 58.554732 2.346405 
2.000000 7.825000 74.734821 58.479998 2.346405 
2.000000 7.815000 74.734821 58.405263 2.346405 
2.000000 7.805000 74.734821 58.330528 2.346405 
2.000000 7.795000 74.734821 58.255793 2.346405 
2.000000 7.785000 74.734821 58.181058 2.346405 
2.000000 7.775000 74.734821 58.106323 2.346405 
2.000000 7.765000 74.734821 58.031589 2.346405 
2.000000 7.755000 74.734821 57.956854 2.346405 
2.000000 7.745000 74.734821 57.882119 2.346405 
2.000000 7.735000 74.734821 57.807384 2.346405 
2.000000 7.725000 74.734821 57.732649 2.346405 
2.000000 7.715000 74.734821 57.657915 2.346405 
2.000000 7.705000 74.734821 57.583180 2.346405 
2.000000 7.695000 74.734821 57.508445 2.346405 
2.000000 7.685000 74.734821 57.433710 2.346405 
2.000000 7.675000 74.734821 57.358975 2.346405 
2.000000 7.665000 74.734821 57.284240 2.346405 
2.000000 7.655000 74.734821 57.209506 2.346405 
2.000000 7.645000 74.734821 57.134771 2.346405 
2.000000 7.635000 74.734821 57.060036 2.346405 
2.000000 7.625000 74.734821 56.985301 2.346405 
2.000000 7.615000 74.734821 56.910566 2.346405 
2.000000 7.605000 74.734821 56.835832 2.346405 
2.000000 7.595000 74.734821 56.761097 2.346405 
2.000000 7.585000 74.734821 56.686362 2.346405 
2.000000 7.575000 74.734821 56.611627 2.346405 
2.000000 7.565000 74.734821 56.536892 2.346405 
2.000000 7.555000 74.734821 56.462157 2.346405 
2.000000 7.545000 74.734821 56.387423 2.346405 
2.000000 7.535000 74.734821 56.312688 2.346405 
2.000000 7.525000 74.734821 56.237953 2.346405 
2.000000 7.515000 74.734821 56.163218 2.346405 
2.000000 7.505000 74.734821 56.088483 2.346405 
2.000000 7.495000 74.734821 56.013748 2.346405 
2.000000 7.485000 74.734821 55.939014 2.346405 
2.000000 7.475000 74.734821 55.864279 2.346405 
2.000000 7.465000 74.734821 55.789544 2.346405 
2.000000 7.455000 74.734821 55.714809 2.346405 
2.000000 7.445000 74.734821 55.640074 2.346405 
2.000000 7.435000 74.734821 55.565340 2.346405 
2.000000 7.425000 74.734821 55.490605 2.346405 
2.000000 7.415000 74.734821 55.415870 2.346405 
2.000000 7.405000 74.734821 55.341135 2.346405 
2.000000 7.395000 74.734821 55.266400 2.346405 
2.000000 7.385000 74.734821 55.191665 2.346405 
2.000000 7.375000 74.734821 55.116931 2.346405 
2.000000 7.365000 74.734821 55.042196 2.346405 
2.000000 7.355000 74.734821 54.967461 2.346405 
2.000000 7.345000 74.734821 54.892726 2.346405 
2.000000 7.335000 74.734821 54.817991 2.346405 
2.000000 7.325000 74.734821 54.743257 2.346405 
2.000000 7.315000 74.734821 54.668522 2.346405 
2.000000 7.305000 74.734821 54.593787 2.346405 
2.000000 7.295000 74.734821 54.519052 2.346405 
2.000000 7.285000 74.734821 54.444317 2.346405 
2.000000 7.275000 74.734821 54.369582 2.346405 
2.000000 7.265000 74.734821 54.294848 2.346405 
2.000000 7.255000 74.734821 54.220113 2.346405 
2.000000 7.245000 74.734821 54.145378 2.346405 
2.000000 7.235000 74.734821 54.070643 2.346405 
2.000000 7.225000 74.734821 53.995908 2.346405 
2.000000 7.215000 74.734821 53.921173 2.346405 
2.000000 7.205000 74.734821 53.846439 2.346405 
2.000000 7.195000 74.734821 53.771704 2.346405 
2.000000 7.185000 74.734821 53.696969 2.346405 
2.000000 7.175000 74.734821 53.622234 2.346405 
2.000000 7.165000 74.734821 53.547499 2.346405 
2.000000 7.155000 74.734821 53.472765 2.346405 
2.000000 7.145000 74.734821 53.398030 2.346405 
2.000000 7.135000 74.734821 53.323295 2.346405 
2.000000 7.125000 74.734821 53.248560 2.346405 
2.000000 7.115000 74.734821 53.173825 2.346405 
2.000000 7.105000 74.734821 53.099090 2.346405 
2.000000 7.095000 74.734821 53.024356 2.346405 
2.000000 7.085000 74.734821 52.949621 2.346405 
2.000000 7.075000 74.734821 52.874886 2.346405 
2.000000 7.065000 74.734821 52.800151 2.346405 
2.000000 7.055000 74.734821 52.725416 2.346405 
2.000000 7.045000 74.734821 52.650682 2.346405 
2.000000 7.035000 74.734821 52.575947 2.346405 
2.000000 7.025000 74.734821 52.501212 2.346405 
2.000000 7.015000 74.734821 52.426477 2.346405 
2.000000 7.005000 74.734821 52.351742 2.346405 
2.000000 6.995000 74.734821 52.277007 2.346405 
2.000000 6.985000 74.734821 52.202273 2.346405 
2.000000 6.975000 74.734821 52.127538 2.346405 
2.000000 6.965000 74.734821 52.052803 2.346405 
2.000000 6.955000 74.734821 51.978068 2.346405 
2.000000 6.945000 74.734821 51.903333 2.346405 
2.000000 6.935000 74.734821 51.828598 2.346405 
2.000000 6.925000 74.734821 51.753864 2.346405 
2.000000 6.915000 74.734821 51.679129 2.346405 
2.000000 6.905000 74.734821 51.604394 2.346405 
2.000000 6.895000 74.734821 51.529659 2.346405 
2.000000 6.885000 74.734821 51.454924 2.346405 
2.000000 6.875000 74.734821 51.380190 2.346405 
2.000000 6.865000 74.734821 51.305455 2.346405 
2.000000 6.855000 74.734821 51.230720 2.346405 
2.000000 6.845000 74.734821 51.155985 2.346405 
2.000000 6.835000 74.734821 51.081250 2.346405 
2.000000 6.825000 74.734821 51.006515 2.346405 
2.000000 6.815000 74.734821 50.931781 2.346405 
2.000000 6.805000 74.734821 50.857046 2.346405 
2.000000 6.795000 74.734821 50.782311 2.346405 
2.000000 6.785000 74.734821 50.707576 2.346405 
2.000000 6.775000 74.734821 50.632841 2.346405 
2.000000 6.765000 74.734821 50.558107 2.346405 
2.000000 6.755000 74.734821 50.483372 2.346405 
2.000000 6.745000 74.734821 50.408637 2.346405 
2.000000 6.735000 74.734821 50.333902 2.346405 
2.000000 6.725000 74.734821 50.259167 2.346405 
2.000000 6.715000 74.734821 50.184432 2.346405 
2.000000 6.705000 74.734821 50.109698 2.346405 
2.000000 6.695000 74.734821 50.034963 2.346405 
2.000000 6.685000 74.734821 49.960228 2.346405 
2.000000 6.675000 74.734821 49.885493 2.346405 
2.000000 6.665000 74.734821 49.810758 2.346405 
2.000000 6.655000 74.734821 49.736023 2.346405 
2.000000 6.645000 74.734821 49.661289 2.346405 
2.000000 6.635000 74.734821 49.586554 2.346405 
2.000000 6.625000 74.734821 49.511819 2.346405 
2.000000 6.615000 74.734821 49.437084 2.346405 
2.000000 6.605000 74.734821 49.362349 2.346405 
2.000000 6.595000 74.734821 49.287615 2.346405 
2.000000 6.585000 74.734821 49.212880 2.346405 
2.000000 6.575000 74.734821 49.138145 2.346405 
2.000000 6.565000 74.734821 49.063410 2.346405 
2.000000 6.555000 74.734821 48.988675 2.346405 
2.000000 6.545000 74.734821 48.913940 2.346405 
2.000000 6.535000 74.734821 48.839206 2.346405 
2.000000 6.525000 74.734821 48.764471 2.346405 
2.000000 6.515000 74.734821 48.689736 2.346405 
2.000000 6.505000 74.734821 48.615001 2.346405 
2.000000 6.495000 74.734821 48.540266 2.346405 
2.000000 6.485000 74.734821 48.465532 2.346405 
2.000000 6.475000 74.734821 48.390797 2.346405 
2.000000 6.465000 74.734821 48.316062 2.346405 
2.000000 6.455000 74.734821 48.241327 2.346405 
2.000000 6.445000 74.734821 48.166592 2.346405 
2.000000 6.435000 74.734821 48.091857 2.346405 
2.000000 6.425000 74.734821 48.017123 2.346405 
2.000000 6.415000 74.734821 47.942388 2.346405 
2.000000 6.405000 74.734821 47.867653 2.346405 
2.000000 6.395000 74.734821 47.792918 2.346405 
2.000000 6.385000 74.734821 47.718183 2.346405 
2.000000 6.375000 74.734821 47.643449 2.346405 
2.000000 6.365000 74.734821 47.568714 2.346405 
2.000000 6.355000 74.734821 47.493979 2.346405 
2.000000 6.345000 74.734821 47.419244 2.346405 
2.000000 6.335000 74.734821 47.344509 2.346405 
2.000000 6.325000 74.734821 47.269774 2.346405 
2.000000 6.315000 74.734821 47.195040 2.346405 
2.000000 6.305000 74.734821 47.120305 2.346405 
2.000000 6.295000 74.734821 47.045570 2.346405 
2.000000 6.285000 74.734821 46.970835 2.346405 
2.000000 6.275000 74.734821 46.896100 2.346405 
2.000000 6.265000 74.734821 46.821365 2.346405 
2.000000 6.255000 74.734821 46.746631 2.346405 
2.000000 6.245000 74.734821 46.671896 2.346405 
2.000000 6.235000 74.734821 46.597161 2.346405 
2.000000 6.225000 74.734821 46.522426 2.346405 
2.000000 6.215000 74.734821 46.447691 2.346405 
2.000000 6.205000 74.734821 46.372957 2.346405 
2.000000 6.195000 74.734821 46.298222 2.346405 
2.000000 6.185000 74.734821 46.223487 2.346405 
2.000000 6.175000 74.734821 46.148752 2.346405 
2.000000 6.165000 74.734821 46.074017 2.346405 
2.000000 6.155000 74.734821 45.999282 2.346405 
2.000000 6.145000 74.734821 45.924548 2.346405 
2.000000 6.135000 74.734821 45.849813 2.346405 
2.000000 6.125000 74.734821 45.775078 2.346405 
2.000000 6.115000 74.734821 45.700343 2.346405 
2.000000 6.105000 74.734821 45.625608 2.346405 
2.000000 6.095000 74.734821 45.550874 2.346405 
2.000000 6.085000 74.734821 45.476139 2.346405 
2.000000 6.075000 74.734821 45.401404 2.346405 
2.000000 6.065000 74.734821 45.326669 2.346405 
2.000000 6.055000 74.734821 45.251934 2.346405 
2.000000 6.045000 74.734821 45.177199 2.346405 
2.000000 6.035000 74.734821 45.102465 2.346405 
2.000000 6.025000 74.734821 45.027730 2.346405 
2.000000 6.015000 74.734821 44.952995 2.346405 
2.000000 6.005000 74.734821 44.878260 2.346405 
2.000000 5.995000 74.734821 44.803525 2.346405 
2.000000 5.985000 74.734821 44.728790 2.346405 
2.000000 5.975000 74.734821 44.654056 2.346405 
2.000000 5.965000 74.734821 44.579321 2.346405 
2.000000 5.955000 74.734821 44.504586 2.346405 
2.000000 5.945000 74.734821 44.429851 2.346405 
2.000000 5.935000 74.734821 44.355116 2.346405 
2.000000 5.925000 74.734821 44.280382 2.346405 
2.000000 5.915000 74.734821 44.205647 2.346405 
2.000000 5.905000 74.734821 44.130912 2.346405 
2.000000 5.895000 74.734821 44.056177 2.346405 
2.000000 5.885000 74.734821 43.981442 2.346405 
2.000000 5.875000 74.734821 43.906707 2.346405 
2.000000 5.865000 74.734821 43.831973 2.346405 
2.000000 5.855000 74.734821 43.757238 2.346405 
2.000000 5.845000 74.734821 43.682503 2.346405 
2.000000 5.835000 74.734821 43.607768 2.346405 
2.000000 5.825000 74.734821 43.533033 2.346405 
2.000000 5.815000 74.734821 43.458299 2.346405 
2.000000 5.805000 74.734821 43.383564 2.346405 
2.000000 5.795000 74.734821 43.308829 2.346405 
2.000000 5.785000 74.734821 43.234094 2.346405 
2.000000 5.775000 74.734821 43.159359 2.346405 
2.000000 5.765000 74.734821 43.084624 2.346405 
2.000000 5.755000 74.734821 43.009890 2.346405 
2.000000 5.745000 74.734821 42.935155 2.346405 
2.000000 5.735000 74.734821 42.860420 2.346405 
2.000000 5.725000 74.734821 42.785685 2.346405 
2.000000 5.715000 74.734821 42.710950 2.346405 
2.000000 5.705000 74.734821 42.636215 2.346405 
2.000000 5.695000 74.734821 42.561481 2.346405 
2.000000 5.685000 74.734821 42.486746 2.346405 
2.000000 5.675000 74.734821 42.412011 2.346405 
2.000000 5.665000 74.734821 42.337276 2.346405 
2.000000 5.655000 74.734821 42.262541 2.346405 
2.000000 5.645000 74.734821 42.187807 2.346405 
2.000000 5.635000 74.734821 42.113072 2.346405 
2.000000 5.625000 74.734821 42.038337 2.346405 
2.000000 5.615000 74.734821 41.963602 2.346405 
2.000000 5.605000 74.734821 41.888867 2.346405 
2.000000 5.595000 74.734821 41.814132 2.346405 
2.000000 5.585000 74.734821 41.739398 2.346405 
2.000000 5.575000 74.734821 41.664663 2.346405 
2.000000 5.565000 74.734821 41.589928 2.346405 
2.000000 5.555000 74.734821 41.515193 2.346405 
2.000000 5.545000 74.734821 41.440458 2.346405 
2.000000 5.535000 74.734821 41.365724 2.346405 
2.000000 5.525000 74.734821 41.290989 2.346405 
2.000000 5.515000 74.734821 41.216254 2.346405 
2.000000 5.505000 74.734821 41.141519 2.346405 
2.000000 5.495000 74.734821 41.066784 2.346405 
2.000000 5.485000 74.734821 40.992049 2.346405 
2.000000 5.475000 74.734821 40.917315 2.346405 
2.000000 5.465000 74.734821 40.842580 2.346405 
2.000000 5.455000 74.734821 40.767845 2.346405 
2.000000 5.445000 74.734821 40.693110 2.346405 
2.000000 5.435000 74.734821 40.618375 2.346405 
2.000000 5.425000 74.734821 40.543640 2.346405 
2.000000 5.415000 74.734821 40.468906 2.346405 
2.000000 5.405000 74.734821 40.394171 2.346405 
2.000000 5.395000 74.734821 40.319436 2.346405 
2.000000 5.385000 74.734821 40.244701 2.346405 
2.000000 5.375000 74.734821 40.169966 2.346405 
2.000000 5.365000 74.734821 40.095232 2.346405 
2.000000 5.355000 74.734821 40.020497 2.346405 
2.000000 5.345000 74.734821 39.945762 2.346405 
2.000000 5.335000 74.734821 39.871027 2.346405 
2.000000 5.325000 74.734821 39.796292 2.346405 
2.000000 5.315000 74.734821 39.721557 2.346405 
2.000000 5.305000 74.734821 39.646823 2.346405 
2.000000 5.295000 74.734821 39.572088 2.346405 
2.000000 5.285000 74.734821 39.497353 2.346405 
2.000000 5.275000 74.734821 39.422618 2.346405 
2.000000 5.265000 74.734821 39.347883 2.346405 
2.000000 5.255000 74.734821 39.273149 2.346405 
2.000000 5.245000 74.734821 39.198414 2.346405 
2.000000 5.235000 74.734821 39.123679 2.346405 
2.000000 5.225000 74.734821 39.048944 2.346405 
2.000000 5.215000 74.734821 38.974209 2.346405 
2.000000 5.205000 74.734821 38.899474 2.346405 
2.000000 5.195000 74.734821 38.824740 2.346405 
2.000000 5.185000 74.734821 38.750005 2.346405 
2.000000 5.175000 74.734821 38.675270 2.346405 
2.000000 5.165000 74.734821 38.600535 2.346405 
2.000000 5.155000 74.734821 38.525800 2.346405 
2.000000 5.145000 74.734821 38.451065 2.346405 
2.000000 5.135000 74.734821 38.376331 2.346405 
2.000000 5.125000 74.734821 38.301596 2.346405 
2.000000 5.115000 74.734821 38.226861 2.346405 
2.000000 5.105000 74.734821 38.152126 2.346405 
2.000000 5.095000 74.734821 38.077391 2.346405 
2.000000 5.085000 74.734821 38.002657 2.346405 
2.000000 5.075000 74.734821 37.927922 2.346405 
2.000000 5.065000 74.734821 37.853187 2.346405 
2.000000 5.055000 74.734821 37.778452 2.346405 
2.000000 5.045000 74.734821 37.703717 2.346405 
2.000000 5.035000 74.734821 37.628982 2.346405 
2.000000 5.025000 74.734821 37.554248 2.346405 
2.000000 5.015000 74.734821 37.479513 2.346405 
2.000000 5.005000 74.734821 37.404778 2.346405 
2.000000 4.995000 74.734821 37.330043 2.346405 
2.000000 4.985000 74.734821 37.255308 2.346405 
2.000000 4.975000 74.734821 37.180574 2.346405 
2.000000 4.965000 74.734821 37.105839 2.346405 
2.000000 4.955000 74.734821 37.031104 2.346405 
2.000000 4.945000 74.734821 36.956369 2.346405 
2.000000 4.935000 74.734821 36.881634 2.346405 
2.000000 4.925000 74.734821 36.806899 2.346405 
2.000000 4.915000 74.734821 36.732165 2.346405 
2.000000 4.905000 74.734821 36.657430 2.346405 
2.000000 4.895000 74.734821 36.582695 2.346405 
2.000000 4.885000 74.734821 36.507960 2.346405 
2.000000 4.875000 74.734821 36.433225 2.346405 
2.000000 4.865000 74.734821 36.358491 2.346405 
2.000000 4.855000 74.734821 36.283756 2.346405 
2.000000 4.845000 74.734821 36.209021 2.346405 
2.000000 4.835000 74.734821 36.134286 2.346405 
2.000000 4.825000 74.734821 36.059551 2.346405 
2.000000 4.815000 74.734821 35.984816 2.346405 
2.000000 4.805000 74.734821 35.910082 2.346405 
2.000000 4.795000 74.734821 35.835347 2.346405 
2.000000 4.785000 74.734821 35.760612 2.346405 
2.000000 4.775000 74.734821 35.685877 2.346405 
2.000000 4.765000 74.734821 35.611142 2.346405 
2.000000 4.755000 74.734821 35.536407 2.346405 
2.000000 4.745000 74.734821 35.461673 2.346405 
2.000000 4.735000 74.734821 35.386938 2.346405 
2.000000 4.725000 74.734821 35.312203 2.346405 
2.000000 4.715000 74.734821 35.237468 2.346405 
2.000000 4.705000 74.734821 35.162733 2.346405 
2.000000 4.695000 74.734821 35.087999 2.346405 
2.000000 4.685000 74.734821 35.013264 2.346405 
2.000000 4.675000 74.734821 34.938529 2.346405 
2.000000 4.665000 74.734821 34.863794 2.346405 
2.000000 4.655000 74.734821 34.789059 2.346405 
2.000000 4.645000 74.734821 34.714324 2.346405 
2.000000 4.635000 74.734821 34.639590 2.346405 
2.000000 4.625000 74.734821 34.564855 2.346405 
2.000000 4.615000 74.734821 34.490120 2.346405 
2.000000 4.605000 74.734821 34.415385 2.346405 
2.000000 4.595000 74.734821 34.340650 2.346405 
2.000000 4.585000 74.734821 34.265916 2.346405 
2.000000 4.575000 74.734821 34.191181 2.346405 
2.000000 4.565000 74.734821 34.116446 2.346405 
2.000000 4.555000 74.734821 34.041711 2.346405 
2.000000 4.545000 74.734821 33.966976 2.346405 
2.000000 4.535000 74.734821 33.892241 2.346405 
2.000000 4.525000 74.734821 33.817507 2.346405 
2.000000 4.515000 74.734821 33.742772 2.346405 
2.000000 4.505000 74.734821 33.668037 2.346405 
2.000000 4.495000 74.734821 33.593302 2.346405 
2.000000 4.485000 74.734821 33.518567 2.346405 
2.000000 4.475000 74.734821 33.443832 2.346405 
2.000000 4.465000 74.734821 33.369098 2.346405 
2.000000 4.455000 74.734821 33.294363 2.346405 
2.000000 4.445000 74.734821 33.219628 2.346405 
2.000000 4.435000 74.734821 33.144893 2.346405 
2.000000 4.425000 74.734821 33.070158 2.346405 
2.000000 4.415000 74.734821 32.995424 2.346405 
2.000000 4.405000 74.734821 32.920689 2.346405 
2.000000 4.395000 74.734821 32.845954 2.346405 
2.000000 4.385000 74.734821 32.771219 2.346405 
2.000000 4.375000 74.734821 32.696484 2.346405 
2.000000 4.365000 74.734821 32.621749 2.346405 
2.000000 4.355000 74.734821 32.547015 2.346405 
2.000000 4.345000 74.734821 32.472280 2.346405 
2.000000 4.335000 74.734821 32.397545 2.346405 
2.000000 4.325000 74.734821 32.322810 2.346405 
2.000000 4.315000 74.734821 32.248075 2.346405 
2.000000 4.305000 74.734821 32.173341 2.346405 
2.000000 4.295000 74.734821 32.098606 2.346405 
2.000000 4.285000 74.734821 32.023871 2.346405 
2.000000 4.275000 74.734821 31.949136 2.346405 
2.000000 4.265000 74.734821 31.874401 2.346405 
2.000000 4.255000 74.734821 31.799666 2.346405 
2.000000 4.245000 74.734821 31.724932 2.346405 
2.000000 4.235000 74.734821 31.650197 2.346405 
2.000000 4.225000 74.734821 31.575462 2.346405 
2.000000 4.215000 74.734821 31.500727 2.346405 
2.000000 4.205000 74.734821 31.425992 2.346405 
2.000000 4.195000 74.734821 31.351257 2.346405 
2.000000 4.185000 74.734821 31.276523 2.346405 
2.000000 4.175000 74.734821 31.201788 2.346405 
2.000000 4.165000 74.734821 31.127053 2.346405 
2.000000 4.155000 74.734821 31.052318 2.346405 
2.000000 4.145000 74.734821 30.977583 2.346405 
2.000000 4.135000 74.734821 30.902849 2.346405 
2.000000 4.125000 74.734821 30.828114 2.346405 
2.000000 4.115000 74.734821 30.753379 2.346405 
2.000000 4.105000 74.734821 30.678644 2.346405 
2.000000 4.095000 74.734821 30.603909 2.346405 
2.000000 4.085000 74.734821 30.529174 2.346405 
2.000000 4.075000 74.734821 30.454440 2.346405 
2.000000 4.065000 74.734821 30.379705 2.346405 
2.000000 4.055000 74.734821 30.304970 2.346405 
2.000000 4.045000 74.734821 30.230235 2.346405 
2.000000 4.035000 74.734821 30.155500 2.346405 
2.000000 4.025000 74.734821 30.080766 2.346405 
2.000000 4.015000 74.734821 30.006031 2.346405 
2.000000 4.005000 74.734821 29.931296 2.346405 
2.000000 3.995000 74.734821 29.856561 2.346405 
2.000000 3.985000 74.734821 29.781826 2.346405 
2.000000 3.975000 74.734821 29.707091 2.346405 
2.000000 3.965000 74.734821 29.632357 2.346405 
2.000000 3.955000 74.734821 29.557622 2.346405 
2.000000 3.945000 74.734821 29.482887 2.346405 
2.000000 3.935000 74.734821 29.408152 2.346405 
2.000000 3.925000 74.734821 29.333417 2.346405 
2.000000 3.915000 74.734821 29.258682 2.346405 
2.000000 3.905000 74.734821 29.183948 2.346405 
2.000000 3.895000 74.734821 29.109213 2.346405 
2.000000 3.885000 74.734821 29.034478 2.346405 
2.000000 3.875000 74.734821 28.959743 2.346405 
2.000000 3.865000 74.734821 28.885008 2.346405 
2.000000 3.855000 74.734821 28.810274 2.346405 
2.000000 3.845000 74.734821 28.735539 2.346405 
2.000000 3.835000 74.734821 28.660804 2.346405 
2.000000 3.825000 74.734821 28.586069 2.346405 
2.000000 3.815000 74.734821 28.511334 2.346405 
2.000000 3.805000 74.734821 28.436599 2.346405 
2.000000 3.795000 74.734821 28.361865 2.346405 
2.000000 3.785000 74.734821 28.287130 2.346405 
2.000000 3.775000 74.734821 28.212395 2.346405 
2.000000 3.765000 74.734821 28.137660 2.346405 
2.000000 3.755000 74.734821 28.062925 2.346405 
2.000000 3.745000 74.734821 27.988191 2.346405 
2.000000 3.735000 74.734821 27.913456 2.346405 
2.000000 3.725000 74.734821 27.838721 2.346405 
2.000000 3.715000 74.734821 27.763986 2.346405 
2.000000 3.705000 74.734821 27.689251 2.346405 
2.000000 3.695000 74.734821 27.614516 2.346405 
2.000000 3.685000 74.734821 27.539782 2.346405 
2.000000 3.675000 74.734821 27.465047 2.346405 
2.000000 3.665000 74.734821 27.390312 2.346405 
2.000000 3.655000 74.734821 27.315577 2.346405 
2.000000 3.645000 74.734821 27.240842 2.346405 
2.000000 3.635000 74.734821 27.166108 2.346405 
2.000000 3.625000 74.734821 27.091373 2.346405 
2.000000 3.615000 74.734821 27.016638 2.346405 
2.000000 3.605000 74.734821 26.941903 2.346405 
2.000000 3.595000 74.734821 26.867168 2.346405 
2.000000 3.585000 74.734821 26.792433 2.346405 
2.000000 3.575000 74.734821 26.717699 2.346405 
2.000000 3.565000 74.734821 26.642964 2.346405 
2.000000 3.555000 74.734821 26.568229 2.346405 
2.000000 3.545000 74.734821 26.493494 2.346405 
2.000000 3.535000 74.734821 26.418759 2.346405 
2.000000 3.525000 74.734821 26.344024 2.346405 
2.000000 3.515000 74.734821 26.269290 2.346405 
2.000000 3.505000 74.734821 26.194555 2.346405 
2.000000 3.495000 74.734821 26.119820 2.346405 
2.000000 3.485000 74.734821 26.045085 2.346405 
2.000000 3.475000 74.734821 25.970350 2.346405 
2.000000 3.465000 74.734821 25.895616 2.346405 
2.000000 3.455000 74.734821 25.820881 2.346405 
2.000000 3.445000 74.734821 25.746146 2.346405 
2.000000 3.435000 74.734821 25.671411 2.346405 
2.000000 3.425000 74.734821 25.596676 2.346405 
2.000000 3.415000 74.734821 25.521941 2.346405 
2.000000 3.405000 74.734821 25.447207 2.346405 
2.000000 3.395000 74.734821 25.372472 2.346405 
2.000000 3.385000 74.734821 25.297737 2.346405 
2.000000 3.375000 74.734821 25.223002 2.346405 
2.000000 3.365000 74.734821 25.148267 2.346405 
2.000000 3.355000 74.734821 25.073533 2.346405 
2.000000 3.345000 74.734821 24.998798 2.346405 
2.000000 3.335000 74.734821 24.924063 2.346405 
2.000000 3.325000 74.734821 24.849328 2.346405 
2.000000 3.315000 74.734821 24.774593 2.346405 
2.000000 3.305000 74.734821 24.699858 2.346405 
2.000000 3.295000 74.734821 24.625124 2.346405 
2.000000 3.285000 74.734821 24.550389 2.346405 
2.000000 3.275000 74.734821 24.475654 2.346405 
2.000000 3.265000 74.734821 24.400919 2.346405 
2.000000 3.255000 74.734821 24.326184 2.346405 
2.000000 3.245000 74.734821 24.251449 2.346405 
2.000000 3.235000 74.734821 24.176715 2.346405 
2.000000 3.225000 74.734821 24.101980 2.346405 
2.000000 3.215000 74.734821 24.027245 2.346405 
2.000000 3.205000 74.734821 23.952510 2.346405 
2.000000 3.195000 74.734821 23.877775 2.346405 
2.000000 3.185000 74.734821 23.803041 2.346405 
2.000000 3.175000 74.734821 23.728306 2.346405 
2.000000 3.165000 74.734821 23.653571 2.346405 
2.000000 3.155000 74.734821 23.578836 2.346405 
2.000000 3.145000 74.734821 23.504101 2.346405 
2.000000 3.135000 74.734821 23.429366 2.346405 
2.000000 3.125000 74.734821 23.354632 2.346405 
2.000000 3.115000 74.734821 23.279897 2.346405 
2.000000 3.105000 74.734821 23.205162 2.346405 
2.000000 3.095000 74.734821 23.130427 2.346405 
2.000000 3.085000 74.734821 23.055692 2.346405 
2.000000 3.075000 74.734821 22.980958 2.346405 
2.000000 3.065000 74.734821 22.906223 2.346405 
2.000000 3.055000 74.734821 22.831488 2.346405 
2.000000 3.045000 74.734821 22.756753 2.346405 
2.000000 3.035000 74.734821 22.682018 2.346405 
2.000000 3.025000 74.734821 22.607283 2.346405 
2.000000 3.015000 74.734821 22.532549 2.346405 
2.000000 3.005000 74.734821 22.457814 2.346405 
2.000000 2.995000 74.734821 22.383079 2.346405 
2.000000 2.985000 74.734821 22.308344 2.346405 
2.000000 2.975000 74.734821 22.233609 2.346405 
2.000000 2.965000 74.734821 22.158874 2.346405 
2.000000 2.955000 74.734821 22.084140 2.346405 
2.000000 2.945000 74.734821 22.009405 2.346405 
2.000000 2.935000 74.734821 21.934670 2.346405 
2.000000 2.925000 74.734821 21.859935 2.346405 
2.000000 2.915000 74.734821 21.785200 2.346405 
2.000000 2.905000 74.734821 21.710466 2.346405 
2.000000 2.895000 74.734821 21.635731 2.346405 
2.000000 2.885000 74.734821 21.560996 2.346405 
2.000000 2.875000 74.734821 21.486261 2.346405 
2.000000 2.865000 74.734821 21.411526 2.346405 
2.000000 2.855000 74.734821 21.336791 2.346405 
2.000000 2.845000 74.734821 21.262057 2.346405 
2.000000 2.835000 74.734821 21.187322 2.346405 
2.000000 2.825000 74.734821 21.112587 2.346405 
2.000000 2.815000 74.734821 21.037852 2.346405 
2.000000 2.805000 74.734821 20.963117 2.346405 
2.000000 2.795000 74.734821 20.888383 2.346405 
2.000000 2.785000 74.734821 20.813648 2.346405 
2.000000 2.775000 74.734821 20.738913 2.346405 
2.000000 2.765000 74.734821 20.664178 2.346405 
2.000000 2.755000 74.734821 20.589443 2.346405 
2.000000 2.745000 74.734821 20.514708 2.346405 
2.000000 2.735000 74.734821 20.439974 2.346405 
2.000000 2.725000 74.734821 20.365239 2.346405 
2.000000 2.715000 74.734821 20.290504 2.346405 
2.000000 2.705000 74.734821 20.215769 2.346405 
2.000000 2.695000 74.734821 20.141034 2.346405 
2.000000 2.685000 74.734821 20.066299 2.346405 
2.000000 2.675000 74.734821 19.991565 2.346405 
2.000000 2.665000 74.734821 19.916830 2.346405 
2.000000 2.655000 74.734821 19.842095 2.346405 
2.000000 2.645000 74.734821 19.767360 2.346405 
2.000000 2.635000 74.734821 19.692625 2.346405 
2.000000 2.625000 74.734821 19.617891 2.346405 
2.000000 2.615000 74.734821 19.543156 2.346405 
2.000000 2.605000 74.734821 19.468421 2.346405 
2.000000 2.595000 74.734821 19.393686 2.346405 
2.000000 2.585000 74.734821 19.318951 2.346405 
2.000000 2.575000 74.734821 19.244216 2.346405 
2.000000 2.565000 74.734821 19.169482 2.346405 
2.000000 2.555000 74.734821 19.094747 2.346405 
2.000000 2.545000 74.734821 19.020012 2.346405 
2.000000 2.535000 74.734821 18.945277 2.346405 
2.000000 2.525000 74.734821 18.870542 2.346405 
2.000000 2.515000 74.734821 18.795808 2.346405 
2.000000 2.505000 74.734821 18.721073 2.346405 
2.000000 2.495000 74.734821 18.646338 2.346405 
2.000000 2.485000 74.734821 18.571603 2.346405 
2.000000 2.475000 74.734821 18.496868 2.346405 
2.000000 2.465000 74.734821 18.422133 2.346405 
2.000000 2.455000 74.734821 18.347399 2.346405 
2.000000 2.445000 74.734821 18.272664 2.346405 
2.000000 2.435000 74.734821 18.197929 2.346405 
2.000000 2.425000 74.734821 18.123194 2.346405 
2.000000 2.415000 74.734821 18.048459 2.346405 
2.000000 2.405000 74.734821 17.973724 2.346405 
2.000000 2.395000 74.734821 17.898990 2.346405 
2.000000 2.385000 74.734821 17.824255 2.346405 
2.000000 2.375000 74.734821 17.749520 2.346405 
2.000000 2.365000 74.734821 17.674785 2.346405 
2.000000 2.355000 74.734821 17.600050 2.346405 
1.996451 2.345000 74.734821 17.525316 2.344267 
1.982174 2.335000 74.734821 17.450581 2.333754 
1.967764 2.325000 74.734821 17.375846 2.323168 
1.953218 2.315000 74.734821 17.301111 2.312508 
1.942220 2.305000 74.734821 17.226376 2.304462 
1.927435 2.295000 74.734821 17.151641 2.293665 
1.912512 2.285000 74.734821 17.076907 2.282786 
1.901228 2.275000 74.734821 17.002172 2.274572 
1.886059 2.265000 74.734821 16.927437 2.263542 
1.870748 2.255000 74.734821 16.852702 2.252422 
1.859170 2.245000 74.734821 16.777967 2.244020 
1.843606 2.235000 74.734821 16.703233 2.232734 
1.831836 2.225000 74.734821 16.628498 2.224204 
1.816015 2.215000 74.734821 16.553763 2.212741 
1.804050 2.205000 74.734821 16.479028 2.204075 
1.787966 2.195000 74.734821 16.404293 2.192424 
1.775803 2.185000 74.734821 16.329558 2.183613 
1.763553 2.175000 74.734821 16.254824 2.174736 
1.747084 2.165000 74.734821 16.180089 2.162797 
1.734630 2.155000 74.734821 16.105354 2.153762 
1.722086 2.145000 74.734821 16.030619 2.144656 
1.705222 2.135000 74.734821 15.955884 2.132400 
1.692467 2.125000 74.734821 15.881150 2.123121 
1.679621 2.115000 74.734821 15.806415 2.113764 
1.666682 2.105000 74.734821 15.731680 2.104327 
1.653649 2.095000 74.734821 15.656945 2.094808 
1.636124 2.085000 74.734821 15.582210 2.081984 
1.622870 2.075000 74.734821 15.507475 2.072265 
1.609518 2.065000 74.734821 15.432741 2.062455 
1.596068 2.055000 74.734821 15.358006 2.052553 
1.582520 2.045000 74.734821 15.283271 2.042556 
1.568872 2.035000 74.734821 15.208536 2.032461 
1.555123 2.025000 74.734821 15.133801 2.022265 
1.541272 2.015000 74.734821 15.059066 2.011965 
1.527318 2.005000 74.734821 14.984332 2.001558 
1.517957 1.995000 74.734821 14.909597 1.994560 
1.503828 1.985000 74.734821 14.834862 1.983968 
1.489593 1.975000 74.734821 14.760127 1.973260 
1.475251 1.965000 74.734821 14.685392 1.962434 
1.460800 1.955000 74.734821 14.610658 1.951484 
1.451104 1.945000 74.734821 14.535923 1.944115 
1.436469 1.935000 74.734821 14.461188 1.932952 
1.421721 1.925000 74.734821 14.386453 1.921655 
1.411825 1.915000 74.734821 14.311718 1.914048 
1.396887 1.905000 74.734821 14.236983 1.902520 
1.386863 1.895000 74.734821 14.162249 1.894754 
1.371730 1.885000 74.734821 14.087514 1.882981 
1.356479 1.875000 74.734821 14.012779 1.871054 
1.346244 1.865000 74.734821 13.938044 1.863015 
1.335955 1.855000 74.734821 13.863309 1.854904 
1.320420 1.845000 74.734821 13.788575 1.842599 
1.309994 1.835000 74.734821 13.713840 1.834300 
1.294250 1.825000 74.734821 13.639105 1.821704 
1.283684 1.815000 74.734821 13.564370 1.813207 
1.273061 1.805000 74.734821 13.489635 1.804626 
1.257017 1.795000 74.734821 13.414900 1.791596 
1.246249 1.785000 74.734821 13.340166 1.782799 
1.235421 1.775000 74.734821 13.265431 1.773912 
1.224533 1.765000 74.734821 13.190696 1.764932 
1.208089 1.755000 74.734821 13.115961 1.751285 
1.197049 1.745000 74.734821 13.041226 1.742063 
1.185947 1.735000 74.734821 12.966491 1.732741 
1.174783 1.725000 74.734821 12.891757 1.723315 
1.163555 1.715000 74.734821 12.817022 1.713782 
1.152264 1.705000 74.734821 12.742287 1.704140 
1.140907 1.695000 74.734821 12.667552 1.694386 
1.129486 1.685000 74.734821 12.592817 1.684516 
1.117997 1.675000 74.734821 12.518083 1.674527 
1.106442 1.665000 74.734821 12.443348 1.664416 
1.094819 1.655000 74.734821 12.368613 1.654179 
1.083128 1.645000 74.734821 12.293878 1.643813 
1.071366 1.635000 74.734821 12.219143 1.633315 
1.059535 1.625000 74.734821 12.144408 1.622679 
1.047632 1.615000 74.734821 12.069674 1.611901 
1.035657 1.605000 74.734821 11.994939 1.600979 
1.023610 1.595000 74.734821 11.920204 1.589906 
1.017558 1.585000 74.734821 11.845469 1.584312 
1.005399 1.575000 74.734821 11.770734 1.573005 
0.993164 1.565000 74.734821 11.696000 1.561535 
0.980853 1.555000 74.734821 11.621265 1.549899 
0.974668 1.545000 74.734821 11.546530 1.544015 
0.962240 1.535000 74.734821 11.471795 1.532117 
0.949733 1.525000 74.734821 11.397060 1.520036 
0.943449 1.515000 74.734821 11.322325 1.513925 
0.930821 1.505000 74.734821 11.247591 1.501559 
0.918111 1.495000 74.734821 11.172856 1.488994 
0.911724 1.485000 74.734821 11.098121 1.482635 
0.898889 1.475000 74.734821 11.023386 1.469759 
0.892439 1.465000 74.734821 10.948651 1.463240 
0.879475 1.455000 74.734821 10.873916 1.450036 
0.872960 1.445000 74.734821 10.799182 1.443348 
0.859864 1.435000 74.734821 10.724447 1.429796 
0.853283 1.425000 74.734821 10.649712 1.422929 
0.840053 1.415000 74.734821 10.574977 1.409009 
0.833404 1.405000 74.734821 10.500242 1.401953 
0.826731 1.395000 74.734821 10.425508 1.394831 
0.813316 1.385000 74.734821 10.350773 1.380384 
0.806573 1.375000 74.734821 10.276038 1.373057 
0.793016 1.365000 74.734821 10.201303 1.358187 
0.786201 1.355000 74.734821 10.126568 1.350641 
0.779361 1.345000 74.734821 10.051833 1.343019 
0.765607 1.335000 74.734821 9.977099 1.327541 
0.758693 1.325000 74.734821 9.902364 1.319680 
0.751753 1.315000 74.734821 9.827629 1.311737 
0.744787 1.305000 74.734821 9.752894 1.303709 
0.730778 1.295000 74.734821 9.678159 1.287390 
0.723734 1.285000 74.734821 9.603425 1.279096 
0.716663 1.275000 74.734821 9.528690 1.270708 
0.709565 1.265000 74.734821 9.453955 1.262224 
0.702440 1.255000 74.734821 9.379220 1.253643 
0.695288 1.245000 74.734821 9.304485 1.244962 
0.680900 1.235000 74.734821 9.229750 1.227289 
0.673664 1.225000 74.734821 9.155016 1.218292 
0.666399 1.215000 74.734821 9.080281 1.209184 
0.659105 1.205000 74.734821 9.005546 1.199962 
0.651782 1.195000 74.734821 8.930811 1.190624 
0.644429 1.185000 74.734821 8.856076 1.181165 
0.637047 1.175000 74.734821 8.781341 1.171584 
0.629634 1.165000 74.734821 8.706607 1.161876 
0.622191 1.155000 74.734821 8.631872 1.152038 
0.614717 1.145000 74.734821 8.557137 1.142066 
0.607212 1.135000 74.734821 8.482402 1.131956 
0.599675 1.125000 74.734821 8.407667 1.121705 
0.592106 1.115000 74.734821 8.332933 1.111308 
0.584505 1.105000 74.734821 8.258198 1.100760 
0.576872 1.095000 74.734821 8.183463 1.090057 
0.569205 1.085000 74.734821 8.108728 1.079194 
0.561504 1.075000 74.734821 8.033993 1.068167 
0.553770 1.065000 74.734821 7.959258 1.056969 
0.546002 1.055000 74.734821 7.884524 1.045596 
0.538198 1.045000 74.734821 7.809789 1.034041 
0.538198 1.035000 74.734821 7.735054 1.034041 
0.530360 1.025000 74.734821 7.660319 1.022298 
0.522485 1.015000 74.734821 7.585584 1.010361 
0.514575 1.005000 74.734821 7.510850 0.998224 
0.506628 0.995000 74.734821 7.436115 0.985878 
0.498643 0.985000 74.734821 7.361380 0.973317 
0.498643 0.975000 74.734821 7.286645 0.973317 
0.490622 0.965000 74.734821 7.211910 0.960533 
0.482561 0.955000 74.734821 7.137175 0.947517 
0.474463 0.945000 74.734821 7.062441 0.934260 
0.474463 0.935000 74.734821 6.987706 0.934260 
0.466324 0.925000 74.734821 6.912971 0.920753 
0.458146 0.915000 74.734821 6.838236 0.906986 
0.449928 0.905000 74.734821 6.763501 0.892950 
0.449928 0.895000 74.734821 6.688766 0.892950 
0.441668 0.885000 74.734821 6.614032 0.878631 
0.433367 0.875000 74.734821 6.539297 0.864020 
0.433367 0.865000 74.734821 6.464562 0.864020 
0.425024 0.855000 74.734821 6.389827 0.849102 
0.416637 0.845000 74.734821 6.315092 0.833865 
0.416637 0.835000 74.734821 6.240358 0.833865 
0.408207 0.825000 74.734821 6.165623 0.818295 
0.399732 0.815000 74.734821 6.090888 0.802376 
0.399732 0.805000 74.734821 6.016153 0.802376 
0.391212 0.795000 74.734821 5.941418 0.786091 
0.382647 0.785000 74.734821 5.866683 0.769424 
0.382647 0.775000 74.734821 5.791949 0.769424 
0.374034 0.765000 74.734821 5.717214 0.752356 
0.374034 0.755000 74.734821 5.642479 0.752356 
0.365375 0.745000 74.734821 5.567744 0.734865 
0.365375 0.735000 74.734821 5.493009 0.734865 
0.356666 0.725000 74.734821 5.418275 0.716932 
0.347909 0.715000 74.734821 5.343540 0.698531 
0.347909 0.705000 74.734821 5.268805 0.698531 
0.339102 0.695000 74.734821 5.194070 0.679639 
0.339102 0.685000 74.734821 5.119335 0.679639 
0.330243 0.675000 74.734821 5.044600 0.660227 
0.330243 0.665000 74.734821 4.969866 0.660227 
0.321333 0.655000 74.734821 4.895131 0.640266 
0.321333 0.645000 74.734821 4.820396 0.640266 
0.312369 0.635000 74.734821 4.745661 0.619723 
0.312369 0.625000 74.734821 4.670926 0.619723 
0.303352 0.615000 74.734821 4.596192 0.598563 
0.303352 0.605000 74.734821 4.521457 0.598563 
0.294279 0.595000 74.734821 4.446722 0.576749 
0.294279 0.585000 74.734821 4.371987 0.576749 
0.285150 0.575000 74.734821 4.297252 0.554237 
0.285150 0.565000 74.734821 4.222517 0.554237 
0.285150 0.555000 74.734821 4.147783 0.554237 
0.275964 0.545000 74.734821 4.073048 0.530982 
0.275964 0.535000 74.734821 3.998313 0.530982 
0.266719 0.525000 74.734821 3.923578 0.506933 
0.266719 0.515000 74.734821 3.848843 0.506933 
0.257414 0.505000 74.734821 3.774108 0.482034 
0.257414 0.495000 74.734821 3.699374 0.482034 
0.257414 0.485000 74.734821 3.624639 0.482034 
0.248048 0.475000 74.734821 3.549904 0.456223 
0.248048 0.465000 74.734821 3.475169 0.456223 
0.238619 0.455000 74.734821 3.400434 0.429431 
0.238619 0.445000 74.734821 3.325700 0.429431 
0.238619 0.435000 74.734821 3.250965 0.429431 
0.229126 0.425000 74.734821 3.176230 0.401582 
0.229126 0.415000 74.734821 3.101495 0.401582 
0.229126 0.405000 74.734821 3.026760 0.401582 
0.219567 0.395000 74.734821 2.952025 0.372592 
0.219567 0.385000 74.734821 2.877291 0.372592 
0.219567 0.375000 74.734821 2.802556 0.372592 
0.209941 0.365000 74.734821 2.727821 0.342363 
0.209941 0.355000 74.734821 2.653086 0.342363 
0.209941 0.345000 74.734821 2.578351 0.342363 
0.200247 0.335000 74.734821 2.503617 0.310790 
0.200247 0.325000 74.734821 2.428882 0.310790 
0.200247 0.315000 74.734821 2.354147 0.310790 
0.190481 0.305000 74.734821 2.279412 0.277750 
0.190481 0.295000 74.734821 2.204677 0.277750 
0.190481 0.285000 74.734821 2.129942 0.277750 
0.180643 0.275000 74.734821 2.055208 0.243109 
0.180643 0.265000 74.734821 1.980473 0.243109 
0.180643 0.255000 74.734821 1.905738 0.243109 
0.180643 0.245000 74.734821 1.831003 0.243109 
0.170731 0.235000 74.734821 1.756268 0.206712 
0.170731 0.225000 74.734821 1.681533 0.206712 
0.170731 0.215000 74.734821 1.606799 0.206712 
0.160742 0.205000 74.734821 1.532064 0.168383 
0.160742 0.195000 74.734821 1.457329 0.168383 
0.160742 0.185000 74.734821 1.382594 0.168383 
0.160742 0.175000 74.734821 1.307859 0.168383 
0.150674 0.165000 74.734821 1.233125 0.127925 
0.150674 0.155000 74.734821 1.158390 0.127925 
0.150674 0.145000 74.734821 1.083655 0.127925 
0.150674 0.135000 74.734821 1.008920 0.127925 
0.140526 0.125000 74.734821 0.934185 0.085114 
0.140526 0.115000 74.734821 0.859450 0.085114 
0.140526 0.105000 74.734821 0.784716 0.085114 
0.140526 0.095000 74.734821 0.709981 0.085114 
0.130294 0.085000 74.734821 0.635246 0.039696 
0.130294 0.075000 74.734821 0.560511 0.039696 
0.130294 0.065000 74.734821 0.485776 0.039696 
0.130294 0.055000 74.734821 0.411042 0.039696 
0.130294 0.045000 74.734821 0.336307 0.039696 
0.119976 0.035000 74.734821 0.261572 -0.008608 
0.119976 0.025000 74.734821 0.186837 -0.008608 
0.119976 0.015000 74.734821 0.112102 -0.008608 
