1.999998 9.985000 29.658533 29.614046 7.404731 
1.999998 9.975000 29.658533 29.584387 7.404731 
1.999998 9.965000 29.658533 29.554729 7.404731 
1.999998 9.955000 29.658533 29.525070 7.404731 
1.999998 9.945000 29.658533 29.495412 7.404731 
1.999998 9.935000 29.658533 29.465753 7.404731 
1.999998 9.925000 29.658533 29.436094 7.404731 
1.999998 9.915000 29.658533 29.406436 7.404731 
1.999998 9.905000 29.658533 29.376777 7.404731 
1.999998 9.895000 29.658533 29.347119 7.404731 
1.999998 9.885000 29.658533 29.317460 7.404731 
1.999998 9.875000 29.658533 29.287802 7.404731 
1.999998 9.865000 29.658533 29.258143 7.404731 
1.999998 9.855000 29.658533 29.228485 7.404731 
1.999998 9.845000 29.658533 29.198826 7.404731 
1.999998 9.835000 29.658533 29.169168 7.404731 
1.999998 9.825000 29.658533 29.139509 7.404731 
1.999998 9.815000 29.658533 29.109851 7.404731 
1.999998 9.805000 29.658533 29.080192 7.404731 
1.999998 9.795000 29.658533 29.050534 7.404731 
1.999998 9.785000 29.658533 29.020875 7.404731 
1.999998 9.775000 29.658533 28.991216 7.404731 
1.999998 9.765000 29.658533 28.961558 7.404731 
1.999998 9.755000 29.658533 28.931899 7.404731 
1.999998 9.745000 29.658533 28.902241 7.404731 
1.999998 9.735000 29.658533 28.872582 7.404731 
1.999998 9.725000 29.658533 28.842924 7.404731 
1.999998 9.715000 29.658533 28.813265 7.404731 
1.999998 9.705000 29.658533 28.783607 7.404731 
1.999998 9.695000 29.658533 28.753948 7.404731 
1.999998 9.685000 29.658533 28.724290 7.404731 
1.999998 9.675000 29.658533 28.694631 7.404731 
1.999998 9.665000 29.658533 28.664973 7.404731 
1.999998 9.655000 29.658533 28.635314 7.404731 
1.999998 9.645000 29.658533 28.605656 7.404731 
1.999998 9.635000 29.658533 28.575997 7.404731 
1.999998 9.625000 29.658533 28.546338 7.404731 
1.999998 9.615000 29.658533 28.516680 7.404731 
1.999998 9.605000 29.658533 28.487021 7.404731 
1.999998 9.595000 29.658533 28.457363 7.404731 
1.999998 9.585000 29.658533 28.427704 7.404731 
1.999998 9.575000 29.658533 28.398046 7.404731 
1.999998 9.565000 29.658533 28.368387 7.404731 
1.999998 9.555000 29.658533 28.338729 7.404731 
1.999998 9.545000 29.658533 28.309070 7.404731 
1.999998 9.535000 29.658533 28.279412 7.404731 
1.999998 9.525000 29.658533 28.249753 7.404731 
1.999998 9.515000 29.658533 28.220095 7.404731 
1.999998 9.505000 29.658533 28.190436 7.404731 
1.999998 9.495000 29.658533 28.160778 7.404731 
1.999998 9.485000 29.658533 28.131119 7.404731 
1.999998 9.475000 29.658533 28.101460 7.404731 
1.999998 9.465000 29.658533 28.071802 7.404731 
1.999998 9.455000 29.658533 28.042143 7.404731 
1.999998 9.445000 29.658533 28.012485 7.404731 
1.999998 9.435000 29.658533 27.982826 7.404731 
1.999998 9.425000 29.658533 27.953168 7.404731 
1.999998 9.415000 29.658533 27.923509 7.404731 
1.999998 9.405000 29.658533 27.893851 7.404731 
1.999998 9.395000 29.658533 27.864192 7.404731 
1.999998 9.385000 29.658533 27.834534 7.404731 
1.999998 9.375000 29.658533 27.804875 7.404731 
1.999998 9.365000 29.658533 27.775217 7.404731 
1.999998 9.355000 29.658533 27.745558 7.404731 
1.999998 9.345000 29.658533 27.715900 7.404731 
1.999998 9.335000 29.658533 27.686241 7.404731 
1.999998 9.325000 29.658533 27.656582 7.404731 
1.999998 9.315000 29.658533 27.626924 7.404731 
1.999998 9.305000 29.658533 27.597265 7.404731 
1.999998 9.295000 29.658533 27.567607 7.404731 
1.999998 9.285000 29.658533 27.537948 7.404731 
1.999998 9.275000 29.658533 27.508290 7.404731 
1.999998 9.265000 29.658533 27.478631 7.404731 
1.999998 9.255000 29.658533 27.448973 7.404731 
1.999998 9.245000 29.658533 27.419314 7.404731 
1.999998 9.235000 29.658533 27.389656 7.404731 
1.999998 9.225000 29.658533 27.359997 7.404731 
1.999998 9.215000 29.658533 27.330339 7.404731 
1.999998 9.205000 29.658533 27.300680 7.404731 
1.999998 9.195000 29.658533 27.271022 7.404731 
1.999998 9.185000 29.658533 27.241363 7.404731 
1.999998 9.175000 29.658533 27.211704 7.404731 
1.999998 9.165000 29.658533 27.182046 7.404731 
1.999998 9.155000 29.658533 27.152387 7.404731 
1.999998 9.145000 29.658533 27.122729 7.404731 
1.999998 9.135000 29.658533 27.093070 7.404731 
1.999998 9.125000 29.658533 27.063412 7.404731 
1.999998 9.115000 29.658533 27.033753 7.404731 
1.999998 9.105000 29.658533 27.004095 7.404731 
1.999998 9.095000 29.658533 26.974436 7.404731 
1.999998 9.085000 29.658533 26.944778 7.404731 
1.999998 9.075000 29.658533 26.915119 7.404731 
1.999998 9.065000 29.658533 26.885461 7.404731 
1.999998 9.055000 29.658533 26.855802 7.404731 
1.999998 9.045000 29.658533 26.826143 7.404731 
1.999998 9.035000 29.658533 26.796485 7.404731 
1.999998 9.025000 29.658533 26.766826 7.404731 
1.999998 9.015000 29.658533 26.737168 7.404731 
1.999998 9.005000 29.658533 26.707509 7.404731 
1.999998 8.995000 29.658533 26.677851 7.404731 
1.999998 8.985000 29.658533 26.648192 7.404731 
1.999998 8.975000 29.658533 26.618534 7.404731 
1.999998 8.965000 29.658533 26.588875 7.404731 
1.999998 8.955000 29.658533 26.559217 7.404731 
1.999998 8.945000 29.658533 26.529558 7.404731 
1.999998 8.935000 29.658533 26.499900 7.404731 
1.999998 8.925000 29.658533 26.470241 7.404731 
1.999998 8.915000 29.658533 26.440583 7.404731 
1.999998 8.905000 29.658533 26.410924 7.404731 
1.999998 8.895000 29.658533 26.381265 7.404731 
1.999998 8.885000 29.658533 26.351607 7.404731 
1.999998 8.875000 29.658533 26.321948 7.404731 
1.999998 8.865000 29.658533 26.292290 7.404731 
1.999998 8.855000 29.658533 26.262631 7.404731 
1.999998 8.845000 29.658533 26.232973 7.404731 
1.999998 8.835000 29.658533 26.203314 7.404731 
1.999998 8.825000 29.658533 26.173656 7.404731 
1.999998 8.815000 29.658533 26.143997 7.404731 
1.999998 8.805000 29.658533 26.114339 7.404731 
1.999998 8.795000 29.658533 26.084680 7.404731 
1.999998 8.785000 29.658533 26.055022 7.404731 
1.999998 8.775000 29.658533 26.025363 7.404731 
1.999998 8.765000 29.658533 25.995705 7.404731 
1.999998 8.755000 29.658533 25.966046 7.404731 
1.999998 8.745000 29.658533 25.936387 7.404731 
1.999998 8.735000 29.658533 25.906729 7.404731 
1.999998 8.725000 29.658533 25.877070 7.404731 
1.999998 8.715000 29.658533 25.847412 7.404731 
1.999998 8.705000 29.658533 25.817753 7.404731 
1.999998 8.695000 29.658533 25.788095 7.404731 
1.999998 8.685000 29.658533 25.758436 7.404731 
1.999998 8.675000 29.658533 25.728778 7.404731 
1.999998 8.665000 29.658533 25.699119 7.404731 
1.999998 8.655000 29.658533 25.669461 7.404731 
1.999998 8.645000 29.658533 25.639802 7.404731 
1.999998 8.635000 29.658533 25.610144 7.404731 
1.999998 8.625000 29.658533 25.580485 7.404731 
1.999998 8.615000 29.658533 25.550827 7.404731 
1.999998 8.605000 29.658533 25.521168 7.404731 
1.999998 8.595000 29.658533 25.491509 7.404731 
1.999998 8.585000 29.658533 25.461851 7.404731 
1.999998 8.575000 29.658533 25.432192 7.404731 
1.999998 8.565000 29.658533 25.402534 7.404731 
1.999998 8.555000 29.658533 25.372875 7.404731 
1.999998 8.545000 29.658533 25.343217 7.404731 
1.999998 8.535000 29.658533 25.313558 7.404731 
1.999998 8.525000 29.658533 25.283900 7.404731 
1.999998 8.515000 29.658533 25.254241 7.404731 
1.999998 8.505000 29.658533 25.224583 7.404731 
1.999998 8.495000 29.658533 25.194924 7.404731 
1.999998 8.485000 29.658533 25.165266 7.404731 
1.999998 8.475000 29.658533 25.135607 7.404731 
1.999998 8.465000 29.658533 25.105949 7.404731 
1.999998 8.455000 29.658533 25.076290 7.404731 
1.999998 8.445000 29.658533 25.046631 7.404731 
1.999998 8.435000 29.658533 25.016973 7.404731 
1.999998 8.425000 29.658533 24.987314 7.404731 
1.999998 8.415000 29.658533 24.957656 7.404731 
1.999998 8.405000 29.658533 24.927997 7.404731 
1.999998 8.395000 29.658533 24.898339 7.404731 
1.999998 8.385000 29.658533 24.868680 7.404731 
1.999998 8.375000 29.658533 24.839022 7.404731 
1.999998 8.365000 29.658533 24.809363 7.404731 
1.999998 8.355000 29.658533 24.779705 7.404731 
1.999998 8.345000 29.658533 24.750046 7.404731 
1.999998 8.335000 29.658533 24.720388 7.404731 
1.999998 8.325000 29.658533 24.690729 7.404731 
1.999998 8.315000 29.658533 24.661071 7.404731 
1.999998 8.305000 29.658533 24.631412 7.404731 
1.999998 8.295000 29.658533 24.601753 7.404731 
1.999998 8.285000 29.658533 24.572095 7.404731 
1.999998 8.275000 29.658533 24.542436 7.404731 
1.999998 8.265000 29.658533 24.512778 7.404731 
1.999998 8.255000 29.658533 24.483119 7.404731 
1.999998 8.245000 29.658533 24.453461 7.404731 
1.999998 8.235000 29.658533 24.423802 7.404731 
1.999998 8.225000 29.658533 24.394144 7.404731 
1.999998 8.215000 29.658533 24.364485 7.404731 
1.999998 8.205000 29.658533 24.334827 7.404731 
1.999998 8.195000 29.658533 24.305168 7.404731 
1.999998 8.185000 29.658533 24.275510 7.404731 
1.999998 8.175000 29.658533 24.245851 7.404731 
1.999998 8.165000 29.658533 24.216193 7.404731 
1.999998 8.155000 29.658533 24.186534 7.404731 
1.999998 8.145000 29.658533 24.156875 7.404731 
1.999998 8.135000 29.658533 24.127217 7.404731 
1.999998 8.125000 29.658533 24.097558 7.404731 
1.999998 8.115000 29.658533 24.067900 7.404731 
1.999998 8.105000 29.658533 24.038241 7.404731 
1.999998 8.095000 29.658533 24.008583 7.404731 
1.999998 8.085000 29.658533 23.978924 7.404731 
1.999998 8.075000 29.658533 23.949266 7.404731 
1.999998 8.065000 29.658533 23.919607 7.404731 
1.999998 8.055000 29.658533 23.889949 7.404731 
1.999998 8.045000 29.658533 23.860290 7.404731 
1.999998 8.035000 29.658533 23.830632 7.404731 
1.999998 8.025000 29.658533 23.800973 7.404731 
1.999998 8.015000 29.658533 23.771315 7.404731 
1.999998 8.005000 29.658533 23.741656 7.404731 
1.999998 7.995000 29.658533 23.711997 7.404731 
1.999998 7.985000 29.658533 23.682339 7.404731 
1.999998 7.975000 29.658533 23.652680 7.404731 
1.999998 7.965000 29.658533 23.623022 7.404731 
1.999998 7.955000 29.658533 23.593363 7.404731 
1.999998 7.945000 29.658533 23.563705 7.404731 
1.999998 7.935000 29.658533 23.534046 7.404731 
1.999998 7.925000 29.658533 23.504388 7.404731 
1.999998 7.915000 29.658533 23.474729 7.404731 
1.999998 7.905000 29.658533 23.445071 7.404731 
1.999998 7.895000 29.658533 23.415412 7.404731 
1.999998 7.885000 29.658533 23.385754 7.404731 
1.999998 7.875000 29.658533 23.356095 7.404731 
1.999998 7.865000 29.658533 23.326437 7.404731 
1.999998 7.855000 29.658533 23.296778 7.404731 
1.999998 7.845000 29.658533 23.267119 7.404731 
1.999998 7.835000 29.658533 23.237461 7.404731 
1.999998 7.825000 29.658533 23.207802 7.404731 
1.999998 7.815000 29.658533 23.178144 7.404731 
1.999998 7.805000 29.658533 23.148485 7.404731 
1.999998 7.795000 29.658533 23.118827 7.404731 
1.999998 7.785000 29.658533 23.089168 7.404731 
1.999998 7.775000 29.658533 23.059510 7.404731 
1.999998 7.765000 29.658533 23.029851 7.404731 
1.999998 7.755000 29.658533 23.000193 7.404731 
1.999998 7.745000 29.658533 22.970534 7.404731 
1.999998 7.735000 29.658533 22.940876 7.404731 
1.999998 7.725000 29.658533 22.911217 7.404731 
1.999998 7.715000 29.658533 22.881559 7.404731 
1.999998 7.705000 29.658533 22.851900 7.404731 
1.999998 7.695000 29.658533 22.822241 7.404731 
1.999998 7.685000 29.658533 22.792583 7.404731 
1.999998 7.675000 29.658533 22.762924 7.404731 
1.999998 7.665000 29.658533 22.733266 7.404731 
1.999998 7.655000 29.658533 22.703607 7.404731 
1.999998 7.645000 29.658533 22.673949 7.404731 
1.999998 7.635000 29.658533 22.644290 7.404731 
1.999998 7.625000 29.658533 22.614632 7.404731 
1.999998 7.615000 29.658533 22.584973 7.404731 
1.999998 7.605000 29.658533 22.555315 7.404731 
1.999998 7.595000 29.658533 22.525656 7.404731 
1.999998 7.585000 29.658533 22.495998 7.404731 
1.999998 7.575000 29.658533 22.466339 7.404731 
1.999998 7.565000 29.658533 22.436681 7.404731 
1.999998 7.555000 29.658533 22.407022 7.404731 
1.999998 7.545000 29.658533 22.377363 7.404731 
1.999998 7.535000 29.658533 22.347705 7.404731 
1.999998 7.525000 29.658533 22.318046 7.404731 
1.999998 7.515000 29.658533 22.288388 7.404731 
1.999998 7.505000 29.658533 22.258729 7.404731 
1.999998 7.495000 29.658533 22.229071 7.404731 
1.999998 7.485000 29.658533 22.199412 7.404731 
1.999998 7.475000 29.658533 22.169754 7.404731 
1.999998 7.465000 29.658533 22.140095 7.404731 
1.999998 7.455000 29.658533 22.110437 7.404731 
1.999998 7.445000 29.658533 22.080778 7.404731 
1.999998 7.435000 29.658533 22.051120 7.404731 
1.999998 7.425000 29.658533 22.021461 7.404731 
1.999998 7.415000 29.658533 21.991803 7.404731 
1.999989 7.395000 29.658533 21.932485 6.808050 
1.999989 7.385000 29.658533 21.902827 6.808050 
1.999989 7.375000 29.658533 21.873168 6.808050 
1.999989 7.365000 29.658533 21.843510 6.808050 
1.999989 7.355000 29.658533 21.813851 6.808050 
1.999989 7.345000 29.658533 21.784193 6.808050 
1.999989 7.335000 29.658533 21.754534 6.808050 
1.999989 7.325000 29.658533 21.724876 6.808050 
1.999989 7.315000 29.658533 21.695217 6.808050 
1.999989 7.305000 29.658533 21.665559 6.808050 
1.999989 7.295000 29.658533 21.635900 6.808050 
1.999989 7.285000 29.658533 21.606242 6.808050 
1.999989 7.275000 29.658533 21.576583 6.808050 
1.999989 7.265000 29.658533 21.546925 6.808050 
1.999989 7.255000 29.658533 21.517266 6.808050 
1.999989 7.245000 29.658533 21.487607 6.808050 
1.999989 7.235000 29.658533 21.457949 6.808050 
1.999989 7.225000 29.658533 21.428290 6.808050 
1.999989 7.215000 29.658533 21.398632 6.808050 
1.999989 7.205000 29.658533 21.368973 6.808050 
1.999989 7.195000 29.658533 21.339315 6.808050 
1.999989 7.185000 29.658533 21.309656 6.808050 
1.999989 7.175000 29.658533 21.279998 6.808050 
1.999989 7.165000 29.658533 21.250339 6.808050 
1.999989 7.155000 29.658533 21.220681 6.808050 
1.999989 7.145000 29.658533 21.191022 6.808050 
1.999989 7.135000 29.658533 21.161364 6.808050 
1.999989 7.125000 29.658533 21.131705 6.808050 
1.999989 7.115000 29.658533 21.102047 6.808050 
1.999989 7.105000 29.658533 21.072388 6.808050 
1.999989 7.095000 29.658533 21.042729 6.808050 
1.999989 7.085000 29.658533 21.013071 6.808050 
1.999989 7.075000 29.658533 20.983412 6.808050 
1.999989 7.065000 29.658533 20.953754 6.808050 
1.999989 7.055000 29.658533 20.924095 6.808050 
1.999989 7.045000 29.658533 20.894437 6.808050 
1.999989 7.035000 29.658533 20.864778 6.808050 
1.999989 7.025000 29.658533 20.835120 6.808050 
1.999989 7.015000 29.658533 20.805461 6.808050 
1.999989 7.005000 29.658533 20.775803 6.808050 
1.999989 6.995000 29.658533 20.746144 6.808050 
1.999989 6.985000 29.658533 20.716486 6.808050 
1.999989 6.975000 29.658533 20.686827 6.808050 
1.999989 6.965000 29.658533 20.657169 6.808050 
1.999989 6.955000 29.658533 20.627510 6.808050 
1.999989 6.945000 29.658533 20.597851 6.808050 
1.999989 6.935000 29.658533 20.568193 6.808050 
1.999989 6.925000 29.658533 20.538534 6.808050 
1.999989 6.915000 29.658533 20.508876 6.808050 
1.999989 6.905000 29.658533 20.479217 6.808050 
1.999989 6.895000 29.658533 20.449559 6.808050 
1.999989 6.885000 29.658533 20.419900 6.808050 
1.999989 6.875000 29.658533 20.390242 6.808050 
1.999989 6.865000 29.658533 20.360583 6.808050 
1.999989 6.855000 29.658533 20.330925 6.808050 
1.999989 6.845000 29.658533 20.301266 6.808050 
1.999989 6.835000 29.658533 20.271608 6.808050 
1.999989 6.825000 29.658533 20.241949 6.808050 
1.999989 6.815000 29.658533 20.212291 6.808050 
1.999970 6.805000 29.658533 20.182632 6.498300 
1.999970 6.795000 29.658533 20.152973 6.498300 
1.999970 6.785000 29.658533 20.123315 6.498300 
1.999970 6.775000 29.658533 20.093656 6.498300 
1.999970 6.765000 29.658533 20.063998 6.498300 
1.999970 6.755000 29.658533 20.034339 6.498300 
1.999970 6.745000 29.658533 20.004681 6.498300 
1.999970 6.735000 29.658533 19.975022 6.498300 
1.999970 6.725000 29.658533 19.945364 6.498300 
1.999970 6.715000 29.658533 19.915705 6.498300 
1.999970 6.705000 29.658533 19.886047 6.498300 
1.999970 6.695000 29.658533 19.856388 6.498300 
1.999970 6.685000 29.658533 19.826730 6.498300 
1.999970 6.675000 29.658533 19.797071 6.498300 
1.999970 6.665000 29.658533 19.767413 6.498300 
1.999970 6.655000 29.658533 19.737754 6.498300 
1.999970 6.645000 29.658533 19.708095 6.498300 
1.999970 6.635000 29.658533 19.678437 6.498300 
1.999970 6.625000 29.658533 19.648778 6.498300 
1.999970 6.615000 29.658533 19.619120 6.498300 
1.999970 6.605000 29.658533 19.589461 6.498300 
1.999970 6.595000 29.658533 19.559803 6.498300 
1.999970 6.585000 29.658533 19.530144 6.498300 
1.999970 6.575000 29.658533 19.500486 6.498300 
1.999970 6.565000 29.658533 19.470827 6.498300 
1.999970 6.555000 29.658533 19.441169 6.498300 
1.999970 6.545000 29.658533 19.411510 6.498300 
1.999970 6.535000 29.658533 19.381852 6.498300 
1.999970 6.525000 29.658533 19.352193 6.498300 
1.999970 6.515000 29.658533 19.322535 6.498300 
1.999970 6.505000 29.658533 19.292876 6.498300 
1.999944 6.495000 29.658533 19.263217 6.287625 
1.999944 6.485000 29.658533 19.233559 6.287625 
1.999944 6.475000 29.658533 19.203900 6.287625 
1.999944 6.465000 29.658533 19.174242 6.287625 
1.999944 6.455000 29.658533 19.144583 6.287625 
1.999944 6.445000 29.658533 19.114925 6.287625 
1.999944 6.435000 29.658533 19.085266 6.287625 
1.999944 6.425000 29.658533 19.055608 6.287625 
1.999944 6.415000 29.658533 19.025949 6.287625 
1.999944 6.405000 29.658533 18.996291 6.287625 
1.999944 6.395000 29.658533 18.966632 6.287625 
1.999944 6.385000 29.658533 18.936974 6.287625 
1.999944 6.375000 29.658533 18.907315 6.287625 
1.999944 6.365000 29.658533 18.877657 6.287625 
1.999944 6.355000 29.658533 18.847998 6.287625 
1.999944 6.345000 29.658533 18.818339 6.287625 
1.999944 6.335000 29.658533 18.788681 6.287625 
1.999944 6.325000 29.658533 18.759022 6.287625 
1.999944 6.315000 29.658533 18.729364 6.287625 
1.999944 6.305000 29.658533 18.699705 6.287625 
1.999944 6.295000 29.658533 18.670047 6.287625 
1.999909 6.285000 29.658533 18.640388 6.127774 
1.999909 6.275000 29.658533 18.610730 6.127774 
1.999909 6.265000 29.658533 18.581071 6.127774 
1.999909 6.255000 29.658533 18.551413 6.127774 
1.999909 6.245000 29.658533 18.521754 6.127774 
1.999909 6.235000 29.658533 18.492096 6.127774 
1.999909 6.225000 29.658533 18.462437 6.127774 
1.999909 6.215000 29.658533 18.432779 6.127774 
1.999909 6.205000 29.658533 18.403120 6.127774 
1.999909 6.195000 29.658533 18.373461 6.127774 
1.999909 6.185000 29.658533 18.343803 6.127774 
1.999909 6.175000 29.658533 18.314144 6.127774 
1.999909 6.165000 29.658533 18.284486 6.127774 
1.999909 6.155000 29.658533 18.254827 6.127774 
1.999909 6.145000 29.658533 18.225169 6.127774 
1.999909 6.135000 29.658533 18.195510 6.127774 
1.999867 6.125000 29.658533 18.165852 5.998926 
1.999867 6.115000 29.658533 18.136193 5.998926 
1.999867 6.105000 29.658533 18.106535 5.998926 
1.999867 6.095000 29.658533 18.076876 5.998926 
1.999867 6.085000 29.658533 18.047218 5.998926 
1.999867 6.075000 29.658533 18.017559 5.998926 
1.999867 6.065000 29.658533 17.987901 5.998926 
1.999867 6.055000 29.658533 17.958242 5.998926 
1.999867 6.045000 29.658533 17.928583 5.998926 
1.999867 6.035000 29.658533 17.898925 5.998926 
1.999867 6.025000 29.658533 17.869266 5.998926 
1.999867 6.015000 29.658533 17.839608 5.998926 
1.999867 6.005000 29.658533 17.809949 5.998926 
1.999815 5.995000 29.658533 17.780291 5.890984 
1.999815 5.985000 29.658533 17.750632 5.890984 
1.999815 5.975000 29.658533 17.720974 5.890984 
1.999815 5.965000 29.658533 17.691315 5.890984 
1.999815 5.955000 29.658533 17.661657 5.890984 
1.999815 5.945000 29.658533 17.631998 5.890984 
1.999815 5.935000 29.658533 17.602340 5.890984 
1.999815 5.925000 29.658533 17.572681 5.890984 
1.999815 5.915000 29.658533 17.543023 5.890984 
1.999815 5.905000 29.658533 17.513364 5.890984 
1.999815 5.895000 29.658533 17.483705 5.890984 
1.999756 5.885000 29.658533 17.454047 5.798098 
1.999756 5.875000 29.658533 17.424388 5.798098 
1.999756 5.865000 29.658533 17.394730 5.798098 
1.999756 5.855000 29.658533 17.365071 5.798098 
1.999756 5.845000 29.658533 17.335413 5.798098 
1.999756 5.835000 29.658533 17.305754 5.798098 
1.999756 5.825000 29.658533 17.276096 5.798098 
1.999756 5.815000 29.658533 17.246437 5.798098 
1.999756 5.805000 29.658533 17.216779 5.798098 
1.999688 5.795000 29.658533 17.187120 5.716575 
1.999688 5.785000 29.658533 17.157462 5.716575 
1.999688 5.775000 29.658533 17.127803 5.716575 
1.999688 5.765000 29.658533 17.098145 5.716575 
1.999688 5.755000 29.658533 17.068486 5.716575 
1.999688 5.745000 29.658533 17.038827 5.716575 
1.999688 5.735000 29.658533 17.009169 5.716575 
1.999688 5.725000 29.658533 16.979510 5.716575 
1.999612 5.715000 29.658533 16.949852 5.643935 
1.999612 5.705000 29.658533 16.920193 5.643935 
1.999612 5.695000 29.658533 16.890535 5.643935 
1.999612 5.685000 29.658533 16.860876 5.643935 
1.999612 5.675000 29.658533 16.831218 5.643935 
1.999612 5.665000 29.658533 16.801559 5.643935 
1.999612 5.655000 29.658533 16.771901 5.643935 
1.999612 5.645000 29.658533 16.742242 5.643935 
1.999528 5.635000 29.658533 16.712584 5.578427 
1.999528 5.625000 29.658533 16.682925 5.578427 
1.999528 5.615000 29.658533 16.653267 5.578427 
1.999528 5.605000 29.658533 16.623608 5.578427 
1.999528 5.595000 29.658533 16.593949 5.578427 
1.999528 5.585000 29.658533 16.564291 5.578427 
1.999436 5.575000 29.658533 16.534632 5.518774 
1.999436 5.565000 29.658533 16.504974 5.518774 
1.999436 5.555000 29.658533 16.475315 5.518774 
1.999436 5.545000 29.658533 16.445657 5.518774 
1.999436 5.535000 29.658533 16.415998 5.518774 
1.999436 5.525000 29.658533 16.386340 5.518774 
1.999335 5.515000 29.658533 16.356681 5.464013 
1.999335 5.505000 29.658533 16.327023 5.464013 
1.999335 5.495000 29.658533 16.297364 5.464013 
1.999335 5.485000 29.658533 16.267706 5.464013 
1.999335 5.475000 29.658533 16.238047 5.464013 
1.999335 5.465000 29.658533 16.208389 5.464013 
1.999226 5.455000 29.658533 16.178730 5.413401 
1.999226 5.445000 29.658533 16.149071 5.413401 
1.999226 5.435000 29.658533 16.119413 5.413401 
1.999226 5.425000 29.658533 16.089754 5.413401 
1.999226 5.415000 29.658533 16.060096 5.413401 
1.999109 5.405000 29.658533 16.030437 5.366351 
1.999109 5.395000 29.658533 16.000779 5.366351 
1.999109 5.385000 29.658533 15.971120 5.366351 
1.999109 5.375000 29.658533 15.941462 5.366351 
1.998983 5.365000 29.658533 15.911803 5.322393 
1.998983 5.355000 29.658533 15.882145 5.322393 
1.998983 5.345000 29.658533 15.852486 5.322393 
1.998983 5.335000 29.658533 15.822828 5.322393 
1.998983 5.325000 29.658533 15.793169 5.322393 
1.998849 5.315000 29.658533 15.763511 5.281146 
1.998849 5.305000 29.658533 15.733852 5.281146 
1.998849 5.295000 29.658533 15.704193 5.281146 
1.998849 5.285000 29.658533 15.674535 5.281146 
1.998707 5.275000 29.658533 15.644876 5.242291 
1.998707 5.265000 29.658533 15.615218 5.242291 
1.998707 5.255000 29.658533 15.585559 5.242291 
1.998707 5.245000 29.658533 15.555901 5.242291 
1.998557 5.235000 29.658533 15.526242 5.205567 
1.998557 5.225000 29.658533 15.496584 5.205567 
1.998557 5.215000 29.658533 15.466925 5.205567 
1.998398 5.205000 29.658533 15.437267 5.170750 
1.998398 5.195000 29.658533 15.407608 5.170750 
1.998398 5.185000 29.658533 15.377950 5.170750 
1.998398 5.175000 29.658533 15.348291 5.170750 
1.998231 5.165000 29.658533 15.318633 5.137651 
1.998231 5.155000 29.658533 15.288974 5.137651 
1.998231 5.145000 29.658533 15.259315 5.137651 
1.998056 5.135000 29.658533 15.229657 5.106108 
1.998056 5.125000 29.658533 15.199998 5.106108 
1.998056 5.115000 29.658533 15.170340 5.106108 
1.997873 5.105000 29.658533 15.140681 5.075979 
1.997873 5.095000 29.658533 15.111023 5.075979 
1.997873 5.085000 29.658533 15.081364 5.075979 
1.997681 5.075000 29.658533 15.051706 5.047143 
1.997681 5.065000 29.658533 15.022047 5.047143 
1.997681 5.055000 29.658533 14.992389 5.047143 
1.997481 5.045000 29.658533 14.962730 5.019491 
1.997481 5.035000 29.658533 14.933072 5.019491 
1.997481 5.025000 29.658533 14.903413 5.019491 
1.997273 5.015000 29.658533 14.873755 4.992931 
1.997273 5.005000 29.658533 14.844096 4.992931 
1.997273 4.995000 29.658533 14.814437 4.992931 
1.997056 4.985000 29.658533 14.784779 4.967378 
1.997056 4.975000 29.658533 14.755120 4.967378 
1.996831 4.965000 29.658533 14.725462 4.942757 
1.996831 4.955000 29.658533 14.695803 4.942757 
1.996831 4.945000 29.658533 14.666145 4.942757 
1.996598 4.935000 29.658533 14.636486 4.919003 
1.996598 4.925000 29.658533 14.606828 4.919003 
1.996357 4.915000 29.658533 14.577169 4.896055 
1.996357 4.905000 29.658533 14.547511 4.896055 
1.996107 4.895000 29.658533 14.517852 4.873861 
1.996107 4.885000 29.658533 14.488194 4.873861 
1.996107 4.875000 29.658533 14.458535 4.873861 
1.995849 4.865000 29.658533 14.428877 4.852371 
1.995849 4.855000 29.658533 14.399218 4.852371 
1.995583 4.845000 29.658533 14.369559 4.831541 
1.995583 4.835000 29.658533 14.339901 4.831541 
1.995308 4.825000 29.658533 14.310242 4.811332 
1.995308 4.815000 29.658533 14.280584 4.811332 
1.995025 4.805000 29.658533 14.250925 4.791706 
1.995025 4.795000 29.658533 14.221267 4.791706 
1.994734 4.785000 29.658533 14.191608 4.772632 
1.994734 4.775000 29.658533 14.161950 4.772632 
1.994435 4.765000 29.658533 14.132291 4.754077 
1.994435 4.755000 29.658533 14.102633 4.754077 
1.994127 4.745000 29.658533 14.072974 4.736013 
1.993811 4.735000 29.658533 14.043316 4.718416 
1.993811 4.725000 29.658533 14.013657 4.718416 
1.993487 4.715000 29.658533 13.983999 4.701260 
1.993487 4.705000 29.658533 13.954340 4.701260 
1.993154 4.695000 29.658533 13.924681 4.684524 
1.993154 4.685000 29.658533 13.895023 4.684524 
1.992813 4.675000 29.658533 13.865364 4.668187 
1.992464 4.665000 29.658533 13.835706 4.652229 
1.992464 4.655000 29.658533 13.806047 4.652229 
1.992107 4.645000 29.658533 13.776389 4.636634 
1.991741 4.635000 29.658533 13.746730 4.621385 
1.991741 4.625000 29.658533 13.717072 4.621385 
1.991367 4.615000 29.658533 13.687413 4.606466 
1.990984 4.605000 29.658533 13.657755 4.591862 
1.990984 4.595000 29.658533 13.628096 4.591862 
1.990594 4.585000 29.658533 13.598438 4.577561 
1.990195 4.575000 29.658533 13.568779 4.563549 
1.990195 4.565000 29.658533 13.539121 4.563549 
1.989787 4.555000 29.658533 13.509462 4.549814 
1.989371 4.545000 29.658533 13.479803 4.536346 
1.988947 4.535000 29.658533 13.450145 4.523134 
1.988947 4.525000 29.658533 13.420486 4.523134 
1.988515 4.515000 29.658533 13.390828 4.510167 
1.988074 4.505000 29.658533 13.361169 4.497437 
1.987626 4.495000 29.658533 13.331511 4.484935 
1.987626 4.485000 29.658533 13.301852 4.484935 
1.987168 4.475000 29.658533 13.272194 4.472651 
1.986703 4.465000 29.658533 13.242535 4.460579 
1.986229 4.455000 29.658533 13.212877 4.448711 
1.985746 4.445000 29.658533 13.183218 4.437039 
1.985256 4.435000 29.658533 13.153560 4.425557 
1.984757 4.425000 29.658533 13.123901 4.414258 
1.984757 4.415000 29.658533 13.094243 4.414258 
1.984249 4.405000 29.658533 13.064584 4.403136 
1.983734 4.395000 29.658533 13.034925 4.392186 
1.983210 4.385000 29.658533 13.005267 4.381402 
1.982677 4.375000 29.658533 12.975608 4.370778 
1.982136 4.365000 29.658533 12.945950 4.360310 
1.981587 4.355000 29.658533 12.916291 4.349993 
1.981030 4.345000 29.658533 12.886633 4.339822 
1.980464 4.335000 29.658533 12.856974 4.329792 
1.979890 4.325000 29.658533 12.827316 4.319900 
1.979307 4.315000 29.658533 12.797657 4.310142 
1.978716 4.305000 29.658533 12.767999 4.300513 
1.978117 4.295000 29.658533 12.738340 4.291009 
1.977509 4.285000 29.658533 12.708682 4.281629 
1.976893 4.275000 29.658533 12.679023 4.272367 
1.976269 4.265000 29.658533 12.649365 4.263221 
1.975636 4.255000 29.658533 12.619706 4.254187 
1.974345 4.245000 29.658533 12.590047 4.236446 
1.973687 4.235000 29.658533 12.560389 4.227732 
1.973020 4.225000 29.658533 12.530730 4.219120 
1.972345 4.215000 29.658533 12.501072 4.210606 
1.971662 4.205000 29.658533 12.471413 4.202188 
1.970970 4.195000 29.658533 12.441755 4.193863 
1.969562 4.185000 29.658533 12.412096 4.177487 
1.968845 4.175000 29.658533 12.382438 4.169430 
1.968119 4.165000 29.658533 12.352779 4.161457 
1.967385 4.155000 29.658533 12.323121 4.153568 
1.965892 4.145000 29.658533 12.293462 4.138030 
1.965133 4.135000 29.658533 12.263804 4.130377 
1.964365 4.125000 29.658533 12.234145 4.122800 
1.962805 4.115000 29.658533 12.204487 4.107866 
1.962012 4.105000 29.658533 12.174828 4.100505 
1.961210 4.095000 29.658533 12.145169 4.093213 
1.959582 4.085000 29.658533 12.115511 4.078829 
1.958755 4.075000 29.658533 12.085852 4.071735 
1.957919 4.065000 29.658533 12.056194 4.064703 
1.956223 4.055000 29.658533 12.026535 4.050825 
1.955362 4.045000 29.658533 11.996877 4.043975 
1.953615 4.035000 29.658533 11.967218 4.030449 
1.952728 4.025000 29.658533 11.937560 4.023769 
1.950930 4.015000 29.658533 11.907901 4.010573 
1.950018 4.005000 29.658533 11.878243 4.004055 
1.948168 3.995000 29.658533 11.848584 3.991170 
1.947231 3.985000 29.658533 11.818926 3.984802 
1.945330 3.975000 29.658533 11.789267 3.972211 
1.943394 3.965000 29.658533 11.759609 3.959806 
1.942414 3.955000 29.658533 11.729950 3.953672 
1.940427 3.945000 29.658533 11.700291 3.941534 
1.938406 3.935000 29.658533 11.670633 3.929566 
1.937383 3.925000 29.658533 11.640974 3.923643 
1.935310 3.915000 29.658533 11.611316 3.911918 
1.933203 3.905000 29.658533 11.581657 3.900348 
1.932136 3.895000 29.658533 11.551999 3.894619 
1.929977 3.885000 29.658533 11.522340 3.883271 
1.927784 3.875000 29.658533 11.492682 3.872065 
1.925555 3.865000 29.658533 11.463023 3.860995 
1.923292 3.855000 29.658533 11.433365 3.850058 
1.922148 3.845000 29.658533 11.403706 3.844637 
1.919833 3.835000 29.658533 11.374048 3.833890 
1.917483 3.825000 29.658533 11.344389 3.823265 
1.915098 3.815000 29.658533 11.314731 3.812756 
1.912678 3.805000 29.658533 11.285072 3.802362 
1.910223 3.795000 29.658533 11.255413 3.792077 
1.907733 3.785000 29.658533 11.225755 3.781899 
1.905208 3.775000 29.658533 11.196096 3.771824 
1.902648 3.765000 29.658533 11.166438 3.761849 
1.900053 3.755000 29.658533 11.136779 3.751970 
1.897422 3.745000 29.658533 11.107121 3.742185 
1.894756 3.735000 29.658533 11.077462 3.732490 
1.892055 3.725000 29.658533 11.047804 3.722884 
1.889318 3.715000 29.658533 11.018145 3.713362 
1.886545 3.705000 29.658533 10.988487 3.703923 
1.883737 3.695000 29.658533 10.958828 3.694564 
1.879458 3.685000 29.658533 10.929170 3.680671 
1.876560 3.675000 29.658533 10.899511 3.671501 
1.873627 3.665000 29.658533 10.869853 3.662403 
1.870657 3.655000 29.658533 10.840194 3.653375 
1.867652 3.645000 29.658533 10.810535 3.644414 
1.863076 3.635000 29.658533 10.780877 3.631095 
1.859980 3.625000 29.658533 10.751218 3.622294 
1.856848 3.615000 29.658533 10.721560 3.613553 
1.853680 3.605000 29.658533 10.691901 3.604872 
1.848859 3.595000 29.658533 10.662243 3.591955 
1.845599 3.585000 29.658533 10.632584 3.583413 
1.842303 3.575000 29.658533 10.602926 3.574923 
1.837290 3.565000 29.658533 10.573267 3.562283 
1.833902 3.555000 29.658533 10.543609 3.553918 
1.828750 3.545000 29.658533 10.513950 3.541458 
1.825269 3.535000 29.658533 10.484292 3.533208 
1.819979 3.525000 29.658533 10.454633 3.520913 
1.816405 3.515000 29.658533 10.424975 3.512770 
1.812794 3.505000 29.658533 10.395316 3.504666 
1.807307 3.495000 29.658533 10.365657 3.492583 
1.803602 3.485000 29.658533 10.335999 3.484573 
1.797974 3.475000 29.658533 10.306340 3.472626 
1.794174 3.465000 29.658533 10.276682 3.464704 
1.788403 3.455000 29.658533 10.247023 3.452882 
1.782547 3.445000 29.658533 10.217365 3.441129 
1.778595 3.435000 29.658533 10.187706 3.433331 
1.772595 3.425000 29.658533 10.158048 3.421686 
1.768547 3.415000 29.658533 10.128389 3.413956 
1.762402 3.405000 29.658533 10.098731 3.402409 
1.758257 3.395000 29.658533 10.069072 3.394741 
1.751966 3.385000 29.658533 10.039414 3.383283 
1.745587 3.375000 29.658533 10.009755 3.371873 
1.741286 3.365000 29.658533 9.980097 3.364292 
1.734759 3.355000 29.658533 9.950438 3.352956 
1.728144 3.345000 29.658533 9.920779 3.341660 
1.723684 3.335000 29.658533 9.891121 3.334151 
1.716918 3.325000 29.658533 9.861462 3.322915 
1.710063 3.315000 29.658533 9.831804 3.311713 
1.705442 3.305000 29.658533 9.802145 3.304260 
1.698435 3.295000 29.658533 9.772487 3.293105 
1.691337 3.285000 29.658533 9.742828 3.281974 
1.686553 3.275000 29.658533 9.713170 3.274566 
1.679301 3.265000 29.658533 9.683511 3.263471 
1.671956 3.255000 29.658533 9.653853 3.252392 
1.664518 3.245000 29.658533 9.624194 3.241329 
1.659507 3.235000 29.658533 9.594536 3.233960 
1.651912 3.225000 29.658533 9.564877 3.222915 
1.644222 3.215000 29.658533 9.535219 3.211878 
1.639042 3.205000 29.658533 9.505560 3.204523 
1.631193 3.195000 29.658533 9.475901 3.193493 
1.623248 3.185000 29.658533 9.446243 3.182464 
1.615206 3.175000 29.658533 9.416584 3.171433 
1.609790 3.165000 29.658533 9.386926 3.164077 
1.601585 3.155000 29.658533 9.357267 3.153037 
1.593282 3.145000 29.658533 9.327609 3.141989 
1.587691 3.135000 29.658533 9.297950 3.134618 
1.579222 3.125000 29.658533 9.268292 3.123550 
1.570653 3.115000 29.658533 9.238633 3.112466 
1.561983 3.105000 29.658533 9.208975 3.101365 
1.556146 3.095000 29.658533 9.179316 3.093953 
1.547306 3.085000 29.658533 9.149658 3.082816 
1.538364 3.075000 29.658533 9.119999 3.071654 
1.532345 3.065000 29.658533 9.090341 3.064198 
1.523229 3.055000 29.658533 9.060682 3.052988 
1.514009 3.045000 29.658533 9.031023 3.041747 
1.507804 3.035000 29.658533 9.001365 3.034234 
1.498407 3.025000 29.658533 8.971706 3.022934 
1.488904 3.015000 29.658533 8.942048 3.011594 
1.482508 3.005000 29.658533 8.912389 3.004011 
1.472825 2.995000 29.658533 8.882731 2.992600 
1.466309 2.985000 29.658533 8.853072 2.984966 
1.456443 2.975000 29.658533 8.823414 2.973475 
1.446466 2.965000 29.658533 8.793755 2.961932 
1.439754 2.955000 29.658533 8.764097 2.954207 
1.429591 2.945000 29.658533 8.734438 2.942571 
1.422753 2.935000 29.658533 8.704780 2.934780 
1.412401 2.925000 29.658533 8.675121 2.923043 
1.401934 2.915000 29.658533 8.645462 2.911240 
1.394892 2.905000 29.658533 8.615804 2.903334 
1.384231 2.895000 29.658533 8.586145 2.891414 
1.377059 2.885000 29.658533 8.556487 2.883427 
1.366202 2.875000 29.658533 8.526828 2.871382 
1.358897 2.865000 29.658533 8.497170 2.863308 
1.347840 2.855000 29.658533 8.467511 2.851126 
1.340402 2.845000 29.658533 8.437853 2.842958 
1.332909 2.835000 29.658533 8.408194 2.834750 
1.321566 2.825000 29.658533 8.378536 2.822360 
1.313936 2.815000 29.658533 8.348877 2.814047 
1.302386 2.805000 29.658533 8.319219 2.801496 
1.294616 2.795000 29.658533 8.289560 2.793071 
1.286789 2.785000 29.658533 8.259902 2.784599 
1.274942 2.775000 29.658533 8.230243 2.771800 
1.266971 2.765000 29.658533 8.200584 2.763204 
1.258943 2.755000 29.658533 8.170926 2.754556 
1.246791 2.745000 29.658533 8.141267 2.741484 
1.238616 2.735000 29.658533 8.111609 2.732700 
1.230381 2.725000 29.658533 8.081950 2.723858 
1.222086 2.715000 29.658533 8.052292 2.714958 
1.209530 2.705000 29.658533 8.022633 2.701493 
1.201082 2.695000 29.658533 7.992975 2.692438 
1.192573 2.685000 29.658533 7.963316 2.683318 
1.184002 2.675000 29.658533 7.933658 2.674132 
1.175368 2.665000 29.658533 7.903999 2.664877 
1.162297 2.655000 29.658533 7.874341 2.650861 
1.153503 2.645000 29.658533 7.844682 2.641426 
1.144645 2.635000 29.658533 7.815024 2.631916 
1.135721 2.625000 29.658533 7.785365 2.622327 
1.126732 2.615000 29.658533 7.755706 2.612659 
1.117676 2.605000 29.658533 7.726048 2.602909 
1.108552 2.595000 29.658533 7.696389 2.593074 
1.099361 2.585000 29.658533 7.666731 2.583152 
1.090102 2.575000 29.658533 7.637072 2.573140 
1.080773 2.565000 29.658533 7.607414 2.563037 
1.071375 2.555000 29.658533 7.577755 2.552838 
1.061907 2.545000 29.658533 7.548097 2.542542 
1.052367 2.535000 29.658533 7.518438 2.532145 
1.042756 2.525000 29.658533 7.488780 2.521645 
1.033072 2.515000 29.658533 7.459121 2.511038 
1.023314 2.505000 29.658533 7.429463 2.500321 
1.018408 2.495000 29.658533 7.399804 2.494920 
1.008539 2.485000 29.658533 7.370146 2.484031 
0.998595 2.475000 29.658533 7.340487 2.473024 
0.988574 2.465000 29.658533 7.310828 2.461895 
0.978477 2.455000 29.658533 7.281170 2.450639 
0.973399 2.445000 29.658533 7.251511 2.444963 
0.963185 2.435000 29.658533 7.221853 2.433510 
0.952891 2.425000 29.658533 7.192194 2.421921 
0.942518 2.415000 29.658533 7.162536 2.410191 
0.937300 2.405000 29.658533 7.132877 2.404271 
0.926805 2.395000 29.658533 7.103219 2.392320 
0.916226 2.385000 29.658533 7.073560 2.380216 
0.910906 2.375000 29.658533 7.043902 2.374104 
0.900202 2.365000 29.658533 7.014243 2.361760 
0.889412 2.355000 29.658533 6.984585 2.349249 
0.883985 2.345000 29.658533 6.954926 2.342929 
0.873066 2.335000 29.658533 6.925268 2.330156 
0.867573 2.325000 29.658533 6.895609 2.323702 
0.856521 2.315000 29.658533 6.865950 2.310654 
0.850962 2.305000 29.658533 6.836292 2.304058 
0.839775 2.295000 29.658533 6.806633 2.290719 
0.834147 2.285000 29.658533 6.776975 2.283973 
0.822822 2.275000 29.658533 6.747316 2.270326 
0.817125 2.265000 29.658533 6.717658 2.263422 
0.805659 2.255000 29.658533 6.687999 2.249449 
0.799890 2.245000 29.658533 6.658341 2.242378 
0.788280 2.235000 29.658533 6.628682 2.228060 
0.782438 2.225000 29.658533 6.599024 2.220811 
0.776571 2.215000 29.658533 6.569365 2.213500 
0.764764 2.205000 29.658533 6.539707 2.198689 
0.758822 2.195000 29.658533 6.510048 2.191186 
0.752855 2.185000 29.658533 6.480390 2.183615 
0.740844 2.175000 29.658533 6.450731 2.168268 
0.734800 2.165000 29.658533 6.421072 2.160489 
0.728729 2.155000 29.658533 6.391414 2.152636 
0.722632 2.145000 29.658533 6.361755 2.144709 
0.710356 2.135000 29.658533 6.332097 2.128624 
0.704178 2.125000 29.658533 6.302438 2.120464 
0.697973 2.115000 29.658533 6.272780 2.112222 
0.691739 2.105000 29.658533 6.243121 2.103896 
0.679189 2.095000 29.658533 6.213463 2.086987 
0.672871 2.085000 29.658533 6.183804 2.078400 
0.666525 2.075000 29.658533 6.154146 2.069721 
0.660150 2.065000 29.658533 6.124487 2.060948 
0.653745 2.055000 29.658533 6.094829 2.052079 
0.647311 2.045000 29.658533 6.065170 2.043112 
0.640847 2.035000 29.658533 6.035512 2.034043 
0.634354 2.025000 29.658533 6.005853 2.024871 
0.621275 2.015000 29.658533 5.976194 2.006206 
0.614689 2.005000 29.658533 5.946536 1.996707 
0.608073 1.995000 29.658533 5.916877 1.987093 
0.601424 1.985000 29.658533 5.887219 1.977360 
0.594744 1.975000 29.658533 5.857560 1.967507 
0.588031 1.965000 29.658533 5.827902 1.957529 
0.581286 1.955000 29.658533 5.798243 1.947422 
0.574508 1.945000 29.658533 5.768585 1.937184 
0.567697 1.935000 29.658533 5.738926 1.926809 
0.560852 1.925000 29.658533 5.709268 1.916295 
0.553973 1.915000 29.658533 5.679609 1.905638 
0.547060 1.905000 29.658533 5.649951 1.894831 
0.547060 1.895000 29.658533 5.620292 1.894831 
0.540112 1.885000 29.658533 5.590634 1.883873 
0.533129 1.875000 29.658533 5.560975 1.872756 
0.526110 1.865000 29.658533 5.531316 1.861477 
0.519056 1.855000 29.658533 5.501658 1.850030 
0.511965 1.845000 29.658533 5.471999 1.838409 
0.504837 1.835000 29.658533 5.442341 1.826610 
0.497671 1.825000 29.658533 5.412682 1.814625 
0.497671 1.815000 29.658533 5.383024 1.814625 
0.490469 1.805000 29.658533 5.353365 1.802449 
0.483227 1.795000 29.658533 5.323707 1.790075 
0.475947 1.785000 29.658533 5.294048 1.777496 
0.468628 1.775000 29.658533 5.264390 1.764704 
0.468628 1.765000 29.658533 5.234731 1.764704 
0.461269 1.755000 29.658533 5.205073 1.751692 
0.453870 1.745000 29.658533 5.175414 1.738452 
0.446430 1.735000 29.658533 5.145756 1.724974 
0.446430 1.725000 29.658533 5.116097 1.724974 
0.438949 1.715000 29.658533 5.086438 1.711250 
0.431425 1.705000 29.658533 5.056780 1.697269 
0.423859 1.695000 29.658533 5.027121 1.683022 
0.423859 1.685000 29.658533 4.997463 1.683022 
0.416250 1.675000 29.658533 4.967804 1.668498 
0.408598 1.665000 29.658533 4.938146 1.653685 
0.408598 1.655000 29.658533 4.908487 1.653685 
0.400901 1.645000 29.658533 4.878829 1.638571 
0.393158 1.635000 29.658533 4.849170 1.623142 
0.393158 1.625000 29.658533 4.819512 1.623142 
0.385370 1.615000 29.658533 4.789853 1.607384 
0.377536 1.605000 29.658533 4.760195 1.591284 
0.377536 1.595000 29.658533 4.730536 1.591284 
0.369654 1.585000 29.658533 4.700878 1.574824 
0.369654 1.575000 29.658533 4.671219 1.574824 
0.361725 1.565000 29.658533 4.641560 1.557987 
0.353746 1.555000 29.658533 4.611902 1.540756 
0.353746 1.545000 29.658533 4.582243 1.540756 
0.345718 1.535000 29.658533 4.552585 1.523110 
0.345718 1.525000 29.658533 4.522926 1.523110 
0.337640 1.515000 29.658533 4.493268 1.505028 
0.329510 1.505000 29.658533 4.463609 1.486488 
0.329510 1.495000 29.658533 4.433951 1.486488 
0.321329 1.485000 29.658533 4.404292 1.467465 
0.321329 1.475000 29.658533 4.374634 1.467465 
0.313094 1.465000 29.658533 4.344975 1.447932 
0.313094 1.455000 29.658533 4.315317 1.447932 
0.304805 1.445000 29.658533 4.285658 1.427861 
0.304805 1.435000 29.658533 4.256000 1.427861 
0.296462 1.425000 29.658533 4.226341 1.407220 
0.296462 1.415000 29.658533 4.196682 1.407220 
0.288062 1.405000 29.658533 4.167024 1.385975 
0.288062 1.395000 29.658533 4.137365 1.385975 
0.279605 1.385000 29.658533 4.107707 1.364088 
0.279605 1.375000 29.658533 4.078048 1.364088 
0.279605 1.365000 29.658533 4.048390 1.364088 
0.271090 1.355000 29.658533 4.018731 1.341521 
0.271090 1.345000 29.658533 3.989073 1.341521 
0.262515 1.335000 29.658533 3.959414 1.318226 
0.262515 1.325000 29.658533 3.929756 1.318226 
0.253880 1.315000 29.658533 3.900097 1.294158 
0.253880 1.305000 29.658533 3.870439 1.294158 
0.253880 1.295000 29.658533 3.840780 1.294158 
0.245183 1.285000 29.658533 3.811122 1.269260 
0.245183 1.275000 29.658533 3.781463 1.269260 
0.236423 1.265000 29.658533 3.751804 1.243474 
0.236423 1.255000 29.658533 3.722146 1.243474 
0.236423 1.245000 29.658533 3.692487 1.243474 
0.227599 1.235000 29.658533 3.662829 1.216735 
0.227599 1.225000 29.658533 3.633170 1.216735 
0.218708 1.215000 29.658533 3.603512 1.188969 
0.218708 1.205000 29.658533 3.573853 1.188969 
0.218708 1.195000 29.658533 3.544195 1.188969 
0.209750 1.185000 29.658533 3.514536 1.160096 
0.209750 1.175000 29.658533 3.484878 1.160096 
0.209750 1.165000 29.658533 3.455219 1.160096 
0.200723 1.155000 29.658533 3.425561 1.130024 
0.200723 1.145000 29.658533 3.395902 1.130024 
0.200723 1.135000 29.658533 3.366244 1.130024 
0.191625 1.125000 29.658533 3.336585 1.098653 
0.191625 1.115000 29.658533 3.306926 1.098653 
0.191625 1.105000 29.658533 3.277268 1.098653 
0.182455 1.095000 29.658533 3.247609 1.065868 
0.182455 1.085000 29.658533 3.217951 1.065868 
0.182455 1.075000 29.658533 3.188292 1.065868 
0.173211 1.065000 29.658533 3.158634 1.031543 
0.173211 1.055000 29.658533 3.128975 1.031543 
0.173211 1.045000 29.658533 3.099317 1.031543 
0.173211 1.035000 29.658533 3.069658 1.031543 
0.163891 1.025000 29.658533 3.040000 0.995533 
0.163891 1.015000 29.658533 3.010341 0.995533 
0.163891 1.005000 29.658533 2.980683 0.995533 
0.154492 0.995000 29.658533 2.951024 0.957676 
0.154492 0.985000 29.658533 2.921366 0.957676 
0.154492 0.975000 29.658533 2.891707 0.957676 
0.154492 0.965000 29.658533 2.862048 0.957676 
0.145014 0.955000 29.658533 2.832390 0.917789 
0.145014 0.945000 29.658533 2.802731 0.917789 
0.145014 0.935000 29.658533 2.773073 0.917789 
0.145014 0.925000 29.658533 2.743414 0.917789 
0.135453 0.915000 29.658533 2.713756 0.875668 
0.135453 0.905000 29.658533 2.684097 0.875668 
0.135453 0.895000 29.658533 2.654439 0.875668 
0.135453 0.885000 29.658533 2.624780 0.875668 
0.125808 0.875000 29.658533 2.595122 0.831083 
0.125808 0.865000 29.658533 2.565463 0.831083 
0.125808 0.855000 29.658533 2.535805 0.831083 
0.125808 0.845000 29.658533 2.506146 0.831083 
0.125808 0.835000 29.658533 2.476488 0.831083 
0.116075 0.825000 29.658533 2.446829 0.783785 
0.116075 0.815000 29.658533 2.417170 0.783785 
0.116075 0.805000 29.658533 2.387512 0.783785 
0.116075 0.795000 29.658533 2.357853 0.783785 
0.116075 0.785000 29.658533 2.328195 0.783785 
0.106253 0.775000 29.658533 2.298536 0.733502 
0.106253 0.765000 29.658533 2.268878 0.733502 
0.106253 0.755000 29.658533 2.239219 0.733502 
0.106253 0.745000 29.658533 2.209561 0.733502 
0.106253 0.735000 29.658533 2.179902 0.733502 
0.096338 0.725000 29.658533 2.150244 0.679962 
0.096338 0.715000 29.658533 2.120585 0.679962 
0.096338 0.705000 29.658533 2.090927 0.679962 
0.096338 0.695000 29.658533 2.061268 0.679962 
0.096338 0.685000 29.658533 2.031610 0.679962 
0.086328 0.675000 29.658533 2.001951 0.622914 
0.086328 0.665000 29.658533 1.972292 0.622914 
0.086328 0.655000 29.658533 1.942634 0.622914 
0.086328 0.645000 29.658533 1.912975 0.622914 
0.086328 0.635000 29.658533 1.883317 0.622914 
0.086328 0.625000 29.658533 1.853658 0.622914 
0.076220 0.615000 29.658533 1.824000 0.562189 
0.076220 0.605000 29.658533 1.794341 0.562189 
0.076220 0.595000 29.658533 1.764683 0.562189 
0.076220 0.585000 29.658533 1.735024 0.562189 
0.076220 0.575000 29.658533 1.705366 0.562189 
0.076220 0.565000 29.658533 1.675707 0.562189 
0.066010 0.555000 29.658533 1.646049 0.497820 
0.066010 0.545000 29.658533 1.616390 0.497820 
0.066010 0.535000 29.658533 1.586732 0.497820 
0.066010 0.525000 29.658533 1.557073 0.497820 
0.066010 0.515000 29.658533 1.527414 0.497820 
0.066010 0.505000 29.658533 1.497756 0.497820 
0.055695 0.495000 29.658533 1.468097 0.430257 
0.055695 0.485000 29.658533 1.438439 0.430257 
0.055695 0.475000 29.658533 1.408780 0.430257 
0.055695 0.465000 29.658533 1.379122 0.430257 
0.055695 0.455000 29.658533 1.349463 0.430257 
0.055695 0.445000 29.658533 1.319805 0.430257 
0.055695 0.435000 29.658533 1.290146 0.430257 
0.045271 0.425000 29.658533 1.260488 0.360765 
0.045271 0.415000 29.658533 1.230829 0.360765 
0.045271 0.405000 29.658533 1.201171 0.360765 
0.045271 0.395000 29.658533 1.171512 0.360765 
0.045271 0.385000 29.658533 1.141854 0.360765 
0.045271 0.375000 29.658533 1.112195 0.360765 
0.045271 0.365000 29.658533 1.082536 0.360765 
0.034735 0.355000 29.658533 1.052878 0.292060 
0.034735 0.345000 29.658533 1.023219 0.292060 
0.034735 0.335000 29.658533 0.993561 0.292060 
0.034735 0.325000 29.658533 0.963902 0.292060 
0.034735 0.315000 29.658533 0.934244 0.292060 
0.034735 0.305000 29.658533 0.904585 0.292060 
0.034735 0.295000 29.658533 0.874927 0.292060 
0.024083 0.285000 29.658533 0.845268 0.229108 
0.024083 0.275000 29.658533 0.815610 0.229108 
0.024083 0.265000 29.658533 0.785951 0.229108 
0.024083 0.255000 29.658533 0.756293 0.229108 
0.024083 0.245000 29.658533 0.726634 0.229108 
0.024083 0.235000 29.658533 0.696976 0.229108 
0.013311 0.225000 29.658533 0.667317 0.179483 
0.013311 0.215000 29.658533 0.637658 0.179483 
0.013311 0.205000 29.658533 0.608000 0.179483 
0.013311 0.195000 29.658533 0.578341 0.179483 
0.013311 0.185000 29.658533 0.548683 0.179483 
0.002414 0.175000 29.658533 0.519024 0.151881 
0.002414 0.165000 29.658533 0.489366 0.151881 
0.002414 0.155000 29.658533 0.459707 0.151881 
