1.999998 9.985000 9.415997 9.401873 3.866916 
1.999998 9.975000 9.415997 9.392457 3.866916 
1.999998 9.965000 9.415997 9.383041 3.866916 
1.999998 9.955000 9.415997 9.373625 3.866916 
1.999998 9.945000 9.415997 9.364209 3.866916 
1.999998 9.935000 9.415997 9.354793 3.866916 
1.999998 9.925000 9.415997 9.345377 3.866916 
1.999998 9.915000 9.415997 9.335961 3.866916 
1.999998 9.905000 9.415997 9.326545 3.866916 
1.999998 9.895000 9.415997 9.317129 3.866916 
1.999998 9.885000 9.415997 9.307713 3.866916 
1.999998 9.875000 9.415997 9.298297 3.866916 
1.999998 9.865000 9.415997 9.288881 3.866916 
1.999998 9.855000 9.415997 9.279465 3.866916 
1.999998 9.845000 9.415997 9.270049 3.866916 
1.999998 9.835000 9.415997 9.260633 3.866916 
1.999998 9.825000 9.415997 9.251217 3.866916 
1.999998 9.815000 9.415997 9.241801 3.866916 
1.999998 9.805000 9.415997 9.232385 3.866916 
1.999998 9.795000 9.415997 9.222969 3.866916 
1.999998 9.785000 9.415997 9.213553 3.866916 
1.999998 9.775000 9.415997 9.204137 3.866916 
1.999998 9.765000 9.415997 9.194721 3.866916 
1.999998 9.755000 9.415997 9.185305 3.866916 
1.999998 9.745000 9.415997 9.175890 3.866916 
1.999998 9.735000 9.415997 9.166474 3.866916 
1.999998 9.725000 9.415997 9.157058 3.866916 
1.999998 9.715000 9.415997 9.147642 3.866916 
1.999998 9.705000 9.415997 9.138226 3.866916 
1.999998 9.695000 9.415997 9.128810 3.866916 
1.999998 9.685000 9.415997 9.119394 3.866916 
1.999998 9.675000 9.415997 9.109978 3.866916 
1.999998 9.665000 9.415997 9.100562 3.866916 
1.999998 9.655000 9.415997 9.091146 3.866916 
1.999998 9.645000 9.415997 9.081730 3.866916 
1.999998 9.635000 9.415997 9.072314 3.866916 
1.999998 9.625000 9.415997 9.062898 3.866916 
1.999998 9.615000 9.415997 9.053482 3.866916 
1.999998 9.605000 9.415997 9.044066 3.866916 
1.999998 9.595000 9.415997 9.034650 3.866916 
1.999998 9.585000 9.415997 9.025234 3.866916 
1.999998 9.575000 9.415997 9.015818 3.866916 
1.999998 9.565000 9.415997 9.006402 3.866916 
1.999998 9.555000 9.415997 8.996986 3.866916 
1.999998 9.545000 9.415997 8.987570 3.866916 
1.999998 9.535000 9.415997 8.978154 3.866916 
1.999998 9.525000 9.415997 8.968738 3.866916 
1.999998 9.515000 9.415997 8.959322 3.866916 
1.999998 9.505000 9.415997 8.949906 3.866916 
1.999998 9.495000 9.415997 8.940490 3.866916 
1.999998 9.485000 9.415997 8.931074 3.866916 
1.999998 9.475000 9.415997 8.921658 3.866916 
1.999998 9.465000 9.415997 8.912242 3.866916 
1.999998 9.455000 9.415997 8.902826 3.866916 
1.999998 9.445000 9.415997 8.893410 3.866916 
1.999998 9.435000 9.415997 8.883994 3.866916 
1.999998 9.425000 9.415997 8.874578 3.866916 
1.999998 9.415000 9.415997 8.865162 3.866916 
1.999998 9.405000 9.415997 8.855746 3.866916 
1.999998 9.395000 9.415997 8.846330 3.866916 
1.999998 9.385000 9.415997 8.836914 3.866916 
1.999998 9.375000 9.415997 8.827498 3.866916 
1.999998 9.365000 9.415997 8.818082 3.866916 
1.999998 9.355000 9.415997 8.808666 3.866916 
1.999998 9.345000 9.415997 8.799250 3.866916 
1.999998 9.335000 9.415997 8.789834 3.866916 
1.999998 9.325000 9.415997 8.780418 3.866916 
1.999998 9.315000 9.415997 8.771002 3.866916 
1.999998 9.305000 9.415997 8.761586 3.866916 
1.999998 9.295000 9.415997 8.752170 3.866916 
1.999998 9.285000 9.415997 8.742754 3.866916 
1.999998 9.275000 9.415997 8.733338 3.866916 
1.999998 9.265000 9.415997 8.723922 3.866916 
1.999998 9.255000 9.415997 8.714506 3.866916 
1.999998 9.245000 9.415997 8.705090 3.866916 
1.999998 9.235000 9.415997 8.695674 3.866916 
1.999998 9.225000 9.415997 8.686258 3.866916 
1.999998 9.215000 9.415997 8.676842 3.866916 
1.999998 9.205000 9.415997 8.667426 3.866916 
1.999998 9.195000 9.415997 8.658010 3.866916 
1.999998 9.185000 9.415997 8.648594 3.866916 
1.999998 9.175000 9.415997 8.639178 3.866916 
1.999998 9.165000 9.415997 8.629762 3.866916 
1.999998 9.155000 9.415997 8.620346 3.866916 
1.999998 9.145000 9.415997 8.610930 3.866916 
1.999998 9.135000 9.415997 8.601514 3.866916 
1.999998 9.125000 9.415997 8.592098 3.866916 
1.999998 9.115000 9.415997 8.582682 3.866916 
1.999998 9.105000 9.415997 8.573266 3.866916 
1.999998 9.095000 9.415997 8.563850 3.866916 
1.999998 9.085000 9.415997 8.554434 3.866916 
1.999998 9.075000 9.415997 8.545018 3.866916 
1.999998 9.065000 9.415997 8.535602 3.866916 
1.999998 9.055000 9.415997 8.526186 3.866916 
1.999998 9.045000 9.415997 8.516770 3.866916 
1.999998 9.035000 9.415997 8.507354 3.866916 
1.999998 9.025000 9.415997 8.497938 3.866916 
1.999998 9.015000 9.415997 8.488522 3.866916 
1.999998 9.005000 9.415997 8.479106 3.866916 
1.999998 8.995000 9.415997 8.469690 3.866916 
1.999998 8.985000 9.415997 8.460274 3.866916 
1.999998 8.975000 9.415997 8.450858 3.866916 
1.999998 8.965000 9.415997 8.441442 3.866916 
1.999998 8.955000 9.415997 8.432026 3.866916 
1.999998 8.945000 9.415997 8.422610 3.866916 
1.999998 8.935000 9.415997 8.413194 3.866916 
1.999998 8.925000 9.415997 8.403778 3.866916 
1.999998 8.915000 9.415997 8.394362 3.866916 
1.999998 8.905000 9.415997 8.384946 3.866916 
1.999998 8.895000 9.415997 8.375530 3.866916 
1.999998 8.885000 9.415997 8.366114 3.866916 
1.999998 8.875000 9.415997 8.356698 3.866916 
1.999998 8.865000 9.415997 8.347282 3.866916 
1.999998 8.855000 9.415997 8.337866 3.866916 
1.999998 8.845000 9.415997 8.328450 3.866916 
1.999998 8.835000 9.415997 8.319034 3.866916 
1.999998 8.825000 9.415997 8.309618 3.866916 
1.999998 8.815000 9.415997 8.300202 3.866916 
1.999998 8.805000 9.415997 8.290786 3.866916 
1.999998 8.795000 9.415997 8.281370 3.866916 
1.999998 8.785000 9.415997 8.271954 3.866916 
1.999998 8.775000 9.415997 8.262538 3.866916 
1.999998 8.765000 9.415997 8.253122 3.866916 
1.999998 8.755000 9.415997 8.243706 3.866916 
1.999998 8.745000 9.415997 8.234290 3.866916 
1.999998 8.735000 9.415997 8.224874 3.866916 
1.999998 8.725000 9.415997 8.215458 3.866916 
1.999998 8.715000 9.415997 8.206042 3.866916 
1.999998 8.705000 9.415997 8.196626 3.866916 
1.999998 8.695000 9.415997 8.187210 3.866916 
1.999998 8.685000 9.415997 8.177794 3.866916 
1.999998 8.675000 9.415997 8.168378 3.866916 
1.999998 8.665000 9.415997 8.158962 3.866916 
1.999998 8.655000 9.415997 8.149546 3.866916 
1.999998 8.645000 9.415997 8.140130 3.866916 
1.999998 8.635000 9.415997 8.130714 3.866916 
1.999998 8.625000 9.415997 8.121298 3.866916 
1.999998 8.615000 9.415997 8.111882 3.866916 
1.999998 8.605000 9.415997 8.102466 3.866916 
1.999998 8.595000 9.415997 8.093050 3.866916 
1.999998 8.585000 9.415997 8.083634 3.866916 
1.999998 8.575000 9.415997 8.074218 3.866916 
1.999998 8.565000 9.415997 8.064802 3.866916 
1.999998 8.555000 9.415997 8.055386 3.866916 
1.999998 8.545000 9.415997 8.045970 3.866916 
1.999998 8.535000 9.415997 8.036554 3.866916 
1.999998 8.525000 9.415997 8.027138 3.866916 
1.999998 8.515000 9.415997 8.017722 3.866916 
1.999998 8.505000 9.415997 8.008306 3.866916 
1.999998 8.495000 9.415997 7.998890 3.866916 
1.999998 8.485000 9.415997 7.989474 3.866916 
1.999998 8.475000 9.415997 7.980058 3.866916 
1.999998 8.465000 9.415997 7.970642 3.866916 
1.999998 8.455000 9.415997 7.961226 3.866916 
1.999998 8.445000 9.415997 7.951810 3.866916 
1.999998 8.435000 9.415997 7.942394 3.866916 
1.999998 8.425000 9.415997 7.932978 3.866916 
1.999998 8.415000 9.415997 7.923562 3.866916 
1.999998 8.405000 9.415997 7.914146 3.866916 
1.999998 8.395000 9.415997 7.904730 3.866916 
1.999998 8.385000 9.415997 7.895314 3.866916 
1.999998 8.375000 9.415997 7.885898 3.866916 
1.999998 8.365000 9.415997 7.876482 3.866916 
1.999998 8.355000 9.415997 7.867066 3.866916 
1.999998 8.345000 9.415997 7.857650 3.866916 
1.999998 8.335000 9.415997 7.848234 3.866916 
1.999998 8.325000 9.415997 7.838818 3.866916 
1.999998 8.315000 9.415997 7.829402 3.866916 
1.999998 8.305000 9.415997 7.819986 3.866916 
1.999998 8.295000 9.415997 7.810570 3.866916 
1.999998 8.285000 9.415997 7.801154 3.866916 
1.999998 8.275000 9.415997 7.791738 3.866916 
1.999998 8.265000 9.415997 7.782322 3.866916 
1.999998 8.255000 9.415997 7.772906 3.866916 
1.999998 8.245000 9.415997 7.763490 3.866916 
1.999998 8.235000 9.415997 7.754074 3.866916 
1.999998 8.225000 9.415997 7.744658 3.866916 
1.999998 8.215000 9.415997 7.735242 3.866916 
1.999998 8.205000 9.415997 7.725826 3.866916 
1.999998 8.195000 9.415997 7.716410 3.866916 
1.999998 8.185000 9.415997 7.706994 3.866916 
1.999998 8.175000 9.415997 7.697578 3.866916 
1.999998 8.165000 9.415997 7.688162 3.866916 
1.999998 8.155000 9.415997 7.678746 3.866916 
1.999998 8.145000 9.415997 7.669330 3.866916 
1.999998 8.135000 9.415997 7.659914 3.866916 
1.999998 8.125000 9.415997 7.650498 3.866916 
1.999998 8.115000 9.415997 7.641082 3.866916 
1.999998 8.105000 9.415997 7.631666 3.866916 
1.999998 8.095000 9.415997 7.622250 3.866916 
1.999998 8.085000 9.415997 7.612834 3.866916 
1.999998 8.075000 9.415997 7.603418 3.866916 
1.999998 8.065000 9.415997 7.594002 3.866916 
1.999998 8.055000 9.415997 7.584586 3.866916 
1.999998 8.045000 9.415997 7.575170 3.866916 
1.999998 8.035000 9.415997 7.565754 3.866916 
1.999998 8.025000 9.415997 7.556338 3.866916 
1.999998 8.015000 9.415997 7.546922 3.866916 
1.999998 8.005000 9.415997 7.537506 3.866916 
1.999998 7.995000 9.415997 7.528090 3.866916 
1.999998 7.985000 9.415997 7.518674 3.866916 
1.999998 7.975000 9.415997 7.509258 3.866916 
1.999998 7.965000 9.415997 7.499842 3.866916 
1.999998 7.955000 9.415997 7.490426 3.866916 
1.999998 7.945000 9.415997 7.481010 3.866916 
1.999998 7.935000 9.415997 7.471594 3.866916 
1.999998 7.925000 9.415997 7.462178 3.866916 
1.999998 7.915000 9.415997 7.452762 3.866916 
1.999998 7.905000 9.415997 7.443346 3.866916 
1.999998 7.895000 9.415997 7.433930 3.866916 
1.999998 7.885000 9.415997 7.424514 3.866916 
1.999998 7.875000 9.415997 7.415098 3.866916 
1.999998 7.865000 9.415997 7.405682 3.866916 
1.999998 7.855000 9.415997 7.396266 3.866916 
1.999998 7.845000 9.415997 7.386850 3.866916 
1.999998 7.835000 9.415997 7.377434 3.866916 
1.999998 7.825000 9.415997 7.368018 3.866916 
1.999998 7.815000 9.415997 7.358602 3.866916 
1.999998 7.805000 9.415997 7.349186 3.866916 
1.999998 7.795000 9.415997 7.339770 3.866916 
1.999998 7.785000 9.415997 7.330354 3.866916 
1.999998 7.775000 9.415997 7.320938 3.866916 
1.999998 7.765000 9.415997 7.311522 3.866916 
1.999998 7.755000 9.415997 7.302106 3.866916 
1.999998 7.745000 9.415997 7.292690 3.866916 
1.999998 7.735000 9.415997 7.283274 3.866916 
1.999998 7.725000 9.415997 7.273858 3.866916 
1.999998 7.715000 9.415997 7.264442 3.866916 
1.999998 7.705000 9.415997 7.255026 3.866916 
1.999998 7.695000 9.415997 7.245610 3.866916 
1.999998 7.685000 9.415997 7.236194 3.866916 
1.999998 7.675000 9.415997 7.226778 3.866916 
1.999998 7.665000 9.415997 7.217362 3.866916 
1.999998 7.655000 9.415997 7.207946 3.866916 
1.999998 7.645000 9.415997 7.198530 3.866916 
1.999998 7.635000 9.415997 7.189114 3.866916 
1.999998 7.625000 9.415997 7.179698 3.866916 
1.999998 7.615000 9.415997 7.170282 3.866916 
1.999998 7.605000 9.415997 7.160866 3.866916 
1.999998 7.595000 9.415997 7.151450 3.866916 
1.999998 7.585000 9.415997 7.142034 3.866916 
1.999998 7.575000 9.415997 7.132618 3.866916 
1.999998 7.565000 9.415997 7.123202 3.866916 
1.999998 7.555000 9.415997 7.113786 3.866916 
1.999998 7.545000 9.415997 7.104370 3.866916 
1.999998 7.535000 9.415997 7.094954 3.866916 
1.999998 7.525000 9.415997 7.085538 3.866916 
1.999998 7.515000 9.415997 7.076122 3.866916 
1.999998 7.505000 9.415997 7.066706 3.866916 
1.999998 7.495000 9.415997 7.057290 3.866916 
1.999998 7.485000 9.415997 7.047874 3.866916 
1.999998 7.475000 9.415997 7.038458 3.866916 
1.999998 7.465000 9.415997 7.029042 3.866916 
1.999998 7.455000 9.415997 7.019626 3.866916 
1.999998 7.445000 9.415997 7.010210 3.866916 
1.999998 7.435000 9.415997 7.000794 3.866916 
1.999998 7.425000 9.415997 6.991378 3.866916 
1.999998 7.415000 9.415997 6.981962 3.866916 
1.999998 7.405000 9.415997 6.972546 3.866916 
1.999998 7.395000 9.415997 6.963130 3.866916 
1.999998 7.385000 9.415997 6.953714 3.866916 
1.999998 7.375000 9.415997 6.944298 3.866916 
1.999998 7.365000 9.415997 6.934882 3.866916 
1.999998 7.355000 9.415997 6.925466 3.866916 
1.999998 7.345000 9.415997 6.916050 3.866916 
1.999998 7.335000 9.415997 6.906634 3.866916 
1.999998 7.325000 9.415997 6.897218 3.866916 
1.999998 7.315000 9.415997 6.887802 3.866916 
1.999998 7.305000 9.415997 6.878386 3.866916 
1.999998 7.295000 9.415997 6.868970 3.866916 
1.999998 7.285000 9.415997 6.859554 3.866916 
1.999998 7.275000 9.415997 6.850138 3.866916 
1.999998 7.265000 9.415997 6.840722 3.866916 
1.999998 7.255000 9.415997 6.831306 3.866916 
1.999998 7.245000 9.415997 6.821890 3.866916 
1.999998 7.235000 9.415997 6.812474 3.866916 
1.999998 7.225000 9.415997 6.803058 3.866916 
1.999998 7.215000 9.415997 6.793642 3.866916 
1.999998 7.205000 9.415997 6.784226 3.866916 
1.999998 7.195000 9.415997 6.774810 3.866916 
1.999998 7.185000 9.415997 6.765394 3.866916 
1.999998 7.175000 9.415997 6.755978 3.866916 
1.999998 7.165000 9.415997 6.746562 3.866916 
1.999998 7.155000 9.415997 6.737146 3.866916 
1.999998 7.145000 9.415997 6.727730 3.866916 
1.999998 7.135000 9.415997 6.718314 3.866916 
1.999998 7.125000 9.415997 6.708898 3.866916 
1.999998 7.115000 9.415997 6.699482 3.866916 
1.999998 7.105000 9.415997 6.690066 3.866916 
1.999998 7.095000 9.415997 6.680650 3.866916 
1.999998 7.085000 9.415997 6.671234 3.866916 
1.999998 7.075000 9.415997 6.661818 3.866916 
1.999998 7.065000 9.415997 6.652402 3.866916 
1.999998 7.055000 9.415997 6.642986 3.866916 
1.999998 7.045000 9.415997 6.633570 3.866916 
1.999998 7.035000 9.415997 6.624154 3.866916 
1.999998 7.025000 9.415997 6.614738 3.866916 
1.999998 7.015000 9.415997 6.605322 3.866916 
1.999998 7.005000 9.415997 6.595906 3.866916 
1.999998 6.995000 9.415997 6.586490 3.866916 
1.999998 6.985000 9.415997 6.577074 3.866916 
1.999998 6.975000 9.415997 6.567658 3.866916 
1.999998 6.965000 9.415997 6.558242 3.866916 
1.999998 6.955000 9.415997 6.548826 3.866916 
1.999998 6.945000 9.415997 6.539410 3.866916 
1.999998 6.935000 9.415997 6.529994 3.866916 
1.999998 6.925000 9.415997 6.520578 3.866916 
1.999998 6.915000 9.415997 6.511162 3.866916 
1.999998 6.905000 9.415997 6.501746 3.866916 
1.999998 6.895000 9.415997 6.492330 3.866916 
1.999998 6.885000 9.415997 6.482914 3.866916 
1.999998 6.875000 9.415997 6.473498 3.866916 
1.999998 6.865000 9.415997 6.464082 3.866916 
1.999998 6.855000 9.415997 6.454666 3.866916 
1.999998 6.845000 9.415997 6.445250 3.866916 
1.999998 6.835000 9.415997 6.435834 3.866916 
1.999998 6.825000 9.415997 6.426418 3.866916 
1.999998 6.815000 9.415997 6.417002 3.866916 
1.999998 6.805000 9.415997 6.407586 3.866916 
1.999998 6.795000 9.415997 6.398170 3.866916 
1.999998 6.785000 9.415997 6.388754 3.866916 
1.999998 6.775000 9.415997 6.379338 3.866916 
1.999998 6.765000 9.415997 6.369922 3.866916 
1.999998 6.755000 9.415997 6.360506 3.866916 
1.999998 6.745000 9.415997 6.351090 3.866916 
1.999998 6.735000 9.415997 6.341674 3.866916 
1.999998 6.725000 9.415997 6.332258 3.866916 
1.999998 6.715000 9.415997 6.322842 3.866916 
1.999998 6.705000 9.415997 6.313426 3.866916 
1.999998 6.695000 9.415997 6.304010 3.866916 
1.999998 6.685000 9.415997 6.294594 3.866916 
1.999998 6.675000 9.415997 6.285178 3.866916 
1.999998 6.665000 9.415997 6.275762 3.866916 
1.999998 6.655000 9.415997 6.266346 3.866916 
1.999998 6.645000 9.415997 6.256930 3.866916 
1.999998 6.635000 9.415997 6.247514 3.866916 
1.999998 6.625000 9.415997 6.238098 3.866916 
1.999998 6.615000 9.415997 6.228682 3.866916 
1.999998 6.605000 9.415997 6.219266 3.866916 
1.999998 6.595000 9.415997 6.209850 3.866916 
1.999998 6.585000 9.415997 6.200434 3.866916 
1.999998 6.575000 9.415997 6.191018 3.866916 
1.999998 6.565000 9.415997 6.181602 3.866916 
1.999998 6.555000 9.415997 6.172186 3.866916 
1.999998 6.545000 9.415997 6.162770 3.866916 
1.999998 6.535000 9.415997 6.153354 3.866916 
1.999998 6.525000 9.415997 6.143938 3.866916 
1.999998 6.515000 9.415997 6.134522 3.866916 
1.999998 6.505000 9.415997 6.125106 3.866916 
1.999998 6.495000 9.415997 6.115690 3.866916 
1.999998 6.485000 9.415997 6.106274 3.866916 
1.999998 6.475000 9.415997 6.096858 3.866916 
1.999998 6.465000 9.415997 6.087442 3.866916 
1.999998 6.455000 9.415997 6.078026 3.866916 
1.999998 6.445000 9.415997 6.068610 3.866916 
1.999998 6.435000 9.415997 6.059194 3.866916 
1.999998 6.425000 9.415997 6.049778 3.866916 
1.999998 6.415000 9.415997 6.040362 3.866916 
1.999998 6.405000 9.415997 6.030946 3.866916 
1.999998 6.395000 9.415997 6.021530 3.866916 
1.999998 6.385000 9.415997 6.012114 3.866916 
1.999998 6.375000 9.415997 6.002698 3.866916 
1.999998 6.365000 9.415997 5.993282 3.866916 
1.999998 6.355000 9.415997 5.983866 3.866916 
1.999998 6.345000 9.415997 5.974450 3.866916 
1.999998 6.335000 9.415997 5.965034 3.866916 
1.999998 6.325000 9.415997 5.955618 3.866916 
1.999998 6.315000 9.415997 5.946202 3.866916 
1.999998 6.305000 9.415997 5.936786 3.866916 
1.999998 6.295000 9.415997 5.927370 3.866916 
1.999998 6.285000 9.415997 5.917954 3.866916 
1.999998 6.275000 9.415997 5.908538 3.866916 
1.999998 6.265000 9.415997 5.899122 3.866916 
1.999998 6.255000 9.415997 5.889706 3.866916 
1.999998 6.245000 9.415997 5.880290 3.866916 
1.999998 6.235000 9.415997 5.870874 3.866916 
1.999998 6.225000 9.415997 5.861458 3.866916 
1.999998 6.215000 9.415997 5.852042 3.866916 
1.999998 6.205000 9.415997 5.842626 3.866916 
1.999998 6.195000 9.415997 5.833210 3.866916 
1.999998 6.185000 9.415997 5.823794 3.866916 
1.999998 6.175000 9.415997 5.814378 3.866916 
1.999998 6.165000 9.415997 5.804962 3.866916 
1.999998 6.155000 9.415997 5.795546 3.866916 
1.999998 6.145000 9.415997 5.786130 3.866916 
1.999998 6.135000 9.415997 5.776714 3.866916 
1.999998 6.125000 9.415997 5.767298 3.866916 
1.999998 6.115000 9.415997 5.757882 3.866916 
1.999998 6.105000 9.415997 5.748466 3.866916 
1.999998 6.095000 9.415997 5.739050 3.866916 
1.999998 6.085000 9.415997 5.729634 3.866916 
1.999998 6.075000 9.415997 5.720218 3.866916 
1.999998 6.065000 9.415997 5.710802 3.866916 
1.999998 6.055000 9.415997 5.701386 3.866916 
1.999998 6.045000 9.415997 5.691970 3.866916 
1.999998 6.035000 9.415997 5.682554 3.866916 
1.999998 6.025000 9.415997 5.673138 3.866916 
1.999998 6.015000 9.415997 5.663722 3.866916 
1.999998 6.005000 9.415997 5.654306 3.866916 
1.999998 5.995000 9.415997 5.644890 3.866916 
1.999998 5.985000 9.415997 5.635474 3.866916 
1.999998 5.975000 9.415997 5.626058 3.866916 
1.999998 5.965000 9.415997 5.616642 3.866916 
1.999998 5.955000 9.415997 5.607226 3.866916 
1.999998 5.945000 9.415997 5.597810 3.866916 
1.999998 5.935000 9.415997 5.588394 3.866916 
1.999998 5.925000 9.415997 5.578978 3.866916 
1.999998 5.915000 9.415997 5.569562 3.866916 
1.999998 5.905000 9.415997 5.560146 3.866916 
1.999998 5.895000 9.415997 5.550730 3.866916 
1.999998 5.885000 9.415997 5.541314 3.866916 
1.999998 5.875000 9.415997 5.531898 3.866916 
1.999998 5.865000 9.415997 5.522482 3.866916 
1.999998 5.855000 9.415997 5.513066 3.866916 
1.999998 5.845000 9.415997 5.503651 3.866916 
1.999998 5.835000 9.415997 5.494235 3.866916 
1.999998 5.825000 9.415997 5.484819 3.866916 
1.999998 5.815000 9.415997 5.475403 3.866916 
1.999998 5.805000 9.415997 5.465987 3.866916 
1.999998 5.795000 9.415997 5.456571 3.866916 
1.999998 5.785000 9.415997 5.447155 3.866916 
1.999998 5.775000 9.415997 5.437739 3.866916 
1.999998 5.765000 9.415997 5.428323 3.866916 
1.999998 5.755000 9.415997 5.418907 3.866916 
1.999998 5.745000 9.415997 5.409491 3.866916 
1.999998 5.735000 9.415997 5.400075 3.866916 
1.999998 5.725000 9.415997 5.390659 3.866916 
1.999998 5.715000 9.415997 5.381243 3.866916 
1.999998 5.705000 9.415997 5.371827 3.866916 
1.999998 5.695000 9.415997 5.362411 3.866916 
1.999998 5.685000 9.415997 5.352995 3.866916 
1.999998 5.675000 9.415997 5.343579 3.866916 
1.999998 5.665000 9.415997 5.334163 3.866916 
1.999998 5.655000 9.415997 5.324747 3.866916 
1.999998 5.645000 9.415997 5.315331 3.866916 
1.999998 5.635000 9.415997 5.305915 3.866916 
1.999998 5.625000 9.415997 5.296499 3.866916 
1.999998 5.615000 9.415997 5.287083 3.866916 
1.999998 5.605000 9.415997 5.277667 3.866916 
1.999998 5.595000 9.415997 5.268251 3.866916 
1.999998 5.585000 9.415997 5.258835 3.866916 
1.999998 5.575000 9.415997 5.249419 3.866916 
1.999998 5.565000 9.415997 5.240003 3.866916 
1.999998 5.555000 9.415997 5.230587 3.866916 
1.999998 5.545000 9.415997 5.221171 3.866916 
1.999998 5.535000 9.415997 5.211755 3.866916 
1.999998 5.525000 9.415997 5.202339 3.866916 
1.999998 5.515000 9.415997 5.192923 3.866916 
1.999998 5.505000 9.415997 5.183507 3.866916 
1.999998 5.495000 9.415997 5.174091 3.866916 
1.999998 5.485000 9.415997 5.164675 3.866916 
1.999998 5.475000 9.415997 5.155259 3.866916 
1.999998 5.465000 9.415997 5.145843 3.866916 
1.999998 5.455000 9.415997 5.136427 3.866916 
1.999998 5.445000 9.415997 5.127011 3.866916 
1.999998 5.435000 9.415997 5.117595 3.866916 
1.999998 5.425000 9.415997 5.108179 3.866916 
1.999998 5.415000 9.415997 5.098763 3.866916 
1.999998 5.405000 9.415997 5.089347 3.866916 
1.999998 5.395000 9.415997 5.079931 3.866916 
1.999998 5.385000 9.415997 5.070515 3.866916 
1.999998 5.375000 9.415997 5.061099 3.866916 
1.999998 5.365000 9.415997 5.051683 3.866916 
1.999998 5.355000 9.415997 5.042267 3.866916 
1.999998 5.345000 9.415997 5.032851 3.866916 
1.999998 5.335000 9.415997 5.023435 3.866916 
1.999998 5.325000 9.415997 5.014019 3.866916 
1.999998 5.315000 9.415997 5.004603 3.866916 
1.999998 5.305000 9.415997 4.995187 3.866916 
1.999998 5.295000 9.415997 4.985771 3.866916 
1.999998 5.285000 9.415997 4.976355 3.866916 
1.999998 5.275000 9.415997 4.966939 3.866916 
1.999998 5.265000 9.415997 4.957523 3.866916 
1.999998 5.255000 9.415997 4.948107 3.866916 
1.999998 5.245000 9.415997 4.938691 3.866916 
1.999998 5.235000 9.415997 4.929275 3.866916 
1.999998 5.225000 9.415997 4.919859 3.866916 
1.999998 5.215000 9.415997 4.910443 3.866916 
1.999998 5.205000 9.415997 4.901027 3.866916 
1.999998 5.195000 9.415997 4.891611 3.866916 
1.999998 5.185000 9.415997 4.882195 3.866916 
1.999998 5.175000 9.415997 4.872779 3.866916 
1.999998 5.165000 9.415997 4.863363 3.866916 
1.999998 5.155000 9.415997 4.853947 3.866916 
1.999998 5.145000 9.415997 4.844531 3.866916 
1.999998 5.135000 9.415997 4.835115 3.866916 
1.999998 5.125000 9.415997 4.825699 3.866916 
1.999998 5.115000 9.415997 4.816283 3.866916 
1.999998 5.105000 9.415997 4.806867 3.866916 
1.999998 5.095000 9.415997 4.797451 3.866916 
1.999998 5.085000 9.415997 4.788035 3.866916 
1.999998 5.075000 9.415997 4.778619 3.866916 
1.999998 5.065000 9.415997 4.769203 3.866916 
1.999998 5.055000 9.415997 4.759787 3.866916 
1.999998 5.045000 9.415997 4.750371 3.866916 
1.999998 5.035000 9.415997 4.740955 3.866916 
1.999998 5.025000 9.415997 4.731539 3.866916 
1.999998 5.015000 9.415997 4.722123 3.866916 
1.999998 5.005000 9.415997 4.712707 3.866916 
1.999998 4.995000 9.415997 4.703291 3.866916 
1.999998 4.985000 9.415997 4.693875 3.866916 
1.999998 4.975000 9.415997 4.684459 3.866916 
1.999998 4.965000 9.415997 4.675043 3.866916 
1.999998 4.955000 9.415997 4.665627 3.866916 
1.999998 4.945000 9.415997 4.656211 3.866916 
1.999998 4.935000 9.415997 4.646795 3.866916 
1.999998 4.925000 9.415997 4.637379 3.866916 
1.999998 4.915000 9.415997 4.627963 3.866916 
1.999998 4.905000 9.415997 4.618547 3.866916 
1.999998 4.895000 9.415997 4.609131 3.866916 
1.999998 4.885000 9.415997 4.599715 3.866916 
1.999998 4.875000 9.415997 4.590299 3.866916 
1.999998 4.865000 9.415997 4.580883 3.866916 
1.999998 4.855000 9.415997 4.571467 3.866916 
1.999998 4.845000 9.415997 4.562051 3.866916 
1.999998 4.835000 9.415997 4.552635 3.866916 
1.999998 4.825000 9.415997 4.543219 3.866916 
1.999998 4.815000 9.415997 4.533803 3.866916 
1.999998 4.805000 9.415997 4.524387 3.866916 
1.999998 4.795000 9.415997 4.514971 3.866916 
1.999998 4.785000 9.415997 4.505555 3.866916 
1.999998 4.775000 9.415997 4.496139 3.866916 
1.999998 4.765000 9.415997 4.486723 3.866916 
1.999998 4.755000 9.415997 4.477307 3.866916 
1.999998 4.745000 9.415997 4.467891 3.866916 
1.999998 4.735000 9.415997 4.458475 3.866916 
1.999998 4.725000 9.415997 4.449059 3.866916 
1.999998 4.715000 9.415997 4.439643 3.866916 
1.999998 4.705000 9.415997 4.430227 3.866916 
1.999998 4.695000 9.415997 4.420811 3.866916 
1.999998 4.685000 9.415997 4.411395 3.866916 
1.999998 4.675000 9.415997 4.401979 3.866916 
1.999998 4.665000 9.415997 4.392563 3.866916 
1.999998 4.655000 9.415997 4.383147 3.866916 
1.999998 4.645000 9.415997 4.373731 3.866916 
1.999998 4.635000 9.415997 4.364315 3.866916 
1.999998 4.625000 9.415997 4.354899 3.866916 
1.999998 4.615000 9.415997 4.345483 3.866916 
1.999998 4.605000 9.415997 4.336067 3.866916 
1.999998 4.595000 9.415997 4.326651 3.866916 
1.999998 4.585000 9.415997 4.317235 3.866916 
1.999998 4.575000 9.415997 4.307819 3.866916 
1.999998 4.565000 9.415997 4.298403 3.866916 
1.999998 4.555000 9.415997 4.288987 3.866916 
1.999998 4.545000 9.415997 4.279571 3.866916 
1.999998 4.535000 9.415997 4.270155 3.866916 
1.999998 4.525000 9.415997 4.260739 3.866916 
1.999998 4.515000 9.415997 4.251323 3.866916 
1.999998 4.505000 9.415997 4.241907 3.866916 
1.999998 4.495000 9.415997 4.232491 3.866916 
1.999998 4.485000 9.415997 4.223075 3.866916 
1.999998 4.475000 9.415997 4.213659 3.866916 
1.999998 4.465000 9.415997 4.204243 3.866916 
1.999998 4.455000 9.415997 4.194827 3.866916 
1.999998 4.445000 9.415997 4.185411 3.866916 
1.999998 4.435000 9.415997 4.175995 3.866916 
1.999998 4.425000 9.415997 4.166579 3.866916 
1.999998 4.415000 9.415997 4.157163 3.866916 
1.999998 4.405000 9.415997 4.147747 3.866916 
1.999998 4.395000 9.415997 4.138331 3.866916 
1.999998 4.385000 9.415997 4.128915 3.866916 
1.999998 4.375000 9.415997 4.119499 3.866916 
1.999998 4.365000 9.415997 4.110083 3.866916 
1.999998 4.355000 9.415997 4.100667 3.866916 
1.999998 4.345000 9.415997 4.091251 3.866916 
1.999998 4.335000 9.415997 4.081835 3.866916 
1.999998 4.325000 9.415997 4.072419 3.866916 
1.999998 4.315000 9.415997 4.063003 3.866916 
1.999998 4.305000 9.415997 4.053587 3.866916 
1.999998 4.295000 9.415997 4.044171 3.866916 
1.999998 4.285000 9.415997 4.034755 3.866916 
1.999998 4.275000 9.415997 4.025339 3.866916 
1.999998 4.265000 9.415997 4.015923 3.866916 
1.999998 4.255000 9.415997 4.006507 3.866916 
1.999998 4.245000 9.415997 3.997091 3.866916 
1.999998 4.235000 9.415997 3.987675 3.866916 
1.999998 4.225000 9.415997 3.978259 3.866916 
1.999998 4.215000 9.415997 3.968843 3.866916 
1.999998 4.205000 9.415997 3.959427 3.866916 
1.999998 4.195000 9.415997 3.950011 3.866916 
1.999998 4.185000 9.415997 3.940595 3.866916 
1.999998 4.175000 9.415997 3.931179 3.866916 
1.999998 4.165000 9.415997 3.921763 3.866916 
1.999998 4.155000 9.415997 3.912347 3.866916 
1.999998 4.145000 9.415997 3.902931 3.866916 
1.999998 4.135000 9.415997 3.893515 3.866916 
1.999998 4.125000 9.415997 3.884099 3.866916 
1.999998 4.115000 9.415997 3.874683 3.866916 
1.999998 4.105000 9.415997 3.865267 3.866916 
1.999998 4.095000 9.415997 3.855851 3.866916 
1.999998 4.085000 9.415997 3.846435 3.866916 
1.999998 4.075000 9.415997 3.837019 3.866916 
1.999998 4.065000 9.415997 3.827603 3.866916 
1.999998 4.055000 9.415997 3.818187 3.866916 
1.999998 4.045000 9.415997 3.808771 3.866916 
1.999998 4.035000 9.415997 3.799355 3.866916 
1.999998 4.025000 9.415997 3.789939 3.866916 
1.999998 4.015000 9.415997 3.780523 3.866916 
1.999998 4.005000 9.415997 3.771107 3.866916 
1.999998 3.995000 9.415997 3.761691 3.866916 
1.999998 3.985000 9.415997 3.752275 3.866916 
1.999998 3.975000 9.415997 3.742859 3.866916 
1.999998 3.965000 9.415997 3.733443 3.866916 
1.999998 3.955000 9.415997 3.724027 3.866916 
1.999998 3.945000 9.415997 3.714611 3.866916 
1.999998 3.935000 9.415997 3.705195 3.866916 
1.999998 3.925000 9.415997 3.695779 3.866916 
1.999998 3.915000 9.415997 3.686363 3.866916 
1.999998 3.905000 9.415997 3.676947 3.866916 
1.999998 3.895000 9.415997 3.667531 3.866916 
1.999998 3.885000 9.415997 3.658115 3.866916 
1.999998 3.875000 9.415997 3.648699 3.866916 
1.999989 3.865000 9.415997 3.639283 3.270235 
1.999989 3.855000 9.415997 3.629867 3.270235 
1.999989 3.845000 9.415997 3.620451 3.270235 
1.999989 3.835000 9.415997 3.611035 3.270235 
1.999989 3.825000 9.415997 3.601619 3.270235 
1.999989 3.815000 9.415997 3.592203 3.270235 
1.999989 3.805000 9.415997 3.582787 3.270235 
1.999989 3.795000 9.415997 3.573371 3.270235 
1.999989 3.785000 9.415997 3.563955 3.270235 
1.999989 3.775000 9.415997 3.554539 3.270235 
1.999989 3.765000 9.415997 3.545123 3.270235 
1.999989 3.755000 9.415997 3.535707 3.270235 
1.999989 3.745000 9.415997 3.526291 3.270235 
1.999989 3.735000 9.415997 3.516875 3.270235 
1.999989 3.725000 9.415997 3.507459 3.270235 
1.999989 3.715000 9.415997 3.498043 3.270235 
1.999989 3.705000 9.415997 3.488627 3.270235 
1.999989 3.695000 9.415997 3.479211 3.270235 
1.999989 3.685000 9.415997 3.469795 3.270235 
1.999989 3.675000 9.415997 3.460379 3.270235 
1.999989 3.665000 9.415997 3.450963 3.270235 
1.999989 3.655000 9.415997 3.441547 3.270235 
1.999989 3.645000 9.415997 3.432131 3.270235 
1.999989 3.635000 9.415997 3.422715 3.270235 
1.999989 3.625000 9.415997 3.413299 3.270235 
1.999989 3.615000 9.415997 3.403883 3.270235 
1.999989 3.605000 9.415997 3.394467 3.270235 
1.999989 3.595000 9.415997 3.385051 3.270235 
1.999989 3.585000 9.415997 3.375635 3.270235 
1.999989 3.575000 9.415997 3.366219 3.270235 
1.999989 3.565000 9.415997 3.356803 3.270235 
1.999989 3.555000 9.415997 3.347387 3.270235 
1.999989 3.545000 9.415997 3.337971 3.270235 
1.999989 3.535000 9.415997 3.328555 3.270235 
1.999989 3.525000 9.415997 3.319139 3.270235 
1.999989 3.515000 9.415997 3.309723 3.270235 
1.999989 3.505000 9.415997 3.300307 3.270235 
1.999989 3.495000 9.415997 3.290891 3.270235 
1.999989 3.485000 9.415997 3.281475 3.270235 
1.999989 3.475000 9.415997 3.272059 3.270235 
1.999989 3.465000 9.415997 3.262643 3.270235 
1.999989 3.455000 9.415997 3.253227 3.270235 
1.999989 3.445000 9.415997 3.243811 3.270235 
1.999989 3.435000 9.415997 3.234395 3.270235 
1.999989 3.425000 9.415997 3.224979 3.270235 
1.999989 3.415000 9.415997 3.215563 3.270235 
1.999989 3.405000 9.415997 3.206147 3.270235 
1.999989 3.395000 9.415997 3.196731 3.270235 
1.999989 3.385000 9.415997 3.187315 3.270235 
1.999989 3.375000 9.415997 3.177899 3.270235 
1.999989 3.365000 9.415997 3.168483 3.270235 
1.999989 3.355000 9.415997 3.159067 3.270235 
1.999989 3.345000 9.415997 3.149651 3.270235 
1.999989 3.335000 9.415997 3.140235 3.270235 
1.999989 3.325000 9.415997 3.130819 3.270235 
1.999989 3.315000 9.415997 3.121403 3.270235 
1.999989 3.305000 9.415997 3.111987 3.270235 
1.999989 3.295000 9.415997 3.102571 3.270235 
1.999989 3.285000 9.415997 3.093155 3.270235 
1.999989 3.275000 9.415997 3.083739 3.270235 
1.999970 3.265000 9.415997 3.074323 2.960485 
1.999970 3.255000 9.415997 3.064907 2.960485 
1.999970 3.245000 9.415997 3.055491 2.960485 
1.999970 3.235000 9.415997 3.046075 2.960485 
1.999970 3.225000 9.415997 3.036659 2.960485 
1.999970 3.215000 9.415997 3.027243 2.960485 
1.999970 3.205000 9.415997 3.017827 2.960485 
1.999970 3.195000 9.415997 3.008411 2.960485 
1.999970 3.185000 9.415997 2.998995 2.960485 
1.999970 3.175000 9.415997 2.989579 2.960485 
1.999970 3.165000 9.415997 2.980163 2.960485 
1.999970 3.155000 9.415997 2.970747 2.960485 
1.999970 3.145000 9.415997 2.961331 2.960485 
1.999970 3.135000 9.415997 2.951915 2.960485 
1.999970 3.125000 9.415997 2.942499 2.960485 
1.999970 3.115000 9.415997 2.933083 2.960485 
1.999970 3.105000 9.415997 2.923667 2.960485 
1.999970 3.095000 9.415997 2.914251 2.960485 
1.999970 3.085000 9.415997 2.904835 2.960485 
1.999970 3.075000 9.415997 2.895419 2.960485 
1.999970 3.065000 9.415997 2.886003 2.960485 
1.999970 3.055000 9.415997 2.876587 2.960485 
1.999970 3.045000 9.415997 2.867171 2.960485 
1.999970 3.035000 9.415997 2.857755 2.960485 
1.999970 3.025000 9.415997 2.848339 2.960485 
1.999970 3.015000 9.415997 2.838923 2.960485 
1.999970 3.005000 9.415997 2.829507 2.960485 
1.999970 2.995000 9.415997 2.820091 2.960485 
1.999970 2.985000 9.415997 2.810675 2.960485 
1.999970 2.975000 9.415997 2.801259 2.960485 
1.999970 2.965000 9.415997 2.791843 2.960485 
1.999944 2.955000 9.415997 2.782427 2.749810 
1.999944 2.945000 9.415997 2.773011 2.749810 
1.999944 2.935000 9.415997 2.763595 2.749810 
1.999944 2.925000 9.415997 2.754179 2.749810 
1.999944 2.915000 9.415997 2.744763 2.749810 
1.999944 2.905000 9.415997 2.735347 2.749810 
1.999944 2.895000 9.415997 2.725931 2.749810 
1.999944 2.885000 9.415997 2.716515 2.749810 
1.999944 2.875000 9.415997 2.707099 2.749810 
1.999944 2.865000 9.415997 2.697683 2.749810 
1.999944 2.855000 9.415997 2.688267 2.749810 
1.999944 2.845000 9.415997 2.678851 2.749810 
1.999944 2.835000 9.415997 2.669435 2.749810 
1.999944 2.825000 9.415997 2.660019 2.749810 
1.999944 2.815000 9.415997 2.650603 2.749810 
1.999944 2.805000 9.415997 2.641187 2.749810 
1.999944 2.795000 9.415997 2.631771 2.749810 
1.999944 2.785000 9.415997 2.622355 2.749810 
1.999944 2.775000 9.415997 2.612939 2.749810 
1.999944 2.765000 9.415997 2.603523 2.749810 
1.999944 2.755000 9.415997 2.594107 2.749810 
1.999909 2.745000 9.415997 2.584691 2.589959 
1.999909 2.735000 9.415997 2.575275 2.589959 
1.999909 2.725000 9.415997 2.565859 2.589959 
1.999909 2.715000 9.415997 2.556443 2.589959 
1.999909 2.705000 9.415997 2.547027 2.589959 
1.999909 2.695000 9.415997 2.537611 2.589959 
1.999909 2.685000 9.415997 2.528195 2.589959 
1.999909 2.675000 9.415997 2.518779 2.589959 
1.999909 2.665000 9.415997 2.509363 2.589959 
1.999909 2.655000 9.415997 2.499947 2.589959 
1.999909 2.645000 9.415997 2.490531 2.589959 
1.999909 2.635000 9.415997 2.481115 2.589959 
1.999909 2.625000 9.415997 2.471699 2.589959 
1.999909 2.615000 9.415997 2.462283 2.589959 
1.999909 2.605000 9.415997 2.452867 2.589959 
1.999909 2.595000 9.415997 2.443451 2.589959 
1.999866 2.585000 9.415997 2.434035 2.461111 
1.999866 2.575000 9.415997 2.424619 2.461111 
1.999866 2.565000 9.415997 2.415203 2.461111 
1.999866 2.555000 9.415997 2.405787 2.461111 
1.999866 2.545000 9.415997 2.396371 2.461111 
1.999866 2.535000 9.415997 2.386955 2.461111 
1.999866 2.525000 9.415997 2.377539 2.461111 
1.999866 2.515000 9.415997 2.368123 2.461111 
1.999866 2.505000 9.415997 2.358707 2.461111 
1.999866 2.495000 9.415997 2.349291 2.461111 
1.999866 2.485000 9.415997 2.339875 2.461111 
1.999866 2.475000 9.415997 2.330459 2.461111 
1.999866 2.465000 9.415997 2.321043 2.461111 
1.999815 2.455000 9.415997 2.311627 2.353169 
1.999815 2.445000 9.415997 2.302211 2.353169 
1.999815 2.435000 9.415997 2.292795 2.353169 
1.999815 2.425000 9.415997 2.283379 2.353169 
1.999815 2.415000 9.415997 2.273963 2.353169 
1.999815 2.405000 9.415997 2.264547 2.353169 
1.999815 2.395000 9.415997 2.255131 2.353169 
1.999815 2.385000 9.415997 2.245715 2.353169 
1.999815 2.375000 9.415997 2.236299 2.353169 
1.999815 2.365000 9.415997 2.226883 2.353169 
1.999815 2.355000 9.415997 2.217467 2.353169 
1.999756 2.345000 9.415997 2.208051 2.260283 
1.999756 2.335000 9.415997 2.198635 2.260283 
1.999756 2.325000 9.415997 2.189219 2.260283 
1.999756 2.315000 9.415997 2.179803 2.260283 
1.999756 2.305000 9.415997 2.170387 2.260283 
1.999756 2.295000 9.415997 2.160971 2.260283 
1.999756 2.285000 9.415997 2.151555 2.260283 
1.999756 2.275000 9.415997 2.142139 2.260283 
1.999756 2.265000 9.415997 2.132723 2.260283 
1.999688 2.255000 9.415997 2.123307 2.178760 
1.999688 2.245000 9.415997 2.113891 2.178760 
1.999688 2.235000 9.415997 2.104475 2.178760 
1.999688 2.225000 9.415997 2.095059 2.178760 
1.999688 2.215000 9.415997 2.085643 2.178760 
1.999688 2.205000 9.415997 2.076227 2.178760 
1.999688 2.195000 9.415997 2.066811 2.178760 
1.999688 2.185000 9.415997 2.057395 2.178760 
1.999612 2.175000 9.415997 2.047979 2.106119 
1.999612 2.165000 9.415997 2.038563 2.106119 
1.999612 2.155000 9.415997 2.029147 2.106119 
1.999612 2.145000 9.415997 2.019731 2.106119 
1.999612 2.135000 9.415997 2.010315 2.106119 
1.999612 2.125000 9.415997 2.000899 2.106119 
1.999612 2.115000 9.415997 1.991483 2.106119 
1.999528 2.105000 9.415997 1.982067 2.040612 
1.999528 2.095000 9.415997 1.972651 2.040612 
1.999528 2.085000 9.415997 1.963235 2.040612 
1.999528 2.075000 9.415997 1.953819 2.040612 
1.999528 2.065000 9.415997 1.944403 2.040612 
1.999528 2.055000 9.415997 1.934987 2.040612 
1.999528 2.045000 9.415997 1.925571 2.040612 
1.999435 2.035000 9.415997 1.916155 1.980959 
1.999435 2.025000 9.415997 1.906739 1.980959 
1.999435 2.015000 9.415997 1.897323 1.980959 
1.999435 2.005000 9.415997 1.887907 1.980959 
1.999435 1.995000 9.415997 1.878491 1.980959 
1.999435 1.985000 9.415997 1.869075 1.980959 
1.999334 1.975000 9.415997 1.859659 1.926198 
1.999334 1.965000 9.415997 1.850243 1.926198 
1.999334 1.955000 9.415997 1.840827 1.926198 
1.999334 1.945000 9.415997 1.831412 1.926198 
1.999334 1.935000 9.415997 1.821996 1.926198 
1.999225 1.925000 9.415997 1.812580 1.875585 
1.999225 1.915000 9.415997 1.803164 1.875585 
1.999225 1.905000 9.415997 1.793748 1.875585 
1.999225 1.895000 9.415997 1.784332 1.875585 
1.999225 1.885000 9.415997 1.774916 1.875585 
1.999108 1.875000 9.415997 1.765500 1.828536 
1.999108 1.865000 9.415997 1.756084 1.828536 
1.999108 1.855000 9.415997 1.746668 1.828536 
1.999108 1.845000 9.415997 1.737252 1.828536 
1.999108 1.835000 9.415997 1.727836 1.828536 
1.998982 1.825000 9.415997 1.718420 1.784578 
1.998982 1.815000 9.415997 1.709004 1.784578 
1.998982 1.805000 9.415997 1.699588 1.784578 
1.998982 1.795000 9.415997 1.690172 1.784578 
1.998982 1.785000 9.415997 1.680756 1.784578 
1.998848 1.775000 9.415997 1.671340 1.743330 
1.998848 1.765000 9.415997 1.661924 1.743330 
1.998848 1.755000 9.415997 1.652508 1.743330 
1.998848 1.745000 9.415997 1.643092 1.743330 
1.998706 1.735000 9.415997 1.633676 1.704476 
1.998706 1.725000 9.415997 1.624260 1.704476 
1.998706 1.715000 9.415997 1.614844 1.704476 
1.998706 1.705000 9.415997 1.605428 1.704476 
1.998555 1.695000 9.415997 1.596012 1.667752 
1.998555 1.685000 9.415997 1.586596 1.667752 
1.998555 1.675000 9.415997 1.577180 1.667752 
1.998397 1.665000 9.415997 1.567764 1.632935 
1.998397 1.655000 9.415997 1.558348 1.632935 
1.998397 1.645000 9.415997 1.548932 1.632935 
1.998397 1.635000 9.415997 1.539516 1.632935 
1.998229 1.625000 9.415997 1.530100 1.599836 
1.998229 1.615000 9.415997 1.520684 1.599836 
1.998229 1.605000 9.415997 1.511268 1.599836 
1.998054 1.595000 9.415997 1.501852 1.568292 
1.998054 1.585000 9.415997 1.492436 1.568292 
1.998054 1.575000 9.415997 1.483020 1.568292 
1.997870 1.565000 9.415997 1.473604 1.538163 
1.997870 1.555000 9.415997 1.464188 1.538163 
1.997870 1.545000 9.415997 1.454772 1.538163 
1.997679 1.535000 9.415997 1.445356 1.509327 
1.997679 1.525000 9.415997 1.435940 1.509327 
1.997679 1.515000 9.415997 1.426524 1.509327 
1.997478 1.505000 9.415997 1.417108 1.481675 
1.997478 1.495000 9.415997 1.407692 1.481675 
1.997478 1.485000 9.415997 1.398276 1.481675 
1.997270 1.475000 9.415997 1.388860 1.455115 
1.997270 1.465000 9.415997 1.379444 1.455115 
1.997053 1.455000 9.415997 1.370028 1.429561 
1.997053 1.445000 9.415997 1.360612 1.429561 
1.997053 1.435000 9.415997 1.351196 1.429561 
1.996828 1.425000 9.415997 1.341780 1.404941 
1.996828 1.415000 9.415997 1.332364 1.404941 
1.996828 1.405000 9.415997 1.322948 1.404941 
1.996595 1.395000 9.415997 1.313532 1.381186 
1.996595 1.385000 9.415997 1.304116 1.381186 
1.996353 1.375000 9.415997 1.294700 1.358239 
1.996353 1.365000 9.415997 1.285284 1.358239 
1.996103 1.355000 9.415997 1.275868 1.336044 
1.996103 1.345000 9.415997 1.266452 1.336044 
1.995845 1.335000 9.415997 1.257036 1.314554 
1.995845 1.325000 9.415997 1.247620 1.314554 
1.995845 1.315000 9.415997 1.238204 1.314554 
1.995578 1.305000 9.415997 1.228788 1.293724 
1.995578 1.295000 9.415997 1.219372 1.293724 
1.995303 1.285000 9.415997 1.209956 1.273515 
1.995303 1.275000 9.415997 1.200540 1.273515 
1.995020 1.265000 9.415997 1.191124 1.253889 
1.995020 1.255000 9.415997 1.181708 1.253889 
1.994729 1.245000 9.415997 1.172292 1.234814 
1.994729 1.235000 9.415997 1.162876 1.234814 
1.994429 1.225000 9.415997 1.153460 1.216259 
1.994121 1.215000 9.415997 1.144044 1.198196 
1.994121 1.205000 9.415997 1.134628 1.198196 
1.993805 1.195000 9.415997 1.125212 1.180598 
1.993805 1.185000 9.415997 1.115796 1.180598 
1.993480 1.175000 9.415997 1.106380 1.163442 
1.993480 1.165000 9.415997 1.096964 1.163442 
1.993147 1.155000 9.415997 1.087548 1.146706 
1.992806 1.145000 9.415997 1.078132 1.130368 
1.992806 1.135000 9.415997 1.068716 1.130368 
1.992457 1.125000 9.415997 1.059300 1.114411 
1.992457 1.115000 9.415997 1.049884 1.114411 
1.992099 1.105000 9.415997 1.040468 1.098816 
1.991733 1.095000 9.415997 1.031052 1.083566 
1.991733 1.085000 9.415997 1.021636 1.083566 
1.991358 1.075000 9.415997 1.012220 1.068647 
1.990975 1.065000 9.415997 1.002804 1.054043 
1.990975 1.055000 9.415997 0.993388 1.054043 
1.990584 1.045000 9.415997 0.983972 1.039742 
1.990185 1.035000 9.415997 0.974556 1.025730 
1.989777 1.025000 9.415997 0.965140 1.011995 
1.989777 1.015000 9.415997 0.955724 1.011995 
1.989361 1.005000 9.415997 0.946308 0.998527 
1.988936 0.995000 9.415997 0.936892 0.985314 
1.988504 0.985000 9.415997 0.927476 0.972347 
1.988504 0.975000 9.415997 0.918060 0.972347 
1.988063 0.965000 9.415997 0.908644 0.959617 
1.987613 0.955000 9.415997 0.899228 0.947114 
1.987155 0.945000 9.415997 0.889812 0.934831 
1.987155 0.935000 9.415997 0.880396 0.934831 
1.986689 0.925000 9.415997 0.870980 0.922758 
1.986215 0.915000 9.415997 0.861564 0.910890 
1.985732 0.905000 9.415997 0.852148 0.899217 
1.985241 0.895000 9.415997 0.842732 0.887735 
1.984741 0.885000 9.415997 0.833316 0.876436 
1.984234 0.875000 9.415997 0.823900 0.865314 
1.983717 0.865000 9.415997 0.814484 0.854364 
1.983717 0.855000 9.415997 0.805068 0.854364 
1.983193 0.845000 9.415997 0.795652 0.843580 
1.982660 0.835000 9.415997 0.786236 0.832956 
1.982119 0.825000 9.415997 0.776820 0.822487 
1.981569 0.815000 9.415997 0.767404 0.812170 
1.981011 0.805000 9.415997 0.757988 0.801998 
1.980444 0.795000 9.415997 0.748572 0.791969 
1.979870 0.785000 9.415997 0.739156 0.782076 
1.979286 0.775000 9.415997 0.729740 0.772317 
1.978695 0.765000 9.415997 0.720324 0.762688 
1.978095 0.755000 9.415997 0.710908 0.753185 
1.977487 0.745000 9.415997 0.701492 0.743804 
1.976870 0.735000 9.415997 0.692076 0.734542 
1.975611 0.725000 9.415997 0.682660 0.716361 
1.974969 0.715000 9.415997 0.673244 0.707437 
1.974319 0.705000 9.415997 0.663828 0.698619 
1.973660 0.695000 9.415997 0.654412 0.689905 
1.972993 0.685000 9.415997 0.644996 0.681293 
1.972318 0.675000 9.415997 0.635580 0.672778 
1.971634 0.665000 9.415997 0.626164 0.664360 
1.970240 0.655000 9.415997 0.616748 0.647802 
1.969531 0.645000 9.415997 0.607332 0.639658 
1.968813 0.635000 9.415997 0.597916 0.631601 
1.968087 0.625000 9.415997 0.588500 0.623628 
1.966610 0.615000 9.415997 0.579084 0.607929 
1.965858 0.605000 9.415997 0.569668 0.600200 
1.965098 0.595000 9.415997 0.560252 0.592547 
1.964330 0.585000 9.415997 0.550836 0.584969 
1.962767 0.575000 9.415997 0.541420 0.570034 
1.961974 0.565000 9.415997 0.532004 0.562673 
1.960361 0.555000 9.415997 0.522588 0.548155 
1.959541 0.545000 9.415997 0.513172 0.540996 
1.958713 0.535000 9.415997 0.503756 0.533901 
1.957032 0.525000 9.415997 0.494340 0.519900 
1.956179 0.515000 9.415997 0.484924 0.512990 
1.954447 0.505000 9.415997 0.475508 0.499348 
1.953568 0.495000 9.415997 0.466092 0.492613 
1.951785 0.485000 9.415997 0.456676 0.479308 
1.950881 0.475000 9.415997 0.447260 0.472736 
1.949046 0.465000 9.415997 0.437844 0.459749 
1.948116 0.455000 9.415997 0.428428 0.453331 
1.946230 0.445000 9.415997 0.419012 0.440643 
1.945275 0.435000 9.415997 0.409596 0.434371 
1.943337 0.425000 9.415997 0.400180 0.421966 
1.941366 0.415000 9.415997 0.390764 0.409740 
1.940367 0.405000 9.415997 0.381348 0.403692 
1.938344 0.395000 9.415997 0.371932 0.391722 
1.936287 0.385000 9.415997 0.362516 0.379917 
1.935245 0.375000 9.415997 0.353100 0.374073 
1.933135 0.365000 9.415997 0.343684 0.362502 
1.930992 0.355000 9.415997 0.334268 0.351080 
1.928813 0.345000 9.415997 0.324852 0.339803 
1.927711 0.335000 9.415997 0.315436 0.334216 
1.925480 0.325000 9.415997 0.306020 0.323146 
1.923215 0.315000 9.415997 0.296604 0.312207 
1.920915 0.305000 9.415997 0.287188 0.301397 
1.918580 0.295000 9.415997 0.277772 0.290710 
1.916210 0.285000 9.415997 0.268356 0.280142 
1.915012 0.275000 9.415997 0.258940 0.274902 
1.912590 0.265000 9.415997 0.249524 0.264506 
1.910133 0.255000 9.415997 0.240108 0.254221 
1.907640 0.245000 9.415997 0.230692 0.244041 
1.905113 0.235000 9.415997 0.221276 0.233965 
1.902550 0.225000 9.415997 0.211860 0.223988 
1.899952 0.215000 9.415997 0.202444 0.214108 
1.897318 0.205000 9.415997 0.193028 0.204322 
1.894650 0.195000 9.415997 0.183612 0.194626 
1.890580 0.185000 9.415997 0.174196 0.180246 
1.887822 0.175000 9.415997 0.164780 0.170765 
1.885029 0.165000 9.415997 0.155364 0.161365 
1.882200 0.155000 9.415997 0.145948 0.152043 
1.879335 0.145000 9.415997 0.136532 0.142798 
1.876435 0.135000 9.415997 0.127116 0.133627 
1.873498 0.125000 9.415997 0.117700 0.124528 
1.869026 0.115000 9.415997 0.108284 0.111009 
1.866000 0.105000 9.415997 0.098868 0.102079 
1.862937 0.095000 9.415997 0.089452 0.093214 
1.859838 0.085000 9.415997 0.080036 0.084412 
1.855122 0.075000 9.415997 0.070620 0.071321 
1.851932 0.065000 9.415997 0.061204 0.062666 
1.848705 0.055000 9.415997 0.051788 0.054067 
1.843797 0.045000 9.415997 0.042372 0.041271 
1.840479 0.035000 9.415997 0.032956 0.032805 
1.837124 0.025000 9.415997 0.023540 0.024389 
1.832023 0.015000 9.415997 0.014124 0.011856 
