1.999998 9.985000 202.861515 202.557223 5.915320 
1.999998 9.975000 202.861515 202.354361 5.915320 
1.999998 9.965000 202.861515 202.151500 5.915320 
1.999998 9.955000 202.861515 201.948638 5.915320 
1.999998 9.945000 202.861515 201.745777 5.915320 
1.999998 9.935000 202.861515 201.542915 5.915320 
1.999998 9.925000 202.861515 201.340054 5.915320 
1.999998 9.915000 202.861515 201.137192 5.915320 
1.999998 9.905000 202.861515 200.934331 5.915320 
1.999998 9.895000 202.861515 200.731469 5.915320 
1.999998 9.885000 202.861515 200.528608 5.915320 
1.999998 9.875000 202.861515 200.325746 5.915320 
1.999998 9.865000 202.861515 200.122885 5.915320 
1.999998 9.855000 202.861515 199.920023 5.915320 
1.999998 9.845000 202.861515 199.717162 5.915320 
1.999998 9.835000 202.861515 199.514300 5.915320 
1.999998 9.825000 202.861515 199.311439 5.915320 
1.999998 9.815000 202.861515 199.108577 5.915320 
1.999998 9.805000 202.861515 198.905716 5.915320 
1.999998 9.795000 202.861515 198.702854 5.915320 
1.999998 9.785000 202.861515 198.499993 5.915320 
1.999998 9.775000 202.861515 198.297131 5.915320 
1.999998 9.765000 202.861515 198.094270 5.915320 
1.999998 9.755000 202.861515 197.891408 5.915320 
1.999998 9.745000 202.861515 197.688547 5.915320 
1.999998 9.735000 202.861515 197.485685 5.915320 
1.999998 9.725000 202.861515 197.282824 5.915320 
1.999998 9.715000 202.861515 197.079962 5.915320 
1.999998 9.705000 202.861515 196.877101 5.915320 
1.999998 9.695000 202.861515 196.674239 5.915320 
1.999998 9.685000 202.861515 196.471377 5.915320 
1.999998 9.675000 202.861515 196.268516 5.915320 
1.999998 9.665000 202.861515 196.065654 5.915320 
1.999998 9.655000 202.861515 195.862793 5.915320 
1.999998 9.645000 202.861515 195.659931 5.915320 
1.999998 9.635000 202.861515 195.457070 5.915320 
1.999998 9.625000 202.861515 195.254208 5.915320 
1.999998 9.615000 202.861515 195.051347 5.915320 
1.999998 9.605000 202.861515 194.848485 5.915320 
1.999998 9.595000 202.861515 194.645624 5.915320 
1.999998 9.585000 202.861515 194.442762 5.915320 
1.999998 9.575000 202.861515 194.239901 5.915320 
1.999998 9.565000 202.861515 194.037039 5.915320 
1.999998 9.555000 202.861515 193.834178 5.915320 
1.999998 9.545000 202.861515 193.631316 5.915320 
1.999998 9.535000 202.861515 193.428455 5.915320 
1.999998 9.525000 202.861515 193.225593 5.915320 
1.999998 9.515000 202.861515 193.022732 5.915320 
1.999998 9.505000 202.861515 192.819870 5.915320 
1.999998 9.495000 202.861515 192.617009 5.915320 
1.999998 9.485000 202.861515 192.414147 5.915320 
1.999998 9.475000 202.861515 192.211286 5.915320 
1.999998 9.465000 202.861515 192.008424 5.915320 
1.999998 9.455000 202.861515 191.805563 5.915320 
1.999998 9.445000 202.861515 191.602701 5.915320 
1.999998 9.435000 202.861515 191.399840 5.915320 
1.999998 9.425000 202.861515 191.196978 5.915320 
1.999998 9.415000 202.861515 190.994117 5.915320 
1.999998 9.405000 202.861515 190.791255 5.915320 
1.999998 9.395000 202.861515 190.588394 5.915320 
1.999998 9.385000 202.861515 190.385532 5.915320 
1.999998 9.375000 202.861515 190.182670 5.915320 
1.999998 9.365000 202.861515 189.979809 5.915320 
1.999998 9.355000 202.861515 189.776947 5.915320 
1.999998 9.345000 202.861515 189.574086 5.915320 
1.999998 9.335000 202.861515 189.371224 5.915320 
1.999998 9.325000 202.861515 189.168363 5.915320 
1.999998 9.315000 202.861515 188.965501 5.915320 
1.999998 9.305000 202.861515 188.762640 5.915320 
1.999998 9.295000 202.861515 188.559778 5.915320 
1.999998 9.285000 202.861515 188.356917 5.915320 
1.999998 9.275000 202.861515 188.154055 5.915320 
1.999998 9.265000 202.861515 187.951194 5.915320 
1.999998 9.255000 202.861515 187.748332 5.915320 
1.999998 9.245000 202.861515 187.545471 5.915320 
1.999998 9.235000 202.861515 187.342609 5.915320 
1.999998 9.225000 202.861515 187.139748 5.915320 
1.999998 9.215000 202.861515 186.936886 5.915320 
1.999998 9.205000 202.861515 186.734025 5.915320 
1.999998 9.195000 202.861515 186.531163 5.915320 
1.999998 9.185000 202.861515 186.328302 5.915320 
1.999998 9.175000 202.861515 186.125440 5.915320 
1.999998 9.165000 202.861515 185.922579 5.915320 
1.999998 9.155000 202.861515 185.719717 5.915320 
1.999998 9.145000 202.861515 185.516856 5.915320 
1.999998 9.135000 202.861515 185.313994 5.915320 
1.999998 9.125000 202.861515 185.111133 5.915320 
1.999998 9.115000 202.861515 184.908271 5.915320 
1.999998 9.105000 202.861515 184.705410 5.915320 
1.999998 9.095000 202.861515 184.502548 5.915320 
1.999998 9.085000 202.861515 184.299687 5.915320 
1.999998 9.075000 202.861515 184.096825 5.915320 
1.999998 9.065000 202.861515 183.893964 5.915320 
1.999998 9.055000 202.861515 183.691102 5.915320 
1.999998 9.045000 202.861515 183.488240 5.915320 
1.999998 9.035000 202.861515 183.285379 5.915320 
1.999998 9.025000 202.861515 183.082517 5.915320 
1.999998 9.015000 202.861515 182.879656 5.915320 
1.999998 9.005000 202.861515 182.676794 5.915320 
1.999998 8.995000 202.861515 182.473933 5.915320 
1.999998 8.985000 202.861515 182.271071 5.915320 
1.999998 8.975000 202.861515 182.068210 5.915320 
1.999998 8.965000 202.861515 181.865348 5.915320 
1.999998 8.955000 202.861515 181.662487 5.915320 
1.999998 8.945000 202.861515 181.459625 5.915320 
1.999998 8.935000 202.861515 181.256764 5.915320 
1.999998 8.925000 202.861515 181.053902 5.915320 
1.999998 8.915000 202.861515 180.851041 5.915320 
1.999998 8.905000 202.861515 180.648179 5.915320 
1.999998 8.895000 202.861515 180.445318 5.915320 
1.999998 8.885000 202.861515 180.242456 5.915320 
1.999998 8.875000 202.861515 180.039595 5.915320 
1.999998 8.865000 202.861515 179.836733 5.915320 
1.999998 8.855000 202.861515 179.633872 5.915320 
1.999998 8.845000 202.861515 179.431010 5.915320 
1.999998 8.835000 202.861515 179.228149 5.915320 
1.999998 8.825000 202.861515 179.025287 5.915320 
1.999998 8.815000 202.861515 178.822426 5.915320 
1.999998 8.805000 202.861515 178.619564 5.915320 
1.999998 8.795000 202.861515 178.416703 5.915320 
1.999998 8.785000 202.861515 178.213841 5.915320 
1.999998 8.775000 202.861515 178.010980 5.915320 
1.999998 8.765000 202.861515 177.808118 5.915320 
1.999998 8.755000 202.861515 177.605257 5.915320 
1.999998 8.745000 202.861515 177.402395 5.915320 
1.999998 8.735000 202.861515 177.199534 5.915320 
1.999998 8.725000 202.861515 176.996672 5.915320 
1.999998 8.715000 202.861515 176.793810 5.915320 
1.999998 8.705000 202.861515 176.590949 5.915320 
1.999998 8.695000 202.861515 176.388087 5.915320 
1.999998 8.685000 202.861515 176.185226 5.915320 
1.999998 8.675000 202.861515 175.982364 5.915320 
1.999998 8.665000 202.861515 175.779503 5.915320 
1.999998 8.655000 202.861515 175.576641 5.915320 
1.999998 8.645000 202.861515 175.373780 5.915320 
1.999998 8.635000 202.861515 175.170918 5.915320 
1.999998 8.625000 202.861515 174.968057 5.915320 
1.999998 8.615000 202.861515 174.765195 5.915320 
1.999998 8.605000 202.861515 174.562334 5.915320 
1.999998 8.595000 202.861515 174.359472 5.915320 
1.999998 8.585000 202.861515 174.156611 5.915320 
1.999998 8.575000 202.861515 173.953749 5.915320 
1.999998 8.565000 202.861515 173.750888 5.915320 
1.999998 8.555000 202.861515 173.548026 5.915320 
1.999998 8.545000 202.861515 173.345165 5.915320 
1.999998 8.535000 202.861515 173.142303 5.915320 
1.999998 8.525000 202.861515 172.939442 5.915320 
1.999998 8.515000 202.861515 172.736580 5.915320 
1.999998 8.505000 202.861515 172.533719 5.915320 
1.999998 8.495000 202.861515 172.330857 5.915320 
1.999998 8.485000 202.861515 172.127996 5.915320 
1.999998 8.475000 202.861515 171.925134 5.915320 
1.999998 8.465000 202.861515 171.722273 5.915320 
1.999998 8.455000 202.861515 171.519411 5.915320 
1.999998 8.445000 202.861515 171.316550 5.915320 
1.999998 8.435000 202.861515 171.113688 5.915320 
1.999998 8.425000 202.861515 170.910827 5.915320 
1.999998 8.415000 202.861515 170.707965 5.915320 
1.999998 8.405000 202.861515 170.505104 5.915320 
1.999998 8.395000 202.861515 170.302242 5.915320 
1.999998 8.385000 202.861515 170.099380 5.915320 
1.999998 8.375000 202.861515 169.896519 5.915320 
1.999998 8.365000 202.861515 169.693657 5.915320 
1.999998 8.355000 202.861515 169.490796 5.915320 
1.999998 8.345000 202.861515 169.287934 5.915320 
1.999998 8.335000 202.861515 169.085073 5.915320 
1.999998 8.325000 202.861515 168.882211 5.915320 
1.999998 8.315000 202.861515 168.679350 5.915320 
1.999998 8.305000 202.861515 168.476488 5.915320 
1.999998 8.295000 202.861515 168.273627 5.915320 
1.999998 8.285000 202.861515 168.070765 5.915320 
1.999998 8.275000 202.861515 167.867904 5.915320 
1.999998 8.265000 202.861515 167.665042 5.915320 
1.999998 8.255000 202.861515 167.462181 5.915320 
1.999998 8.245000 202.861515 167.259319 5.915320 
1.999998 8.235000 202.861515 167.056458 5.915320 
1.999998 8.225000 202.861515 166.853596 5.915320 
1.999998 8.215000 202.861515 166.650735 5.915320 
1.999998 8.205000 202.861515 166.447873 5.915320 
1.999998 8.195000 202.861515 166.245012 5.915320 
1.999998 8.185000 202.861515 166.042150 5.915320 
1.999998 8.175000 202.861515 165.839289 5.915320 
1.999998 8.165000 202.861515 165.636427 5.915320 
1.999998 8.155000 202.861515 165.433566 5.915320 
1.999998 8.145000 202.861515 165.230704 5.915320 
1.999998 8.135000 202.861515 165.027843 5.915320 
1.999998 8.125000 202.861515 164.824981 5.915320 
1.999998 8.115000 202.861515 164.622120 5.915320 
1.999998 8.105000 202.861515 164.419258 5.915320 
1.999998 8.095000 202.861515 164.216397 5.915320 
1.999998 8.085000 202.861515 164.013535 5.915320 
1.999998 8.075000 202.861515 163.810674 5.915320 
1.999998 8.065000 202.861515 163.607812 5.915320 
1.999998 8.055000 202.861515 163.404950 5.915320 
1.999998 8.045000 202.861515 163.202089 5.915320 
1.999998 8.035000 202.861515 162.999227 5.915320 
1.999998 8.025000 202.861515 162.796366 5.915320 
1.999998 8.015000 202.861515 162.593504 5.915320 
1.999998 8.005000 202.861515 162.390643 5.915320 
1.999998 7.995000 202.861515 162.187781 5.915320 
1.999998 7.985000 202.861515 161.984920 5.915320 
1.999998 7.975000 202.861515 161.782058 5.915320 
1.999998 7.965000 202.861515 161.579197 5.915320 
1.999998 7.955000 202.861515 161.376335 5.915320 
1.999998 7.945000 202.861515 161.173474 5.915320 
1.999998 7.935000 202.861515 160.970612 5.915320 
1.999998 7.925000 202.861515 160.767751 5.915320 
1.999998 7.915000 202.861515 160.564889 5.915320 
1.999998 7.905000 202.861515 160.362028 5.915320 
1.999998 7.895000 202.861515 160.159166 5.915320 
1.999998 7.885000 202.861515 159.956305 5.915320 
1.999998 7.875000 202.861515 159.753443 5.915320 
1.999998 7.865000 202.861515 159.550582 5.915320 
1.999998 7.855000 202.861515 159.347720 5.915320 
1.999998 7.845000 202.861515 159.144859 5.915320 
1.999998 7.835000 202.861515 158.941997 5.915320 
1.999998 7.825000 202.861515 158.739136 5.915320 
1.999998 7.815000 202.861515 158.536274 5.915320 
1.999998 7.805000 202.861515 158.333413 5.915320 
1.999998 7.795000 202.861515 158.130551 5.915320 
1.999998 7.785000 202.861515 157.927690 5.915320 
1.999998 7.775000 202.861515 157.724828 5.915320 
1.999998 7.765000 202.861515 157.521967 5.915320 
1.999998 7.755000 202.861515 157.319105 5.915320 
1.999998 7.745000 202.861515 157.116244 5.915320 
1.999998 7.735000 202.861515 156.913382 5.915320 
1.999998 7.725000 202.861515 156.710520 5.915320 
1.999998 7.715000 202.861515 156.507659 5.915320 
1.999998 7.705000 202.861515 156.304797 5.915320 
1.999998 7.695000 202.861515 156.101936 5.915320 
1.999998 7.685000 202.861515 155.899074 5.915320 
1.999998 7.675000 202.861515 155.696213 5.915320 
1.999998 7.665000 202.861515 155.493351 5.915320 
1.999998 7.655000 202.861515 155.290490 5.915320 
1.999998 7.645000 202.861515 155.087628 5.915320 
1.999998 7.635000 202.861515 154.884767 5.915320 
1.999998 7.625000 202.861515 154.681905 5.915320 
1.999998 7.615000 202.861515 154.479044 5.915320 
1.999998 7.605000 202.861515 154.276182 5.915320 
1.999998 7.595000 202.861515 154.073321 5.915320 
1.999998 7.585000 202.861515 153.870459 5.915320 
1.999998 7.575000 202.861515 153.667598 5.915320 
1.999998 7.565000 202.861515 153.464736 5.915320 
1.999998 7.555000 202.861515 153.261875 5.915320 
1.999998 7.545000 202.861515 153.059013 5.915320 
1.999998 7.535000 202.861515 152.856152 5.915320 
1.999998 7.525000 202.861515 152.653290 5.915320 
1.999998 7.515000 202.861515 152.450429 5.915320 
1.999998 7.505000 202.861515 152.247567 5.915320 
1.999998 7.495000 202.861515 152.044706 5.915320 
1.999998 7.485000 202.861515 151.841844 5.915320 
1.999998 7.475000 202.861515 151.638983 5.915320 
1.999998 7.465000 202.861515 151.436121 5.915320 
1.999998 7.455000 202.861515 151.233260 5.915320 
1.999998 7.445000 202.861515 151.030398 5.915320 
1.999998 7.435000 202.861515 150.827537 5.915320 
1.999998 7.425000 202.861515 150.624675 5.915320 
1.999998 7.415000 202.861515 150.421814 5.915320 
1.999998 7.405000 202.861515 150.218952 5.915320 
1.999998 7.395000 202.861515 150.016090 5.915320 
1.999998 7.385000 202.861515 149.813229 5.915320 
1.999998 7.375000 202.861515 149.610367 5.915320 
1.999998 7.365000 202.861515 149.407506 5.915320 
1.999998 7.355000 202.861515 149.204644 5.915320 
1.999998 7.345000 202.861515 149.001783 5.915320 
1.999998 7.335000 202.861515 148.798921 5.915320 
1.999998 7.325000 202.861515 148.596060 5.915320 
1.999998 7.315000 202.861515 148.393198 5.915320 
1.999998 7.305000 202.861515 148.190337 5.915320 
1.999998 7.295000 202.861515 147.987475 5.915320 
1.999998 7.285000 202.861515 147.784614 5.915320 
1.999998 7.275000 202.861515 147.581752 5.915320 
1.999998 7.265000 202.861515 147.378891 5.915320 
1.999998 7.255000 202.861515 147.176029 5.915320 
1.999998 7.245000 202.861515 146.973168 5.915320 
1.999998 7.235000 202.861515 146.770306 5.915320 
1.999998 7.225000 202.861515 146.567445 5.915320 
1.999998 7.215000 202.861515 146.364583 5.915320 
1.999998 7.205000 202.861515 146.161722 5.915320 
1.999998 7.195000 202.861515 145.958860 5.915320 
1.999998 7.185000 202.861515 145.755999 5.915320 
1.999998 7.175000 202.861515 145.553137 5.915320 
1.999998 7.165000 202.861515 145.350276 5.915320 
1.999998 7.155000 202.861515 145.147414 5.915320 
1.999998 7.145000 202.861515 144.944553 5.915320 
1.999998 7.135000 202.861515 144.741691 5.915320 
1.999998 7.125000 202.861515 144.538830 5.915320 
1.999998 7.115000 202.861515 144.335968 5.915320 
1.999998 7.105000 202.861515 144.133107 5.915320 
1.999998 7.095000 202.861515 143.930245 5.915320 
1.999998 7.085000 202.861515 143.727384 5.915320 
1.999998 7.075000 202.861515 143.524522 5.915320 
1.999998 7.065000 202.861515 143.321660 5.915320 
1.999998 7.055000 202.861515 143.118799 5.915320 
1.999998 7.045000 202.861515 142.915937 5.915320 
1.999998 7.035000 202.861515 142.713076 5.915320 
1.999998 7.025000 202.861515 142.510214 5.915320 
1.999998 7.015000 202.861515 142.307353 5.915320 
1.999998 7.005000 202.861515 142.104491 5.915320 
1.999998 6.995000 202.861515 141.901630 5.915320 
1.999998 6.985000 202.861515 141.698768 5.915320 
1.999998 6.975000 202.861515 141.495907 5.915320 
1.999998 6.965000 202.861515 141.293045 5.915320 
1.999998 6.955000 202.861515 141.090184 5.915320 
1.999998 6.945000 202.861515 140.887322 5.915320 
1.999998 6.935000 202.861515 140.684461 5.915320 
1.999998 6.925000 202.861515 140.481599 5.915320 
1.999998 6.915000 202.861515 140.278738 5.915320 
1.999998 6.905000 202.861515 140.075876 5.915320 
1.999998 6.895000 202.861515 139.873015 5.915320 
1.999998 6.885000 202.861515 139.670153 5.915320 
1.999998 6.875000 202.861515 139.467292 5.915320 
1.999998 6.865000 202.861515 139.264430 5.915320 
1.999998 6.855000 202.861515 139.061569 5.915320 
1.999998 6.845000 202.861515 138.858707 5.915320 
1.999998 6.835000 202.861515 138.655846 5.915320 
1.999998 6.825000 202.861515 138.452984 5.915320 
1.999998 6.815000 202.861515 138.250123 5.915320 
1.999998 6.805000 202.861515 138.047261 5.915320 
1.999998 6.795000 202.861515 137.844400 5.915320 
1.999998 6.785000 202.861515 137.641538 5.915320 
1.999998 6.775000 202.861515 137.438677 5.915320 
1.999998 6.765000 202.861515 137.235815 5.915320 
1.999998 6.755000 202.861515 137.032954 5.915320 
1.999998 6.745000 202.861515 136.830092 5.915320 
1.999998 6.735000 202.861515 136.627230 5.915320 
1.999998 6.725000 202.861515 136.424369 5.915320 
1.999998 6.715000 202.861515 136.221507 5.915320 
1.999998 6.705000 202.861515 136.018646 5.915320 
1.999998 6.695000 202.861515 135.815784 5.915320 
1.999998 6.685000 202.861515 135.612923 5.915320 
1.999998 6.675000 202.861515 135.410061 5.915320 
1.999998 6.665000 202.861515 135.207200 5.915320 
1.999998 6.655000 202.861515 135.004338 5.915320 
1.999998 6.645000 202.861515 134.801477 5.915320 
1.999998 6.635000 202.861515 134.598615 5.915320 
1.999998 6.625000 202.861515 134.395754 5.915320 
1.999998 6.615000 202.861515 134.192892 5.915320 
1.999998 6.605000 202.861515 133.990031 5.915320 
1.999998 6.595000 202.861515 133.787169 5.915320 
1.999998 6.585000 202.861515 133.584308 5.915320 
1.999998 6.575000 202.861515 133.381446 5.915320 
1.999998 6.565000 202.861515 133.178585 5.915320 
1.999998 6.555000 202.861515 132.975723 5.915320 
1.999998 6.545000 202.861515 132.772862 5.915320 
1.999998 6.535000 202.861515 132.570000 5.915320 
1.999998 6.525000 202.861515 132.367139 5.915320 
1.999998 6.515000 202.861515 132.164277 5.915320 
1.999998 6.505000 202.861515 131.961416 5.915320 
1.999998 6.495000 202.861515 131.758554 5.915320 
1.999998 6.485000 202.861515 131.555693 5.915320 
1.999998 6.475000 202.861515 131.352831 5.915320 
1.999998 6.465000 202.861515 131.149970 5.915320 
1.999998 6.455000 202.861515 130.947108 5.915320 
1.999998 6.445000 202.861515 130.744247 5.915320 
1.999998 6.435000 202.861515 130.541385 5.915320 
1.999998 6.425000 202.861515 130.338524 5.915320 
1.999998 6.415000 202.861515 130.135662 5.915320 
1.999998 6.405000 202.861515 129.932800 5.915320 
1.999998 6.395000 202.861515 129.729939 5.915320 
1.999998 6.385000 202.861515 129.527077 5.915320 
1.999998 6.375000 202.861515 129.324216 5.915320 
1.999998 6.365000 202.861515 129.121354 5.915320 
1.999998 6.355000 202.861515 128.918493 5.915320 
1.999998 6.345000 202.861515 128.715631 5.915320 
1.999998 6.335000 202.861515 128.512770 5.915320 
1.999998 6.325000 202.861515 128.309908 5.915320 
1.999998 6.315000 202.861515 128.107047 5.915320 
1.999998 6.305000 202.861515 127.904185 5.915320 
1.999998 6.295000 202.861515 127.701324 5.915320 
1.999998 6.285000 202.861515 127.498462 5.915320 
1.999998 6.275000 202.861515 127.295601 5.915320 
1.999998 6.265000 202.861515 127.092739 5.915320 
1.999998 6.255000 202.861515 126.889878 5.915320 
1.999998 6.245000 202.861515 126.687016 5.915320 
1.999998 6.235000 202.861515 126.484155 5.915320 
1.999998 6.225000 202.861515 126.281293 5.915320 
1.999998 6.215000 202.861515 126.078432 5.915320 
1.999998 6.205000 202.861515 125.875570 5.915320 
1.999998 6.195000 202.861515 125.672709 5.915320 
1.999998 6.185000 202.861515 125.469847 5.915320 
1.999998 6.175000 202.861515 125.266986 5.915320 
1.999998 6.165000 202.861515 125.064124 5.915320 
1.999998 6.155000 202.861515 124.861263 5.915320 
1.999998 6.145000 202.861515 124.658401 5.915320 
1.999998 6.135000 202.861515 124.455540 5.915320 
1.999998 6.125000 202.861515 124.252678 5.915320 
1.999998 6.115000 202.861515 124.049817 5.915320 
1.999998 6.105000 202.861515 123.846955 5.915320 
1.999998 6.095000 202.861515 123.644094 5.915320 
1.999998 6.085000 202.861515 123.441232 5.915320 
1.999998 6.075000 202.861515 123.238370 5.915320 
1.999998 6.065000 202.861515 123.035509 5.915320 
1.999998 6.055000 202.861515 122.832647 5.915320 
1.999998 6.045000 202.861515 122.629786 5.915320 
1.999998 6.035000 202.861515 122.426924 5.915320 
1.999998 6.025000 202.861515 122.224063 5.915320 
1.999998 6.015000 202.861515 122.021201 5.915320 
1.999998 6.005000 202.861515 121.818340 5.915320 
1.999998 5.995000 202.861515 121.615478 5.915320 
1.999998 5.985000 202.861515 121.412617 5.915320 
1.999998 5.975000 202.861515 121.209755 5.915320 
1.999998 5.965000 202.861515 121.006894 5.915320 
1.999998 5.955000 202.861515 120.804032 5.915320 
1.999998 5.945000 202.861515 120.601171 5.915320 
1.999998 5.935000 202.861515 120.398309 5.915320 
1.999998 5.925000 202.861515 120.195448 5.915320 
1.999989 5.915000 202.861515 119.992586 5.318640 
1.999989 5.905000 202.861515 119.789725 5.318640 
1.999989 5.895000 202.861515 119.586863 5.318640 
1.999989 5.885000 202.861515 119.384002 5.318640 
1.999989 5.875000 202.861515 119.181140 5.318640 
1.999989 5.865000 202.861515 118.978279 5.318640 
1.999989 5.855000 202.861515 118.775417 5.318640 
1.999989 5.845000 202.861515 118.572556 5.318640 
1.999989 5.835000 202.861515 118.369694 5.318640 
1.999989 5.825000 202.861515 118.166833 5.318640 
1.999989 5.815000 202.861515 117.963971 5.318640 
1.999989 5.805000 202.861515 117.761110 5.318640 
1.999989 5.795000 202.861515 117.558248 5.318640 
1.999989 5.785000 202.861515 117.355387 5.318640 
1.999989 5.775000 202.861515 117.152525 5.318640 
1.999989 5.765000 202.861515 116.949664 5.318640 
1.999989 5.755000 202.861515 116.746802 5.318640 
1.999989 5.745000 202.861515 116.543940 5.318640 
1.999989 5.735000 202.861515 116.341079 5.318640 
1.999989 5.725000 202.861515 116.138217 5.318640 
1.999989 5.715000 202.861515 115.935356 5.318640 
1.999989 5.705000 202.861515 115.732494 5.318640 
1.999989 5.695000 202.861515 115.529633 5.318640 
1.999989 5.685000 202.861515 115.326771 5.318640 
1.999989 5.675000 202.861515 115.123910 5.318640 
1.999989 5.665000 202.861515 114.921048 5.318640 
1.999989 5.655000 202.861515 114.718187 5.318640 
1.999989 5.645000 202.861515 114.515325 5.318640 
1.999989 5.635000 202.861515 114.312464 5.318640 
1.999989 5.625000 202.861515 114.109602 5.318640 
1.999989 5.615000 202.861515 113.906741 5.318640 
1.999989 5.605000 202.861515 113.703879 5.318640 
1.999989 5.595000 202.861515 113.501018 5.318640 
1.999989 5.585000 202.861515 113.298156 5.318640 
1.999989 5.575000 202.861515 113.095295 5.318640 
1.999989 5.565000 202.861515 112.892433 5.318640 
1.999989 5.555000 202.861515 112.689572 5.318640 
1.999989 5.545000 202.861515 112.486710 5.318640 
1.999989 5.535000 202.861515 112.283849 5.318640 
1.999989 5.525000 202.861515 112.080987 5.318640 
1.999989 5.515000 202.861515 111.878126 5.318640 
1.999989 5.505000 202.861515 111.675264 5.318640 
1.999989 5.495000 202.861515 111.472403 5.318640 
1.999989 5.485000 202.861515 111.269541 5.318640 
1.999989 5.475000 202.861515 111.066680 5.318640 
1.999989 5.465000 202.861515 110.863818 5.318640 
1.999989 5.455000 202.861515 110.660957 5.318640 
1.999989 5.445000 202.861515 110.458095 5.318640 
1.999989 5.435000 202.861515 110.255234 5.318640 
1.999989 5.425000 202.861515 110.052372 5.318640 
1.999989 5.415000 202.861515 109.849510 5.318640 
1.999989 5.405000 202.861515 109.646649 5.318640 
1.999989 5.395000 202.861515 109.443787 5.318640 
1.999989 5.385000 202.861515 109.240926 5.318640 
1.999989 5.375000 202.861515 109.038064 5.318640 
1.999989 5.365000 202.861515 108.835203 5.318640 
1.999989 5.355000 202.861515 108.632341 5.318640 
1.999989 5.345000 202.861515 108.429480 5.318640 
1.999989 5.335000 202.861515 108.226618 5.318640 
1.999989 5.325000 202.861515 108.023757 5.318640 
1.999971 5.315000 202.861515 107.820895 5.008889 
1.999971 5.305000 202.861515 107.618034 5.008889 
1.999971 5.295000 202.861515 107.415172 5.008889 
1.999971 5.285000 202.861515 107.212311 5.008889 
1.999971 5.275000 202.861515 107.009449 5.008889 
1.999971 5.265000 202.861515 106.806588 5.008889 
1.999971 5.255000 202.861515 106.603726 5.008889 
1.999971 5.245000 202.861515 106.400865 5.008889 
1.999971 5.235000 202.861515 106.198003 5.008889 
1.999971 5.225000 202.861515 105.995142 5.008889 
1.999971 5.215000 202.861515 105.792280 5.008889 
1.999971 5.205000 202.861515 105.589419 5.008889 
1.999971 5.195000 202.861515 105.386557 5.008889 
1.999971 5.185000 202.861515 105.183696 5.008889 
1.999971 5.175000 202.861515 104.980834 5.008889 
1.999971 5.165000 202.861515 104.777973 5.008889 
1.999971 5.155000 202.861515 104.575111 5.008889 
1.999971 5.145000 202.861515 104.372250 5.008889 
1.999971 5.135000 202.861515 104.169388 5.008889 
1.999971 5.125000 202.861515 103.966527 5.008889 
1.999971 5.115000 202.861515 103.763665 5.008889 
1.999971 5.105000 202.861515 103.560804 5.008889 
1.999971 5.095000 202.861515 103.357942 5.008889 
1.999971 5.085000 202.861515 103.155080 5.008889 
1.999971 5.075000 202.861515 102.952219 5.008889 
1.999971 5.065000 202.861515 102.749357 5.008889 
1.999971 5.055000 202.861515 102.546496 5.008889 
1.999971 5.045000 202.861515 102.343634 5.008889 
1.999971 5.035000 202.861515 102.140773 5.008889 
1.999971 5.025000 202.861515 101.937911 5.008889 
1.999971 5.015000 202.861515 101.735050 5.008889 
1.999944 5.005000 202.861515 101.532188 4.798215 
1.999944 4.995000 202.861515 101.329327 4.798215 
1.999944 4.985000 202.861515 101.126465 4.798215 
1.999944 4.975000 202.861515 100.923604 4.798215 
1.999944 4.965000 202.861515 100.720742 4.798215 
1.999944 4.955000 202.861515 100.517881 4.798215 
1.999944 4.945000 202.861515 100.315019 4.798215 
1.999944 4.935000 202.861515 100.112158 4.798215 
1.999944 4.925000 202.861515 99.909296 4.798215 
1.999944 4.915000 202.861515 99.706435 4.798215 
1.999944 4.905000 202.861515 99.503573 4.798215 
1.999944 4.895000 202.861515 99.300712 4.798215 
1.999944 4.885000 202.861515 99.097850 4.798215 
1.999944 4.875000 202.861515 98.894989 4.798215 
1.999944 4.865000 202.861515 98.692127 4.798215 
1.999944 4.855000 202.861515 98.489266 4.798215 
1.999944 4.845000 202.861515 98.286404 4.798215 
1.999944 4.835000 202.861515 98.083543 4.798215 
1.999944 4.825000 202.861515 97.880681 4.798215 
1.999944 4.815000 202.861515 97.677820 4.798215 
1.999944 4.805000 202.861515 97.474958 4.798215 
1.999910 4.795000 202.861515 97.272097 4.638364 
1.999910 4.785000 202.861515 97.069235 4.638364 
1.999910 4.775000 202.861515 96.866374 4.638364 
1.999910 4.765000 202.861515 96.663512 4.638364 
1.999910 4.755000 202.861515 96.460650 4.638364 
1.999910 4.745000 202.861515 96.257789 4.638364 
1.999910 4.735000 202.861515 96.054927 4.638364 
1.999910 4.725000 202.861515 95.852066 4.638364 
1.999910 4.715000 202.861515 95.649204 4.638364 
1.999910 4.705000 202.861515 95.446343 4.638364 
1.999910 4.695000 202.861515 95.243481 4.638364 
1.999910 4.685000 202.861515 95.040620 4.638364 
1.999910 4.675000 202.861515 94.837758 4.638364 
1.999910 4.665000 202.861515 94.634897 4.638364 
1.999910 4.655000 202.861515 94.432035 4.638364 
1.999910 4.645000 202.861515 94.229174 4.638364 
1.999867 4.635000 202.861515 94.026312 4.509516 
1.999867 4.625000 202.861515 93.823451 4.509516 
1.999867 4.615000 202.861515 93.620589 4.509516 
1.999867 4.605000 202.861515 93.417728 4.509516 
1.999867 4.595000 202.861515 93.214866 4.509516 
1.999867 4.585000 202.861515 93.012005 4.509516 
1.999867 4.575000 202.861515 92.809143 4.509516 
1.999867 4.565000 202.861515 92.606282 4.509516 
1.999867 4.555000 202.861515 92.403420 4.509516 
1.999867 4.545000 202.861515 92.200559 4.509516 
1.999867 4.535000 202.861515 91.997697 4.509516 
1.999867 4.525000 202.861515 91.794836 4.509516 
1.999867 4.515000 202.861515 91.591974 4.509516 
1.999816 4.505000 202.861515 91.389113 4.401574 
1.999816 4.495000 202.861515 91.186251 4.401574 
1.999816 4.485000 202.861515 90.983390 4.401574 
1.999816 4.475000 202.861515 90.780528 4.401574 
1.999816 4.465000 202.861515 90.577667 4.401574 
1.999816 4.455000 202.861515 90.374805 4.401574 
1.999816 4.445000 202.861515 90.171944 4.401574 
1.999816 4.435000 202.861515 89.969082 4.401574 
1.999816 4.425000 202.861515 89.766220 4.401574 
1.999816 4.415000 202.861515 89.563359 4.401574 
1.999816 4.405000 202.861515 89.360497 4.401574 
1.999757 4.395000 202.861515 89.157636 4.308688 
1.999757 4.385000 202.861515 88.954774 4.308688 
1.999757 4.375000 202.861515 88.751913 4.308688 
1.999757 4.365000 202.861515 88.549051 4.308688 
1.999757 4.355000 202.861515 88.346190 4.308688 
1.999757 4.345000 202.861515 88.143328 4.308688 
1.999757 4.335000 202.861515 87.940467 4.308688 
1.999757 4.325000 202.861515 87.737605 4.308688 
1.999757 4.315000 202.861515 87.534744 4.308688 
1.999690 4.305000 202.861515 87.331882 4.227166 
1.999690 4.295000 202.861515 87.129021 4.227166 
1.999690 4.285000 202.861515 86.926159 4.227166 
1.999690 4.275000 202.861515 86.723298 4.227166 
1.999690 4.265000 202.861515 86.520436 4.227166 
1.999690 4.255000 202.861515 86.317575 4.227166 
1.999690 4.245000 202.861515 86.114713 4.227166 
1.999690 4.235000 202.861515 85.911852 4.227166 
1.999614 4.225000 202.861515 85.708990 4.154525 
1.999614 4.215000 202.861515 85.506129 4.154525 
1.999614 4.205000 202.861515 85.303267 4.154525 
1.999614 4.195000 202.861515 85.100406 4.154525 
1.999614 4.185000 202.861515 84.897544 4.154525 
1.999614 4.175000 202.861515 84.694683 4.154525 
1.999614 4.165000 202.861515 84.491821 4.154525 
1.999614 4.155000 202.861515 84.288960 4.154525 
1.999530 4.145000 202.861515 84.086098 4.089017 
1.999530 4.135000 202.861515 83.883237 4.089017 
1.999530 4.125000 202.861515 83.680375 4.089017 
1.999530 4.115000 202.861515 83.477514 4.089017 
1.999530 4.105000 202.861515 83.274652 4.089017 
1.999530 4.095000 202.861515 83.071790 4.089017 
1.999438 4.085000 202.861515 82.868929 4.029365 
1.999438 4.075000 202.861515 82.666067 4.029365 
1.999438 4.065000 202.861515 82.463206 4.029365 
1.999438 4.055000 202.861515 82.260344 4.029365 
1.999438 4.045000 202.861515 82.057483 4.029365 
1.999438 4.035000 202.861515 81.854621 4.029365 
1.999338 4.025000 202.861515 81.651760 3.974604 
1.999338 4.015000 202.861515 81.448898 3.974604 
1.999338 4.005000 202.861515 81.246037 3.974604 
1.999338 3.995000 202.861515 81.043175 3.974604 
1.999338 3.985000 202.861515 80.840314 3.974604 
1.999338 3.975000 202.861515 80.637452 3.974604 
1.999229 3.965000 202.861515 80.434591 3.923992 
1.999229 3.955000 202.861515 80.231729 3.923992 
1.999229 3.945000 202.861515 80.028868 3.923992 
1.999229 3.935000 202.861515 79.826006 3.923992 
1.999229 3.925000 202.861515 79.623145 3.923992 
1.999112 3.915000 202.861515 79.420283 3.876942 
1.999112 3.905000 202.861515 79.217422 3.876942 
1.999112 3.895000 202.861515 79.014560 3.876942 
1.999112 3.885000 202.861515 78.811699 3.876942 
1.998987 3.875000 202.861515 78.608837 3.832985 
1.998987 3.865000 202.861515 78.405976 3.832985 
1.998987 3.855000 202.861515 78.203114 3.832985 
1.998987 3.845000 202.861515 78.000253 3.832985 
1.998987 3.835000 202.861515 77.797391 3.832985 
1.998854 3.825000 202.861515 77.594530 3.791737 
1.998854 3.815000 202.861515 77.391668 3.791737 
1.998854 3.805000 202.861515 77.188807 3.791737 
1.998854 3.795000 202.861515 76.985945 3.791737 
1.998712 3.785000 202.861515 76.783084 3.752883 
1.998712 3.775000 202.861515 76.580222 3.752883 
1.998712 3.765000 202.861515 76.377360 3.752883 
1.998712 3.755000 202.861515 76.174499 3.752883 
1.998562 3.745000 202.861515 75.971637 3.716159 
1.998562 3.735000 202.861515 75.768776 3.716159 
1.998562 3.725000 202.861515 75.565914 3.716159 
1.998404 3.715000 202.861515 75.363053 3.681343 
1.998404 3.705000 202.861515 75.160191 3.681343 
1.998404 3.695000 202.861515 74.957330 3.681343 
1.998404 3.685000 202.861515 74.754468 3.681343 
1.998238 3.675000 202.861515 74.551607 3.648244 
1.998238 3.665000 202.861515 74.348745 3.648244 
1.998238 3.655000 202.861515 74.145884 3.648244 
1.998064 3.645000 202.861515 73.943022 3.616701 
1.998064 3.635000 202.861515 73.740161 3.616701 
1.998064 3.625000 202.861515 73.537299 3.616701 
1.997881 3.615000 202.861515 73.334438 3.586573 
1.997881 3.605000 202.861515 73.131576 3.586573 
1.997881 3.595000 202.861515 72.928715 3.586573 
1.997690 3.585000 202.861515 72.725853 3.557736 
1.997690 3.575000 202.861515 72.522992 3.557736 
1.997690 3.565000 202.861515 72.320130 3.557736 
1.997491 3.555000 202.861515 72.117269 3.530086 
1.997491 3.545000 202.861515 71.914407 3.530086 
1.997491 3.535000 202.861515 71.711546 3.530086 
1.997283 3.525000 202.861515 71.508684 3.503526 
1.997283 3.515000 202.861515 71.305823 3.503526 
1.997283 3.505000 202.861515 71.102961 3.503526 
1.997068 3.495000 202.861515 70.900100 3.477973 
1.997068 3.485000 202.861515 70.697238 3.477973 
1.996844 3.475000 202.861515 70.494377 3.453352 
1.996844 3.465000 202.861515 70.291515 3.453352 
1.996844 3.455000 202.861515 70.088654 3.453352 
1.996612 3.445000 202.861515 69.885792 3.429599 
1.996612 3.435000 202.861515 69.682930 3.429599 
1.996371 3.425000 202.861515 69.480069 3.406652 
1.996371 3.415000 202.861515 69.277207 3.406652 
1.996122 3.405000 202.861515 69.074346 3.384457 
1.996122 3.395000 202.861515 68.871484 3.384457 
1.996122 3.385000 202.861515 68.668623 3.384457 
1.995866 3.375000 202.861515 68.465761 3.362968 
1.995866 3.365000 202.861515 68.262900 3.362968 
1.995600 3.355000 202.861515 68.060038 3.342139 
1.995600 3.345000 202.861515 67.857177 3.342139 
1.995327 3.335000 202.861515 67.654315 3.321930 
1.995327 3.325000 202.861515 67.451454 3.321930 
1.995045 3.315000 202.861515 67.248592 3.302305 
1.995045 3.305000 202.861515 67.045731 3.302305 
1.994755 3.295000 202.861515 66.842869 3.283231 
1.994755 3.285000 202.861515 66.640008 3.283231 
1.994457 3.275000 202.861515 66.437146 3.264676 
1.994457 3.265000 202.861515 66.234285 3.264676 
1.994151 3.255000 202.861515 66.031423 3.246613 
1.993836 3.245000 202.861515 65.828562 3.229016 
1.993836 3.235000 202.861515 65.625700 3.229016 
1.993513 3.225000 202.861515 65.422839 3.211861 
1.993513 3.215000 202.861515 65.219977 3.211861 
1.993182 3.205000 202.861515 65.017116 3.195126 
1.992842 3.195000 202.861515 64.814254 3.178789 
1.992842 3.185000 202.861515 64.611393 3.178789 
1.992494 3.175000 202.861515 64.408531 3.162833 
1.992494 3.165000 202.861515 64.205670 3.162833 
1.992138 3.155000 202.861515 64.002808 3.147238 
1.991774 3.145000 202.861515 63.799947 3.131989 
1.991774 3.135000 202.861515 63.597085 3.131989 
1.991401 3.125000 202.861515 63.394223 3.117071 
1.991020 3.115000 202.861515 63.191362 3.102468 
1.991020 3.105000 202.861515 62.988500 3.102468 
1.990631 3.095000 202.861515 62.785639 3.088167 
1.990234 3.085000 202.861515 62.582777 3.074156 
1.990234 3.075000 202.861515 62.379916 3.074156 
1.989828 3.065000 202.861515 62.177054 3.060422 
1.989414 3.055000 202.861515 61.974193 3.046955 
1.988992 3.045000 202.861515 61.771331 3.033743 
1.988992 3.035000 202.861515 61.568470 3.033743 
1.988561 3.025000 202.861515 61.365608 3.020778 
1.988122 3.015000 202.861515 61.162747 3.008048 
1.987675 3.005000 202.861515 60.959885 2.995546 
1.987219 2.995000 202.861515 60.757024 2.983264 
1.987219 2.985000 202.861515 60.554162 2.983264 
1.986756 2.975000 202.861515 60.351301 2.971192 
1.986283 2.965000 202.861515 60.148439 2.959325 
1.985803 2.955000 202.861515 59.945578 2.947654 
1.985314 2.945000 202.861515 59.742716 2.936173 
1.984817 2.935000 202.861515 59.539855 2.924875 
1.984817 2.925000 202.861515 59.336993 2.924875 
1.984312 2.915000 202.861515 59.134132 2.913754 
1.983798 2.905000 202.861515 58.931270 2.902805 
1.983277 2.895000 202.861515 58.728409 2.892022 
1.982746 2.885000 202.861515 58.525547 2.881399 
1.982208 2.875000 202.861515 58.322686 2.870932 
1.981661 2.865000 202.861515 58.119824 2.860616 
1.981105 2.855000 202.861515 57.916963 2.850445 
1.980542 2.845000 202.861515 57.714101 2.840417 
1.979970 2.835000 202.861515 57.511240 2.830526 
1.979390 2.825000 202.861515 57.308378 2.820768 
1.978801 2.815000 202.861515 57.105517 2.811140 
1.978204 2.805000 202.861515 56.902655 2.801638 
1.977599 2.795000 202.861515 56.699793 2.792259 
1.976985 2.785000 202.861515 56.496932 2.782998 
1.976363 2.775000 202.861515 56.294070 2.773853 
1.975733 2.765000 202.861515 56.091209 2.764821 
1.974447 2.755000 202.861515 55.888347 2.747081 
1.973792 2.745000 202.861515 55.685486 2.738369 
1.973128 2.735000 202.861515 55.482624 2.729758 
1.972456 2.725000 202.861515 55.279763 2.721245 
1.971775 2.715000 202.861515 55.076901 2.712828 
1.971086 2.705000 202.861515 54.874040 2.704505 
1.969683 2.695000 202.861515 54.671178 2.688131 
1.968969 2.685000 202.861515 54.468317 2.680075 
1.968247 2.675000 202.861515 54.265455 2.672104 
1.967516 2.665000 202.861515 54.062594 2.664216 
1.966029 2.655000 202.861515 53.859732 2.648681 
1.965272 2.645000 202.861515 53.656871 2.641030 
1.964508 2.635000 202.861515 53.454009 2.633454 
1.962953 2.625000 202.861515 53.251148 2.618522 
1.962164 2.615000 202.861515 53.048286 2.611163 
1.961365 2.605000 202.861515 52.845425 2.603872 
1.959743 2.595000 202.861515 52.642563 2.589492 
1.958920 2.585000 202.861515 52.439702 2.582399 
1.957247 2.575000 202.861515 52.236840 2.568401 
1.956398 2.565000 202.861515 52.033979 2.561494 
1.955541 2.555000 202.861515 51.831117 2.554646 
1.953800 2.545000 202.861515 51.628256 2.541122 
1.952918 2.535000 202.861515 51.425394 2.534445 
1.951126 2.525000 202.861515 51.222533 2.521252 
1.950218 2.515000 202.861515 51.019671 2.514735 
1.948376 2.505000 202.861515 50.816810 2.501854 
1.946499 2.495000 202.861515 50.613948 2.489170 
1.945548 2.485000 202.861515 50.411087 2.482900 
1.943621 2.475000 202.861515 50.208225 2.470499 
1.942644 2.465000 202.861515 50.005363 2.464366 
1.940666 2.455000 202.861515 49.802502 2.452232 
1.938653 2.445000 202.861515 49.599640 2.440268 
1.937634 2.435000 202.861515 49.396779 2.434347 
1.935569 2.425000 202.861515 49.193917 2.422626 
1.933471 2.415000 202.861515 48.991056 2.411060 
1.931337 2.405000 202.861515 48.788194 2.399643 
1.930258 2.395000 202.861515 48.585333 2.393989 
1.928073 2.385000 202.861515 48.382471 2.382787 
1.925854 2.375000 202.861515 48.179610 2.371722 
1.923600 2.365000 202.861515 47.976748 2.360789 
1.921312 2.355000 202.861515 47.773887 2.349984 
1.920155 2.345000 202.861515 47.571025 2.344628 
1.917814 2.335000 202.861515 47.368164 2.334007 
1.915439 2.325000 202.861515 47.165302 2.323503 
1.913029 2.315000 202.861515 46.962441 2.313113 
1.910584 2.305000 202.861515 46.759579 2.302834 
1.908104 2.295000 202.861515 46.556718 2.292660 
1.905590 2.285000 202.861515 46.353856 2.282590 
1.903040 2.275000 202.861515 46.150995 2.272620 
1.900455 2.265000 202.861515 45.948133 2.262746 
1.897835 2.255000 202.861515 45.745272 2.252966 
1.895180 2.245000 202.861515 45.542410 2.243277 
1.892489 2.235000 202.861515 45.339549 2.233676 
1.889763 2.225000 202.861515 45.136687 2.224160 
1.887002 2.215000 202.861515 44.933826 2.214727 
1.882794 2.205000 202.861515 44.730964 2.200726 
1.879944 2.195000 202.861515 44.528103 2.191488 
1.877058 2.185000 202.861515 44.325241 2.182324 
1.874137 2.175000 202.861515 44.122380 2.173232 
1.871179 2.165000 202.861515 43.919518 2.164210 
1.866676 2.155000 202.861515 43.716657 2.150803 
1.863629 2.145000 202.861515 43.513795 2.141946 
1.860546 2.135000 202.861515 43.310933 2.133151 
1.857427 2.125000 202.861515 43.108072 2.124417 
1.852681 2.115000 202.861515 42.905210 2.111426 
1.849471 2.105000 202.861515 42.702349 2.102836 
1.846225 2.095000 202.861515 42.499487 2.094300 
1.841287 2.085000 202.861515 42.296626 2.081595 
1.837949 2.075000 202.861515 42.093764 2.073188 
1.834575 2.065000 202.861515 41.890903 2.064830 
1.829445 2.055000 202.861515 41.688041 2.052381 
1.825979 2.045000 202.861515 41.485180 2.044138 
1.820710 2.035000 202.861515 41.282318 2.031856 
1.817151 2.025000 202.861515 41.079457 2.023719 
1.811743 2.015000 202.861515 40.876595 2.011590 
1.808091 2.005000 202.861515 40.673734 2.003552 
1.802542 1.995000 202.861515 40.470872 1.991564 
1.798796 1.985000 202.861515 40.268011 1.983617 
1.793106 1.975000 202.861515 40.065149 1.971758 
1.789266 1.965000 202.861515 39.862288 1.963893 
1.783434 1.955000 202.861515 39.659426 1.952154 
1.779499 1.945000 202.861515 39.456565 1.944365 
1.773524 1.935000 202.861515 39.253703 1.932734 
1.767463 1.925000 202.861515 39.050842 1.921163 
1.763374 1.915000 202.861515 38.847980 1.913480 
1.757167 1.905000 202.861515 38.645119 1.902002 
1.752982 1.895000 202.861515 38.442257 1.894379 
1.746630 1.885000 202.861515 38.239396 1.882984 
1.740190 1.875000 202.861515 38.036534 1.871635 
1.735847 1.865000 202.861515 37.833673 1.864093 
1.729260 1.855000 202.861515 37.630811 1.852813 
1.722583 1.845000 202.861515 37.427950 1.841571 
1.718082 1.835000 202.861515 37.225088 1.834096 
1.711256 1.825000 202.861515 37.022227 1.822910 
1.704340 1.815000 202.861515 36.819365 1.811754 
1.699678 1.805000 202.861515 36.616503 1.804332 
1.692610 1.795000 202.861515 36.413642 1.793219 
1.685450 1.785000 202.861515 36.210780 1.782129 
1.680626 1.775000 202.861515 36.007919 1.774746 
1.673313 1.765000 202.861515 35.805057 1.763687 
1.665906 1.755000 202.861515 35.602196 1.752643 
1.658407 1.745000 202.861515 35.399334 1.741611 
1.653355 1.735000 202.861515 35.196473 1.734263 
1.645698 1.725000 202.861515 34.993611 1.723246 
1.637947 1.715000 202.861515 34.790750 1.712236 
1.632726 1.705000 202.861515 34.587888 1.704897 
1.624816 1.695000 202.861515 34.385027 1.693890 
1.616808 1.685000 202.861515 34.182165 1.682881 
1.608704 1.675000 202.861515 33.979304 1.671869 
1.603248 1.665000 202.861515 33.776442 1.664524 
1.594981 1.655000 202.861515 33.573581 1.653500 
1.586615 1.645000 202.861515 33.370719 1.642465 
1.578150 1.635000 202.861515 33.167858 1.631418 
1.572452 1.625000 202.861515 32.964996 1.624044 
1.563820 1.615000 202.861515 32.762135 1.612969 
1.555087 1.605000 202.861515 32.559273 1.601874 
1.549209 1.595000 202.861515 32.356412 1.594465 
1.540306 1.585000 202.861515 32.153550 1.583331 
1.531301 1.575000 202.861515 31.950689 1.572170 
1.525240 1.565000 202.861515 31.747827 1.564713 
1.516061 1.555000 202.861515 31.544966 1.553501 
1.506777 1.545000 202.861515 31.342104 1.542256 
1.500530 1.535000 202.861515 31.139243 1.534739 
1.491069 1.525000 202.861515 30.936381 1.523431 
1.481502 1.515000 202.861515 30.733520 1.512081 
1.475064 1.505000 202.861515 30.530658 1.504491 
1.465316 1.495000 202.861515 30.327797 1.493067 
1.455459 1.485000 202.861515 30.124935 1.481593 
1.448826 1.475000 202.861515 29.922073 1.473916 
1.438785 1.465000 202.861515 29.719212 1.462355 
1.432028 1.455000 202.861515 29.516350 1.454616 
1.421800 1.445000 202.861515 29.313489 1.442958 
1.411458 1.435000 202.861515 29.110627 1.431238 
1.404500 1.425000 202.861515 28.907766 1.423388 
1.393967 1.415000 202.861515 28.704904 1.411558 
1.386880 1.405000 202.861515 28.502043 1.403631 
1.376153 1.395000 202.861515 28.299181 1.391680 
1.368936 1.385000 202.861515 28.096320 1.383671 
1.358011 1.375000 202.861515 27.893458 1.371590 
1.350661 1.365000 202.861515 27.690597 1.363490 
1.339536 1.355000 202.861515 27.487735 1.351269 
1.332052 1.345000 202.861515 27.284874 1.343073 
1.324513 1.335000 202.861515 27.082012 1.334835 
1.313102 1.325000 202.861515 26.879151 1.322400 
1.305425 1.315000 202.861515 26.676289 1.314055 
1.293805 1.305000 202.861515 26.473428 1.301453 
1.285988 1.295000 202.861515 26.270566 1.292993 
1.278114 1.285000 202.861515 26.067705 1.284485 
1.266196 1.275000 202.861515 25.864843 1.271628 
1.258178 1.265000 202.861515 25.661982 1.262993 
1.250102 1.255000 202.861515 25.459120 1.254304 
1.237878 1.245000 202.861515 25.256259 1.241167 
1.229654 1.235000 202.861515 25.053397 1.232338 
1.221370 1.225000 202.861515 24.850536 1.223450 
1.213026 1.215000 202.861515 24.647674 1.214502 
1.200396 1.205000 202.861515 24.444813 1.200962 
1.191898 1.195000 202.861515 24.241951 1.191855 
1.183339 1.185000 202.861515 24.039090 1.182682 
1.174717 1.175000 202.861515 23.836228 1.173440 
1.166032 1.165000 202.861515 23.633367 1.164128 
1.157284 1.155000 202.861515 23.430505 1.154743 
1.144040 1.145000 202.861515 23.227643 1.140526 
1.135130 1.135000 202.861515 23.024782 1.130952 
1.126154 1.125000 202.861515 22.821920 1.121298 
1.117111 1.115000 202.861515 22.619059 1.111561 
1.108002 1.105000 202.861515 22.416197 1.101741 
1.098825 1.095000 202.861515 22.213336 1.091833 
1.089581 1.085000 202.861515 22.010474 1.081836 
1.080267 1.075000 202.861515 21.807613 1.071748 
1.070884 1.065000 202.861515 21.604751 1.061564 
1.061430 1.055000 202.861515 21.401890 1.051284 
1.051906 1.045000 202.861515 21.199028 1.040903 
1.042311 1.035000 202.861515 20.996167 1.030418 
1.032642 1.025000 202.861515 20.793305 1.019827 
1.027781 1.015000 202.861515 20.590444 1.014491 
1.018003 1.005000 202.861515 20.387582 1.003735 
1.008151 0.995000 202.861515 20.184721 0.992863 
0.998224 0.985000 202.861515 19.981859 0.981874 
0.988221 0.975000 202.861515 19.778998 0.970762 
0.978141 0.965000 202.861515 19.576136 0.959524 
0.973072 0.955000 202.861515 19.373275 0.953857 
0.962875 0.945000 202.861515 19.170413 0.942423 
0.952600 0.935000 202.861515 18.967552 0.930853 
0.942245 0.925000 202.861515 18.764690 0.919142 
0.937037 0.915000 202.861515 18.561829 0.913232 
0.926560 0.905000 202.861515 18.358967 0.901301 
0.916001 0.895000 202.861515 18.156106 0.889217 
0.910690 0.885000 202.861515 17.953244 0.883117 
0.900006 0.875000 202.861515 17.750383 0.870794 
0.894632 0.865000 202.861515 17.547521 0.864570 
0.883819 0.855000 202.861515 17.344660 0.851996 
0.872920 0.845000 202.861515 17.141798 0.839246 
0.867438 0.835000 202.861515 16.938937 0.832804 
0.856408 0.825000 202.861515 16.736075 0.819779 
0.850859 0.815000 202.861515 16.533213 0.813196 
0.839693 0.805000 202.861515 16.330352 0.799881 
0.834076 0.795000 202.861515 16.127490 0.793148 
0.822773 0.785000 202.861515 15.924629 0.779527 
0.817087 0.775000 202.861515 15.721767 0.772637 
0.805644 0.765000 202.861515 15.518906 0.758691 
0.799886 0.755000 202.861515 15.316044 0.751634 
0.794105 0.745000 202.861515 15.113183 0.744519 
0.782469 0.735000 202.861515 14.910321 0.730111 
0.776615 0.725000 202.861515 14.707460 0.722815 
0.764831 0.715000 202.861515 14.504598 0.708034 
0.758902 0.705000 202.861515 14.301737 0.700547 
0.752947 0.695000 202.861515 14.098875 0.692992 
0.740961 0.685000 202.861515 13.896014 0.677678 
0.734929 0.675000 202.861515 13.693152 0.669915 
0.728871 0.665000 202.861515 13.490291 0.662080 
0.722786 0.655000 202.861515 13.287429 0.654171 
0.710537 0.645000 202.861515 13.084568 0.638122 
0.704372 0.635000 202.861515 12.881706 0.629980 
0.698179 0.625000 202.861515 12.678845 0.621757 
0.691960 0.615000 202.861515 12.475983 0.613451 
0.679436 0.605000 202.861515 12.273122 0.596583 
0.673132 0.595000 202.861515 12.070260 0.588016 
0.666800 0.585000 202.861515 11.867399 0.579358 
0.660438 0.575000 202.861515 11.664537 0.570607 
0.654048 0.565000 202.861515 11.461676 0.561760 
0.647628 0.555000 202.861515 11.258814 0.552815 
0.641179 0.545000 202.861515 11.055953 0.543770 
0.634700 0.535000 202.861515 10.853091 0.534622 
0.621650 0.525000 202.861515 10.650230 0.516006 
0.615080 0.515000 202.861515 10.447368 0.506532 
0.608478 0.505000 202.861515 10.244507 0.496944 
0.601845 0.495000 202.861515 10.041645 0.487239 
0.595180 0.485000 202.861515 9.838783 0.477413 
0.588483 0.475000 202.861515 9.635922 0.467463 
0.581753 0.465000 202.861515 9.433060 0.457385 
0.574991 0.455000 202.861515 9.230199 0.447176 
0.568196 0.445000 202.861515 9.027337 0.436833 
0.561367 0.435000 202.861515 8.824476 0.426350 
0.554505 0.425000 202.861515 8.621614 0.415725 
0.547608 0.415000 202.861515 8.418753 0.404952 
0.547608 0.405000 202.861515 8.215891 0.404952 
0.540677 0.395000 202.861515 8.013030 0.394027 
0.533710 0.385000 202.861515 7.810168 0.382946 
0.526709 0.375000 202.861515 7.607307 0.371703 
0.519671 0.365000 202.861515 7.404445 0.360293 
0.512597 0.355000 202.861515 7.201584 0.348711 
0.505487 0.345000 202.861515 6.998722 0.336952 
0.498340 0.335000 202.861515 6.795861 0.325008 
0.491154 0.325000 202.861515 6.592999 0.312875 
0.491154 0.315000 202.861515 6.390138 0.312875 
0.483931 0.305000 202.861515 6.187276 0.300545 
0.476670 0.295000 202.861515 5.984415 0.288011 
0.469369 0.285000 202.861515 5.781553 0.275266 
0.462029 0.275000 202.861515 5.578692 0.262303 
0.462029 0.265000 202.861515 5.375830 0.262303 
0.454649 0.255000 202.861515 5.172969 0.249113 
0.447228 0.245000 202.861515 4.970107 0.235687 
0.439766 0.235000 202.861515 4.767246 0.222017 
0.439766 0.225000 202.861515 4.564384 0.222017 
0.432262 0.215000 202.861515 4.361523 0.208094 
0.424716 0.205000 202.861515 4.158661 0.193905 
0.424716 0.195000 202.861515 3.955800 0.193905 
0.417127 0.185000 202.861515 3.752938 0.179442 
0.409495 0.175000 202.861515 3.550077 0.164693 
0.409495 0.165000 202.861515 3.347215 0.164693 
0.401818 0.155000 202.861515 3.144353 0.149644 
0.394097 0.145000 202.861515 2.941492 0.134285 
0.394097 0.135000 202.861515 2.738630 0.134285 
0.386330 0.125000 202.861515 2.535769 0.118599 
0.378517 0.115000 202.861515 2.332907 0.102574 
0.378517 0.105000 202.861515 2.130046 0.102574 
0.370657 0.095000 202.861515 1.927184 0.086193 
0.362749 0.085000 202.861515 1.724323 0.069439 
0.362749 0.075000 202.861515 1.521461 0.069439 
0.354793 0.065000 202.861515 1.318600 0.052294 
0.354793 0.055000 202.861515 1.115738 0.052294 
0.346788 0.045000 202.861515 0.912877 0.034739 
0.346788 0.035000 202.861515 0.710015 0.034739 
0.338732 0.025000 202.861515 0.507154 0.016753 
0.330626 0.015000 202.861515 0.304292 -0.001686 
