1.999998 9.985000 2.028615 2.025572 2.843544 
1.999998 9.975000 2.028615 2.023544 2.843544 
1.999998 9.965000 2.028615 2.021515 2.843544 
1.999998 9.955000 2.028615 2.019486 2.843544 
1.999998 9.945000 2.028615 2.017458 2.843544 
1.999998 9.935000 2.028615 2.015429 2.843544 
1.999998 9.925000 2.028615 2.013401 2.843544 
1.999998 9.915000 2.028615 2.011372 2.843544 
1.999998 9.905000 2.028615 2.009343 2.843544 
1.999998 9.895000 2.028615 2.007315 2.843544 
1.999998 9.885000 2.028615 2.005286 2.843544 
1.999998 9.875000 2.028615 2.003257 2.843544 
1.999998 9.865000 2.028615 2.001229 2.843544 
1.999998 9.855000 2.028615 1.999200 2.843544 
1.999998 9.845000 2.028615 1.997172 2.843544 
1.999998 9.835000 2.028615 1.995143 2.843544 
1.999998 9.825000 2.028615 1.993114 2.843544 
1.999998 9.815000 2.028615 1.991086 2.843544 
1.999998 9.805000 2.028615 1.989057 2.843544 
1.999998 9.795000 2.028615 1.987029 2.843544 
1.999998 9.785000 2.028615 1.985000 2.843544 
1.999998 9.775000 2.028615 1.982971 2.843544 
1.999998 9.765000 2.028615 1.980943 2.843544 
1.999998 9.755000 2.028615 1.978914 2.843544 
1.999998 9.745000 2.028615 1.976885 2.843544 
1.999998 9.735000 2.028615 1.974857 2.843544 
1.999998 9.725000 2.028615 1.972828 2.843544 
1.999998 9.715000 2.028615 1.970800 2.843544 
1.999998 9.705000 2.028615 1.968771 2.843544 
1.999998 9.695000 2.028615 1.966742 2.843544 
1.999998 9.685000 2.028615 1.964714 2.843544 
1.999998 9.675000 2.028615 1.962685 2.843544 
1.999998 9.665000 2.028615 1.960657 2.843544 
1.999998 9.655000 2.028615 1.958628 2.843544 
1.999998 9.645000 2.028615 1.956599 2.843544 
1.999998 9.635000 2.028615 1.954571 2.843544 
1.999998 9.625000 2.028615 1.952542 2.843544 
1.999998 9.615000 2.028615 1.950513 2.843544 
1.999998 9.605000 2.028615 1.948485 2.843544 
1.999998 9.595000 2.028615 1.946456 2.843544 
1.999998 9.585000 2.028615 1.944428 2.843544 
1.999998 9.575000 2.028615 1.942399 2.843544 
1.999998 9.565000 2.028615 1.940370 2.843544 
1.999998 9.555000 2.028615 1.938342 2.843544 
1.999998 9.545000 2.028615 1.936313 2.843544 
1.999998 9.535000 2.028615 1.934285 2.843544 
1.999998 9.525000 2.028615 1.932256 2.843544 
1.999998 9.515000 2.028615 1.930227 2.843544 
1.999998 9.505000 2.028615 1.928199 2.843544 
1.999998 9.495000 2.028615 1.926170 2.843544 
1.999998 9.485000 2.028615 1.924141 2.843544 
1.999998 9.475000 2.028615 1.922113 2.843544 
1.999998 9.465000 2.028615 1.920084 2.843544 
1.999998 9.455000 2.028615 1.918056 2.843544 
1.999998 9.445000 2.028615 1.916027 2.843544 
1.999998 9.435000 2.028615 1.913998 2.843544 
1.999998 9.425000 2.028615 1.911970 2.843544 
1.999998 9.415000 2.028615 1.909941 2.843544 
1.999998 9.405000 2.028615 1.907913 2.843544 
1.999998 9.395000 2.028615 1.905884 2.843544 
1.999998 9.385000 2.028615 1.903855 2.843544 
1.999998 9.375000 2.028615 1.901827 2.843544 
1.999998 9.365000 2.028615 1.899798 2.843544 
1.999998 9.355000 2.028615 1.897769 2.843544 
1.999998 9.345000 2.028615 1.895741 2.843544 
1.999998 9.335000 2.028615 1.893712 2.843544 
1.999998 9.325000 2.028615 1.891684 2.843544 
1.999998 9.315000 2.028615 1.889655 2.843544 
1.999998 9.305000 2.028615 1.887626 2.843544 
1.999998 9.295000 2.028615 1.885598 2.843544 
1.999998 9.285000 2.028615 1.883569 2.843544 
1.999998 9.275000 2.028615 1.881541 2.843544 
1.999998 9.265000 2.028615 1.879512 2.843544 
1.999998 9.255000 2.028615 1.877483 2.843544 
1.999998 9.245000 2.028615 1.875455 2.843544 
1.999998 9.235000 2.028615 1.873426 2.843544 
1.999998 9.225000 2.028615 1.871397 2.843544 
1.999998 9.215000 2.028615 1.869369 2.843544 
1.999998 9.205000 2.028615 1.867340 2.843544 
1.999998 9.195000 2.028615 1.865312 2.843544 
1.999998 9.185000 2.028615 1.863283 2.843544 
1.999998 9.175000 2.028615 1.861254 2.843544 
1.999998 9.165000 2.028615 1.859226 2.843544 
1.999998 9.155000 2.028615 1.857197 2.843544 
1.999998 9.145000 2.028615 1.855169 2.843544 
1.999998 9.135000 2.028615 1.853140 2.843544 
1.999998 9.125000 2.028615 1.851111 2.843544 
1.999998 9.115000 2.028615 1.849083 2.843544 
1.999998 9.105000 2.028615 1.847054 2.843544 
1.999998 9.095000 2.028615 1.845025 2.843544 
1.999998 9.085000 2.028615 1.842997 2.843544 
1.999998 9.075000 2.028615 1.840968 2.843544 
1.999998 9.065000 2.028615 1.838940 2.843544 
1.999998 9.055000 2.028615 1.836911 2.843544 
1.999998 9.045000 2.028615 1.834882 2.843544 
1.999998 9.035000 2.028615 1.832854 2.843544 
1.999998 9.025000 2.028615 1.830825 2.843544 
1.999998 9.015000 2.028615 1.828797 2.843544 
1.999998 9.005000 2.028615 1.826768 2.843544 
1.999998 8.995000 2.028615 1.824739 2.843544 
1.999998 8.985000 2.028615 1.822711 2.843544 
1.999998 8.975000 2.028615 1.820682 2.843544 
1.999998 8.965000 2.028615 1.818653 2.843544 
1.999998 8.955000 2.028615 1.816625 2.843544 
1.999998 8.945000 2.028615 1.814596 2.843544 
1.999998 8.935000 2.028615 1.812568 2.843544 
1.999998 8.925000 2.028615 1.810539 2.843544 
1.999998 8.915000 2.028615 1.808510 2.843544 
1.999998 8.905000 2.028615 1.806482 2.843544 
1.999998 8.895000 2.028615 1.804453 2.843544 
1.999998 8.885000 2.028615 1.802425 2.843544 
1.999998 8.875000 2.028615 1.800396 2.843544 
1.999998 8.865000 2.028615 1.798367 2.843544 
1.999998 8.855000 2.028615 1.796339 2.843544 
1.999998 8.845000 2.028615 1.794310 2.843544 
1.999998 8.835000 2.028615 1.792281 2.843544 
1.999998 8.825000 2.028615 1.790253 2.843544 
1.999998 8.815000 2.028615 1.788224 2.843544 
1.999998 8.805000 2.028615 1.786196 2.843544 
1.999998 8.795000 2.028615 1.784167 2.843544 
1.999998 8.785000 2.028615 1.782138 2.843544 
1.999998 8.775000 2.028615 1.780110 2.843544 
1.999998 8.765000 2.028615 1.778081 2.843544 
1.999998 8.755000 2.028615 1.776053 2.843544 
1.999998 8.745000 2.028615 1.774024 2.843544 
1.999998 8.735000 2.028615 1.771995 2.843544 
1.999998 8.725000 2.028615 1.769967 2.843544 
1.999998 8.715000 2.028615 1.767938 2.843544 
1.999998 8.705000 2.028615 1.765909 2.843544 
1.999998 8.695000 2.028615 1.763881 2.843544 
1.999998 8.685000 2.028615 1.761852 2.843544 
1.999998 8.675000 2.028615 1.759824 2.843544 
1.999998 8.665000 2.028615 1.757795 2.843544 
1.999998 8.655000 2.028615 1.755766 2.843544 
1.999998 8.645000 2.028615 1.753738 2.843544 
1.999998 8.635000 2.028615 1.751709 2.843544 
1.999998 8.625000 2.028615 1.749681 2.843544 
1.999998 8.615000 2.028615 1.747652 2.843544 
1.999998 8.605000 2.028615 1.745623 2.843544 
1.999998 8.595000 2.028615 1.743595 2.843544 
1.999998 8.585000 2.028615 1.741566 2.843544 
1.999998 8.575000 2.028615 1.739537 2.843544 
1.999998 8.565000 2.028615 1.737509 2.843544 
1.999998 8.555000 2.028615 1.735480 2.843544 
1.999998 8.545000 2.028615 1.733452 2.843544 
1.999998 8.535000 2.028615 1.731423 2.843544 
1.999998 8.525000 2.028615 1.729394 2.843544 
1.999998 8.515000 2.028615 1.727366 2.843544 
1.999998 8.505000 2.028615 1.725337 2.843544 
1.999998 8.495000 2.028615 1.723309 2.843544 
1.999998 8.485000 2.028615 1.721280 2.843544 
1.999998 8.475000 2.028615 1.719251 2.843544 
1.999998 8.465000 2.028615 1.717223 2.843544 
1.999998 8.455000 2.028615 1.715194 2.843544 
1.999998 8.445000 2.028615 1.713165 2.843544 
1.999998 8.435000 2.028615 1.711137 2.843544 
1.999998 8.425000 2.028615 1.709108 2.843544 
1.999998 8.415000 2.028615 1.707080 2.843544 
1.999998 8.405000 2.028615 1.705051 2.843544 
1.999998 8.395000 2.028615 1.703022 2.843544 
1.999998 8.385000 2.028615 1.700994 2.843544 
1.999998 8.375000 2.028615 1.698965 2.843544 
1.999998 8.365000 2.028615 1.696937 2.843544 
1.999998 8.355000 2.028615 1.694908 2.843544 
1.999998 8.345000 2.028615 1.692879 2.843544 
1.999998 8.335000 2.028615 1.690851 2.843544 
1.999998 8.325000 2.028615 1.688822 2.843544 
1.999998 8.315000 2.028615 1.686793 2.843544 
1.999998 8.305000 2.028615 1.684765 2.843544 
1.999998 8.295000 2.028615 1.682736 2.843544 
1.999998 8.285000 2.028615 1.680708 2.843544 
1.999998 8.275000 2.028615 1.678679 2.843544 
1.999998 8.265000 2.028615 1.676650 2.843544 
1.999998 8.255000 2.028615 1.674622 2.843544 
1.999998 8.245000 2.028615 1.672593 2.843544 
1.999998 8.235000 2.028615 1.670565 2.843544 
1.999998 8.225000 2.028615 1.668536 2.843544 
1.999998 8.215000 2.028615 1.666507 2.843544 
1.999998 8.205000 2.028615 1.664479 2.843544 
1.999998 8.195000 2.028615 1.662450 2.843544 
1.999998 8.185000 2.028615 1.660422 2.843544 
1.999998 8.175000 2.028615 1.658393 2.843544 
1.999998 8.165000 2.028615 1.656364 2.843544 
1.999998 8.155000 2.028615 1.654336 2.843544 
1.999998 8.145000 2.028615 1.652307 2.843544 
1.999998 8.135000 2.028615 1.650278 2.843544 
1.999998 8.125000 2.028615 1.648250 2.843544 
1.999998 8.115000 2.028615 1.646221 2.843544 
1.999998 8.105000 2.028615 1.644193 2.843544 
1.999998 8.095000 2.028615 1.642164 2.843544 
1.999998 8.085000 2.028615 1.640135 2.843544 
1.999998 8.075000 2.028615 1.638107 2.843544 
1.999998 8.065000 2.028615 1.636078 2.843544 
1.999998 8.055000 2.028615 1.634050 2.843544 
1.999998 8.045000 2.028615 1.632021 2.843544 
1.999998 8.035000 2.028615 1.629992 2.843544 
1.999998 8.025000 2.028615 1.627964 2.843544 
1.999998 8.015000 2.028615 1.625935 2.843544 
1.999998 8.005000 2.028615 1.623906 2.843544 
1.999998 7.995000 2.028615 1.621878 2.843544 
1.999998 7.985000 2.028615 1.619849 2.843544 
1.999998 7.975000 2.028615 1.617821 2.843544 
1.999998 7.965000 2.028615 1.615792 2.843544 
1.999998 7.955000 2.028615 1.613763 2.843544 
1.999998 7.945000 2.028615 1.611735 2.843544 
1.999998 7.935000 2.028615 1.609706 2.843544 
1.999998 7.925000 2.028615 1.607678 2.843544 
1.999998 7.915000 2.028615 1.605649 2.843544 
1.999998 7.905000 2.028615 1.603620 2.843544 
1.999998 7.895000 2.028615 1.601592 2.843544 
1.999998 7.885000 2.028615 1.599563 2.843544 
1.999998 7.875000 2.028615 1.597534 2.843544 
1.999998 7.865000 2.028615 1.595506 2.843544 
1.999998 7.855000 2.028615 1.593477 2.843544 
1.999998 7.845000 2.028615 1.591449 2.843544 
1.999998 7.835000 2.028615 1.589420 2.843544 
1.999998 7.825000 2.028615 1.587391 2.843544 
1.999998 7.815000 2.028615 1.585363 2.843544 
1.999998 7.805000 2.028615 1.583334 2.843544 
1.999998 7.795000 2.028615 1.581306 2.843544 
1.999998 7.785000 2.028615 1.579277 2.843544 
1.999998 7.775000 2.028615 1.577248 2.843544 
1.999998 7.765000 2.028615 1.575220 2.843544 
1.999998 7.755000 2.028615 1.573191 2.843544 
1.999998 7.745000 2.028615 1.571162 2.843544 
1.999998 7.735000 2.028615 1.569134 2.843544 
1.999998 7.725000 2.028615 1.567105 2.843544 
1.999998 7.715000 2.028615 1.565077 2.843544 
1.999998 7.705000 2.028615 1.563048 2.843544 
1.999998 7.695000 2.028615 1.561019 2.843544 
1.999998 7.685000 2.028615 1.558991 2.843544 
1.999998 7.675000 2.028615 1.556962 2.843544 
1.999998 7.665000 2.028615 1.554934 2.843544 
1.999998 7.655000 2.028615 1.552905 2.843544 
1.999998 7.645000 2.028615 1.550876 2.843544 
1.999998 7.635000 2.028615 1.548848 2.843544 
1.999998 7.625000 2.028615 1.546819 2.843544 
1.999998 7.615000 2.028615 1.544790 2.843544 
1.999998 7.605000 2.028615 1.542762 2.843544 
1.999998 7.595000 2.028615 1.540733 2.843544 
1.999998 7.585000 2.028615 1.538705 2.843544 
1.999998 7.575000 2.028615 1.536676 2.843544 
1.999998 7.565000 2.028615 1.534647 2.843544 
1.999998 7.555000 2.028615 1.532619 2.843544 
1.999998 7.545000 2.028615 1.530590 2.843544 
1.999998 7.535000 2.028615 1.528562 2.843544 
1.999998 7.525000 2.028615 1.526533 2.843544 
1.999998 7.515000 2.028615 1.524504 2.843544 
1.999998 7.505000 2.028615 1.522476 2.843544 
1.999998 7.495000 2.028615 1.520447 2.843544 
1.999998 7.485000 2.028615 1.518418 2.843544 
1.999998 7.475000 2.028615 1.516390 2.843544 
1.999998 7.465000 2.028615 1.514361 2.843544 
1.999998 7.455000 2.028615 1.512333 2.843544 
1.999998 7.445000 2.028615 1.510304 2.843544 
1.999998 7.435000 2.028615 1.508275 2.843544 
1.999998 7.425000 2.028615 1.506247 2.843544 
1.999998 7.415000 2.028615 1.504218 2.843544 
1.999998 7.405000 2.028615 1.502190 2.843544 
1.999998 7.395000 2.028615 1.500161 2.843544 
1.999998 7.385000 2.028615 1.498132 2.843544 
1.999998 7.375000 2.028615 1.496104 2.843544 
1.999998 7.365000 2.028615 1.494075 2.843544 
1.999998 7.355000 2.028615 1.492046 2.843544 
1.999998 7.345000 2.028615 1.490018 2.843544 
1.999998 7.335000 2.028615 1.487989 2.843544 
1.999998 7.325000 2.028615 1.485961 2.843544 
1.999998 7.315000 2.028615 1.483932 2.843544 
1.999998 7.305000 2.028615 1.481903 2.843544 
1.999998 7.295000 2.028615 1.479875 2.843544 
1.999998 7.285000 2.028615 1.477846 2.843544 
1.999998 7.275000 2.028615 1.475818 2.843544 
1.999998 7.265000 2.028615 1.473789 2.843544 
1.999998 7.255000 2.028615 1.471760 2.843544 
1.999998 7.245000 2.028615 1.469732 2.843544 
1.999998 7.235000 2.028615 1.467703 2.843544 
1.999998 7.225000 2.028615 1.465674 2.843544 
1.999998 7.215000 2.028615 1.463646 2.843544 
1.999998 7.205000 2.028615 1.461617 2.843544 
1.999998 7.195000 2.028615 1.459589 2.843544 
1.999998 7.185000 2.028615 1.457560 2.843544 
1.999998 7.175000 2.028615 1.455531 2.843544 
1.999998 7.165000 2.028615 1.453503 2.843544 
1.999998 7.155000 2.028615 1.451474 2.843544 
1.999998 7.145000 2.028615 1.449446 2.843544 
1.999998 7.135000 2.028615 1.447417 2.843544 
1.999998 7.125000 2.028615 1.445388 2.843544 
1.999998 7.115000 2.028615 1.443360 2.843544 
1.999998 7.105000 2.028615 1.441331 2.843544 
1.999998 7.095000 2.028615 1.439302 2.843544 
1.999998 7.085000 2.028615 1.437274 2.843544 
1.999998 7.075000 2.028615 1.435245 2.843544 
1.999998 7.065000 2.028615 1.433217 2.843544 
1.999998 7.055000 2.028615 1.431188 2.843544 
1.999998 7.045000 2.028615 1.429159 2.843544 
1.999998 7.035000 2.028615 1.427131 2.843544 
1.999998 7.025000 2.028615 1.425102 2.843544 
1.999998 7.015000 2.028615 1.423074 2.843544 
1.999998 7.005000 2.028615 1.421045 2.843544 
1.999998 6.995000 2.028615 1.419016 2.843544 
1.999998 6.985000 2.028615 1.416988 2.843544 
1.999998 6.975000 2.028615 1.414959 2.843544 
1.999998 6.965000 2.028615 1.412930 2.843544 
1.999998 6.955000 2.028615 1.410902 2.843544 
1.999998 6.945000 2.028615 1.408873 2.843544 
1.999998 6.935000 2.028615 1.406845 2.843544 
1.999998 6.925000 2.028615 1.404816 2.843544 
1.999998 6.915000 2.028615 1.402787 2.843544 
1.999998 6.905000 2.028615 1.400759 2.843544 
1.999998 6.895000 2.028615 1.398730 2.843544 
1.999998 6.885000 2.028615 1.396702 2.843544 
1.999998 6.875000 2.028615 1.394673 2.843544 
1.999998 6.865000 2.028615 1.392644 2.843544 
1.999998 6.855000 2.028615 1.390616 2.843544 
1.999998 6.845000 2.028615 1.388587 2.843544 
1.999998 6.835000 2.028615 1.386558 2.843544 
1.999998 6.825000 2.028615 1.384530 2.843544 
1.999998 6.815000 2.028615 1.382501 2.843544 
1.999998 6.805000 2.028615 1.380473 2.843544 
1.999998 6.795000 2.028615 1.378444 2.843544 
1.999998 6.785000 2.028615 1.376415 2.843544 
1.999998 6.775000 2.028615 1.374387 2.843544 
1.999998 6.765000 2.028615 1.372358 2.843544 
1.999998 6.755000 2.028615 1.370330 2.843544 
1.999998 6.745000 2.028615 1.368301 2.843544 
1.999998 6.735000 2.028615 1.366272 2.843544 
1.999998 6.725000 2.028615 1.364244 2.843544 
1.999998 6.715000 2.028615 1.362215 2.843544 
1.999998 6.705000 2.028615 1.360186 2.843544 
1.999998 6.695000 2.028615 1.358158 2.843544 
1.999998 6.685000 2.028615 1.356129 2.843544 
1.999998 6.675000 2.028615 1.354101 2.843544 
1.999998 6.665000 2.028615 1.352072 2.843544 
1.999998 6.655000 2.028615 1.350043 2.843544 
1.999998 6.645000 2.028615 1.348015 2.843544 
1.999998 6.635000 2.028615 1.345986 2.843544 
1.999998 6.625000 2.028615 1.343958 2.843544 
1.999998 6.615000 2.028615 1.341929 2.843544 
1.999998 6.605000 2.028615 1.339900 2.843544 
1.999998 6.595000 2.028615 1.337872 2.843544 
1.999998 6.585000 2.028615 1.335843 2.843544 
1.999998 6.575000 2.028615 1.333814 2.843544 
1.999998 6.565000 2.028615 1.331786 2.843544 
1.999998 6.555000 2.028615 1.329757 2.843544 
1.999998 6.545000 2.028615 1.327729 2.843544 
1.999998 6.535000 2.028615 1.325700 2.843544 
1.999998 6.525000 2.028615 1.323671 2.843544 
1.999998 6.515000 2.028615 1.321643 2.843544 
1.999998 6.505000 2.028615 1.319614 2.843544 
1.999998 6.495000 2.028615 1.317586 2.843544 
1.999998 6.485000 2.028615 1.315557 2.843544 
1.999998 6.475000 2.028615 1.313528 2.843544 
1.999998 6.465000 2.028615 1.311500 2.843544 
1.999998 6.455000 2.028615 1.309471 2.843544 
1.999998 6.445000 2.028615 1.307442 2.843544 
1.999998 6.435000 2.028615 1.305414 2.843544 
1.999998 6.425000 2.028615 1.303385 2.843544 
1.999998 6.415000 2.028615 1.301357 2.843544 
1.999998 6.405000 2.028615 1.299328 2.843544 
1.999998 6.395000 2.028615 1.297299 2.843544 
1.999998 6.385000 2.028615 1.295271 2.843544 
1.999998 6.375000 2.028615 1.293242 2.843544 
1.999998 6.365000 2.028615 1.291214 2.843544 
1.999998 6.355000 2.028615 1.289185 2.843544 
1.999998 6.345000 2.028615 1.287156 2.843544 
1.999998 6.335000 2.028615 1.285128 2.843544 
1.999998 6.325000 2.028615 1.283099 2.843544 
1.999998 6.315000 2.028615 1.281070 2.843544 
1.999998 6.305000 2.028615 1.279042 2.843544 
1.999998 6.295000 2.028615 1.277013 2.843544 
1.999998 6.285000 2.028615 1.274985 2.843544 
1.999998 6.275000 2.028615 1.272956 2.843544 
1.999998 6.265000 2.028615 1.270927 2.843544 
1.999998 6.255000 2.028615 1.268899 2.843544 
1.999998 6.245000 2.028615 1.266870 2.843544 
1.999998 6.235000 2.028615 1.264842 2.843544 
1.999998 6.225000 2.028615 1.262813 2.843544 
1.999998 6.215000 2.028615 1.260784 2.843544 
1.999998 6.205000 2.028615 1.258756 2.843544 
1.999998 6.195000 2.028615 1.256727 2.843544 
1.999998 6.185000 2.028615 1.254698 2.843544 
1.999998 6.175000 2.028615 1.252670 2.843544 
1.999998 6.165000 2.028615 1.250641 2.843544 
1.999998 6.155000 2.028615 1.248613 2.843544 
1.999998 6.145000 2.028615 1.246584 2.843544 
1.999998 6.135000 2.028615 1.244555 2.843544 
1.999998 6.125000 2.028615 1.242527 2.843544 
1.999998 6.115000 2.028615 1.240498 2.843544 
1.999998 6.105000 2.028615 1.238470 2.843544 
1.999998 6.095000 2.028615 1.236441 2.843544 
1.999998 6.085000 2.028615 1.234412 2.843544 
1.999998 6.075000 2.028615 1.232384 2.843544 
1.999998 6.065000 2.028615 1.230355 2.843544 
1.999998 6.055000 2.028615 1.228326 2.843544 
1.999998 6.045000 2.028615 1.226298 2.843544 
1.999998 6.035000 2.028615 1.224269 2.843544 
1.999998 6.025000 2.028615 1.222241 2.843544 
1.999998 6.015000 2.028615 1.220212 2.843544 
1.999998 6.005000 2.028615 1.218183 2.843544 
1.999998 5.995000 2.028615 1.216155 2.843544 
1.999998 5.985000 2.028615 1.214126 2.843544 
1.999998 5.975000 2.028615 1.212098 2.843544 
1.999998 5.965000 2.028615 1.210069 2.843544 
1.999998 5.955000 2.028615 1.208040 2.843544 
1.999998 5.945000 2.028615 1.206012 2.843544 
1.999998 5.935000 2.028615 1.203983 2.843544 
1.999998 5.925000 2.028615 1.201954 2.843544 
1.999998 5.915000 2.028615 1.199926 2.843544 
1.999998 5.905000 2.028615 1.197897 2.843544 
1.999998 5.895000 2.028615 1.195869 2.843544 
1.999998 5.885000 2.028615 1.193840 2.843544 
1.999998 5.875000 2.028615 1.191811 2.843544 
1.999998 5.865000 2.028615 1.189783 2.843544 
1.999998 5.855000 2.028615 1.187754 2.843544 
1.999998 5.845000 2.028615 1.185726 2.843544 
1.999998 5.835000 2.028615 1.183697 2.843544 
1.999998 5.825000 2.028615 1.181668 2.843544 
1.999998 5.815000 2.028615 1.179640 2.843544 
1.999998 5.805000 2.028615 1.177611 2.843544 
1.999998 5.795000 2.028615 1.175582 2.843544 
1.999998 5.785000 2.028615 1.173554 2.843544 
1.999998 5.775000 2.028615 1.171525 2.843544 
1.999998 5.765000 2.028615 1.169497 2.843544 
1.999998 5.755000 2.028615 1.167468 2.843544 
1.999998 5.745000 2.028615 1.165439 2.843544 
1.999998 5.735000 2.028615 1.163411 2.843544 
1.999998 5.725000 2.028615 1.161382 2.843544 
1.999998 5.715000 2.028615 1.159354 2.843544 
1.999998 5.705000 2.028615 1.157325 2.843544 
1.999998 5.695000 2.028615 1.155296 2.843544 
1.999998 5.685000 2.028615 1.153268 2.843544 
1.999998 5.675000 2.028615 1.151239 2.843544 
1.999998 5.665000 2.028615 1.149210 2.843544 
1.999998 5.655000 2.028615 1.147182 2.843544 
1.999998 5.645000 2.028615 1.145153 2.843544 
1.999998 5.635000 2.028615 1.143125 2.843544 
1.999998 5.625000 2.028615 1.141096 2.843544 
1.999998 5.615000 2.028615 1.139067 2.843544 
1.999998 5.605000 2.028615 1.137039 2.843544 
1.999998 5.595000 2.028615 1.135010 2.843544 
1.999998 5.585000 2.028615 1.132982 2.843544 
1.999998 5.575000 2.028615 1.130953 2.843544 
1.999998 5.565000 2.028615 1.128924 2.843544 
1.999998 5.555000 2.028615 1.126896 2.843544 
1.999998 5.545000 2.028615 1.124867 2.843544 
1.999998 5.535000 2.028615 1.122838 2.843544 
1.999998 5.525000 2.028615 1.120810 2.843544 
1.999998 5.515000 2.028615 1.118781 2.843544 
1.999998 5.505000 2.028615 1.116753 2.843544 
1.999998 5.495000 2.028615 1.114724 2.843544 
1.999998 5.485000 2.028615 1.112695 2.843544 
1.999998 5.475000 2.028615 1.110667 2.843544 
1.999998 5.465000 2.028615 1.108638 2.843544 
1.999998 5.455000 2.028615 1.106610 2.843544 
1.999998 5.445000 2.028615 1.104581 2.843544 
1.999998 5.435000 2.028615 1.102552 2.843544 
1.999998 5.425000 2.028615 1.100524 2.843544 
1.999998 5.415000 2.028615 1.098495 2.843544 
1.999998 5.405000 2.028615 1.096466 2.843544 
1.999998 5.395000 2.028615 1.094438 2.843544 
1.999998 5.385000 2.028615 1.092409 2.843544 
1.999998 5.375000 2.028615 1.090381 2.843544 
1.999998 5.365000 2.028615 1.088352 2.843544 
1.999998 5.355000 2.028615 1.086323 2.843544 
1.999998 5.345000 2.028615 1.084295 2.843544 
1.999998 5.335000 2.028615 1.082266 2.843544 
1.999998 5.325000 2.028615 1.080238 2.843544 
1.999998 5.315000 2.028615 1.078209 2.843544 
1.999998 5.305000 2.028615 1.076180 2.843544 
1.999998 5.295000 2.028615 1.074152 2.843544 
1.999998 5.285000 2.028615 1.072123 2.843544 
1.999998 5.275000 2.028615 1.070094 2.843544 
1.999998 5.265000 2.028615 1.068066 2.843544 
1.999998 5.255000 2.028615 1.066037 2.843544 
1.999998 5.245000 2.028615 1.064009 2.843544 
1.999998 5.235000 2.028615 1.061980 2.843544 
1.999998 5.225000 2.028615 1.059951 2.843544 
1.999998 5.215000 2.028615 1.057923 2.843544 
1.999998 5.205000 2.028615 1.055894 2.843544 
1.999998 5.195000 2.028615 1.053866 2.843544 
1.999998 5.185000 2.028615 1.051837 2.843544 
1.999998 5.175000 2.028615 1.049808 2.843544 
1.999998 5.165000 2.028615 1.047780 2.843544 
1.999998 5.155000 2.028615 1.045751 2.843544 
1.999998 5.145000 2.028615 1.043722 2.843544 
1.999998 5.135000 2.028615 1.041694 2.843544 
1.999998 5.125000 2.028615 1.039665 2.843544 
1.999998 5.115000 2.028615 1.037637 2.843544 
1.999998 5.105000 2.028615 1.035608 2.843544 
1.999998 5.095000 2.028615 1.033579 2.843544 
1.999998 5.085000 2.028615 1.031551 2.843544 
1.999998 5.075000 2.028615 1.029522 2.843544 
1.999998 5.065000 2.028615 1.027494 2.843544 
1.999998 5.055000 2.028615 1.025465 2.843544 
1.999998 5.045000 2.028615 1.023436 2.843544 
1.999998 5.035000 2.028615 1.021408 2.843544 
1.999998 5.025000 2.028615 1.019379 2.843544 
1.999998 5.015000 2.028615 1.017350 2.843544 
1.999998 5.005000 2.028615 1.015322 2.843544 
1.999998 4.995000 2.028615 1.013293 2.843544 
1.999998 4.985000 2.028615 1.011265 2.843544 
1.999998 4.975000 2.028615 1.009236 2.843544 
1.999998 4.965000 2.028615 1.007207 2.843544 
1.999998 4.955000 2.028615 1.005179 2.843544 
1.999998 4.945000 2.028615 1.003150 2.843544 
1.999998 4.935000 2.028615 1.001122 2.843544 
1.999998 4.925000 2.028615 0.999093 2.843544 
1.999998 4.915000 2.028615 0.997064 2.843544 
1.999998 4.905000 2.028615 0.995036 2.843544 
1.999998 4.895000 2.028615 0.993007 2.843544 
1.999998 4.885000 2.028615 0.990979 2.843544 
1.999998 4.875000 2.028615 0.988950 2.843544 
1.999998 4.865000 2.028615 0.986921 2.843544 
1.999998 4.855000 2.028615 0.984893 2.843544 
1.999998 4.845000 2.028615 0.982864 2.843544 
1.999998 4.835000 2.028615 0.980835 2.843544 
1.999998 4.825000 2.028615 0.978807 2.843544 
1.999998 4.815000 2.028615 0.976778 2.843544 
1.999998 4.805000 2.028615 0.974750 2.843544 
1.999998 4.795000 2.028615 0.972721 2.843544 
1.999998 4.785000 2.028615 0.970692 2.843544 
1.999998 4.775000 2.028615 0.968664 2.843544 
1.999998 4.765000 2.028615 0.966635 2.843544 
1.999998 4.755000 2.028615 0.964607 2.843544 
1.999998 4.745000 2.028615 0.962578 2.843544 
1.999998 4.735000 2.028615 0.960549 2.843544 
1.999998 4.725000 2.028615 0.958521 2.843544 
1.999998 4.715000 2.028615 0.956492 2.843544 
1.999998 4.705000 2.028615 0.954463 2.843544 
1.999998 4.695000 2.028615 0.952435 2.843544 
1.999998 4.685000 2.028615 0.950406 2.843544 
1.999998 4.675000 2.028615 0.948378 2.843544 
1.999998 4.665000 2.028615 0.946349 2.843544 
1.999998 4.655000 2.028615 0.944320 2.843544 
1.999998 4.645000 2.028615 0.942292 2.843544 
1.999998 4.635000 2.028615 0.940263 2.843544 
1.999998 4.625000 2.028615 0.938235 2.843544 
1.999998 4.615000 2.028615 0.936206 2.843544 
1.999998 4.605000 2.028615 0.934177 2.843544 
1.999998 4.595000 2.028615 0.932149 2.843544 
1.999998 4.585000 2.028615 0.930120 2.843544 
1.999998 4.575000 2.028615 0.928091 2.843544 
1.999998 4.565000 2.028615 0.926063 2.843544 
1.999998 4.555000 2.028615 0.924034 2.843544 
1.999998 4.545000 2.028615 0.922006 2.843544 
1.999998 4.535000 2.028615 0.919977 2.843544 
1.999998 4.525000 2.028615 0.917948 2.843544 
1.999998 4.515000 2.028615 0.915920 2.843544 
1.999998 4.505000 2.028615 0.913891 2.843544 
1.999998 4.495000 2.028615 0.911863 2.843544 
1.999998 4.485000 2.028615 0.909834 2.843544 
1.999998 4.475000 2.028615 0.907805 2.843544 
1.999998 4.465000 2.028615 0.905777 2.843544 
1.999998 4.455000 2.028615 0.903748 2.843544 
1.999998 4.445000 2.028615 0.901719 2.843544 
1.999998 4.435000 2.028615 0.899691 2.843544 
1.999998 4.425000 2.028615 0.897662 2.843544 
1.999998 4.415000 2.028615 0.895634 2.843544 
1.999998 4.405000 2.028615 0.893605 2.843544 
1.999998 4.395000 2.028615 0.891576 2.843544 
1.999998 4.385000 2.028615 0.889548 2.843544 
1.999998 4.375000 2.028615 0.887519 2.843544 
1.999998 4.365000 2.028615 0.885491 2.843544 
1.999998 4.355000 2.028615 0.883462 2.843544 
1.999998 4.345000 2.028615 0.881433 2.843544 
1.999998 4.335000 2.028615 0.879405 2.843544 
1.999998 4.325000 2.028615 0.877376 2.843544 
1.999998 4.315000 2.028615 0.875347 2.843544 
1.999998 4.305000 2.028615 0.873319 2.843544 
1.999998 4.295000 2.028615 0.871290 2.843544 
1.999998 4.285000 2.028615 0.869262 2.843544 
1.999998 4.275000 2.028615 0.867233 2.843544 
1.999998 4.265000 2.028615 0.865204 2.843544 
1.999998 4.255000 2.028615 0.863176 2.843544 
1.999998 4.245000 2.028615 0.861147 2.843544 
1.999998 4.235000 2.028615 0.859119 2.843544 
1.999998 4.225000 2.028615 0.857090 2.843544 
1.999998 4.215000 2.028615 0.855061 2.843544 
1.999998 4.205000 2.028615 0.853033 2.843544 
1.999998 4.195000 2.028615 0.851004 2.843544 
1.999998 4.185000 2.028615 0.848975 2.843544 
1.999998 4.175000 2.028615 0.846947 2.843544 
1.999998 4.165000 2.028615 0.844918 2.843544 
1.999998 4.155000 2.028615 0.842890 2.843544 
1.999998 4.145000 2.028615 0.840861 2.843544 
1.999998 4.135000 2.028615 0.838832 2.843544 
1.999998 4.125000 2.028615 0.836804 2.843544 
1.999998 4.115000 2.028615 0.834775 2.843544 
1.999998 4.105000 2.028615 0.832747 2.843544 
1.999998 4.095000 2.028615 0.830718 2.843544 
1.999998 4.085000 2.028615 0.828689 2.843544 
1.999998 4.075000 2.028615 0.826661 2.843544 
1.999998 4.065000 2.028615 0.824632 2.843544 
1.999998 4.055000 2.028615 0.822603 2.843544 
1.999998 4.045000 2.028615 0.820575 2.843544 
1.999998 4.035000 2.028615 0.818546 2.843544 
1.999998 4.025000 2.028615 0.816518 2.843544 
1.999998 4.015000 2.028615 0.814489 2.843544 
1.999998 4.005000 2.028615 0.812460 2.843544 
1.999998 3.995000 2.028615 0.810432 2.843544 
1.999998 3.985000 2.028615 0.808403 2.843544 
1.999998 3.975000 2.028615 0.806375 2.843544 
1.999998 3.965000 2.028615 0.804346 2.843544 
1.999998 3.955000 2.028615 0.802317 2.843544 
1.999998 3.945000 2.028615 0.800289 2.843544 
1.999998 3.935000 2.028615 0.798260 2.843544 
1.999998 3.925000 2.028615 0.796231 2.843544 
1.999998 3.915000 2.028615 0.794203 2.843544 
1.999998 3.905000 2.028615 0.792174 2.843544 
1.999998 3.895000 2.028615 0.790146 2.843544 
1.999998 3.885000 2.028615 0.788117 2.843544 
1.999998 3.875000 2.028615 0.786088 2.843544 
1.999998 3.865000 2.028615 0.784060 2.843544 
1.999998 3.855000 2.028615 0.782031 2.843544 
1.999998 3.845000 2.028615 0.780003 2.843544 
1.999998 3.835000 2.028615 0.777974 2.843544 
1.999998 3.825000 2.028615 0.775945 2.843544 
1.999998 3.815000 2.028615 0.773917 2.843544 
1.999998 3.805000 2.028615 0.771888 2.843544 
1.999998 3.795000 2.028615 0.769859 2.843544 
1.999998 3.785000 2.028615 0.767831 2.843544 
1.999998 3.775000 2.028615 0.765802 2.843544 
1.999998 3.765000 2.028615 0.763774 2.843544 
1.999998 3.755000 2.028615 0.761745 2.843544 
1.999998 3.745000 2.028615 0.759716 2.843544 
1.999998 3.735000 2.028615 0.757688 2.843544 
1.999998 3.725000 2.028615 0.755659 2.843544 
1.999998 3.715000 2.028615 0.753631 2.843544 
1.999998 3.705000 2.028615 0.751602 2.843544 
1.999998 3.695000 2.028615 0.749573 2.843544 
1.999998 3.685000 2.028615 0.747545 2.843544 
1.999998 3.675000 2.028615 0.745516 2.843544 
1.999998 3.665000 2.028615 0.743487 2.843544 
1.999998 3.655000 2.028615 0.741459 2.843544 
1.999998 3.645000 2.028615 0.739430 2.843544 
1.999998 3.635000 2.028615 0.737402 2.843544 
1.999998 3.625000 2.028615 0.735373 2.843544 
1.999998 3.615000 2.028615 0.733344 2.843544 
1.999998 3.605000 2.028615 0.731316 2.843544 
1.999998 3.595000 2.028615 0.729287 2.843544 
1.999998 3.585000 2.028615 0.727259 2.843544 
1.999998 3.575000 2.028615 0.725230 2.843544 
1.999998 3.565000 2.028615 0.723201 2.843544 
1.999998 3.555000 2.028615 0.721173 2.843544 
1.999998 3.545000 2.028615 0.719144 2.843544 
1.999998 3.535000 2.028615 0.717115 2.843544 
1.999998 3.525000 2.028615 0.715087 2.843544 
1.999998 3.515000 2.028615 0.713058 2.843544 
1.999998 3.505000 2.028615 0.711030 2.843544 
1.999998 3.495000 2.028615 0.709001 2.843544 
1.999998 3.485000 2.028615 0.706972 2.843544 
1.999998 3.475000 2.028615 0.704944 2.843544 
1.999998 3.465000 2.028615 0.702915 2.843544 
1.999998 3.455000 2.028615 0.700887 2.843544 
1.999998 3.445000 2.028615 0.698858 2.843544 
1.999998 3.435000 2.028615 0.696829 2.843544 
1.999998 3.425000 2.028615 0.694801 2.843544 
1.999998 3.415000 2.028615 0.692772 2.843544 
1.999998 3.405000 2.028615 0.690743 2.843544 
1.999998 3.395000 2.028615 0.688715 2.843544 
1.999998 3.385000 2.028615 0.686686 2.843544 
1.999998 3.375000 2.028615 0.684658 2.843544 
1.999998 3.365000 2.028615 0.682629 2.843544 
1.999998 3.355000 2.028615 0.680600 2.843544 
1.999998 3.345000 2.028615 0.678572 2.843544 
1.999998 3.335000 2.028615 0.676543 2.843544 
1.999998 3.325000 2.028615 0.674515 2.843544 
1.999998 3.315000 2.028615 0.672486 2.843544 
1.999998 3.305000 2.028615 0.670457 2.843544 
1.999998 3.295000 2.028615 0.668429 2.843544 
1.999998 3.285000 2.028615 0.666400 2.843544 
1.999998 3.275000 2.028615 0.664371 2.843544 
1.999998 3.265000 2.028615 0.662343 2.843544 
1.999998 3.255000 2.028615 0.660314 2.843544 
1.999998 3.245000 2.028615 0.658286 2.843544 
1.999998 3.235000 2.028615 0.656257 2.843544 
1.999998 3.225000 2.028615 0.654228 2.843544 
1.999998 3.215000 2.028615 0.652200 2.843544 
1.999998 3.205000 2.028615 0.650171 2.843544 
1.999998 3.195000 2.028615 0.648143 2.843544 
1.999998 3.185000 2.028615 0.646114 2.843544 
1.999998 3.175000 2.028615 0.644085 2.843544 
1.999998 3.165000 2.028615 0.642057 2.843544 
1.999998 3.155000 2.028615 0.640028 2.843544 
1.999998 3.145000 2.028615 0.637999 2.843544 
1.999998 3.135000 2.028615 0.635971 2.843544 
1.999998 3.125000 2.028615 0.633942 2.843544 
1.999998 3.115000 2.028615 0.631914 2.843544 
1.999998 3.105000 2.028615 0.629885 2.843544 
1.999998 3.095000 2.028615 0.627856 2.843544 
1.999998 3.085000 2.028615 0.625828 2.843544 
1.999998 3.075000 2.028615 0.623799 2.843544 
1.999998 3.065000 2.028615 0.621771 2.843544 
1.999998 3.055000 2.028615 0.619742 2.843544 
1.999998 3.045000 2.028615 0.617713 2.843544 
1.999998 3.035000 2.028615 0.615685 2.843544 
1.999998 3.025000 2.028615 0.613656 2.843544 
1.999998 3.015000 2.028615 0.611627 2.843544 
1.999998 3.005000 2.028615 0.609599 2.843544 
1.999998 2.995000 2.028615 0.607570 2.843544 
1.999998 2.985000 2.028615 0.605542 2.843544 
1.999998 2.975000 2.028615 0.603513 2.843544 
1.999998 2.965000 2.028615 0.601484 2.843544 
1.999998 2.955000 2.028615 0.599456 2.843544 
1.999998 2.945000 2.028615 0.597427 2.843544 
1.999998 2.935000 2.028615 0.595399 2.843544 
1.999998 2.925000 2.028615 0.593370 2.843544 
1.999998 2.915000 2.028615 0.591341 2.843544 
1.999998 2.905000 2.028615 0.589313 2.843544 
1.999998 2.895000 2.028615 0.587284 2.843544 
1.999998 2.885000 2.028615 0.585255 2.843544 
1.999998 2.875000 2.028615 0.583227 2.843544 
1.999998 2.865000 2.028615 0.581198 2.843544 
1.999998 2.855000 2.028615 0.579170 2.843544 
1.999998 2.845000 2.028615 0.577141 2.843544 
1.999989 2.835000 2.028615 0.575112 2.246864 
1.999989 2.825000 2.028615 0.573084 2.246864 
1.999989 2.815000 2.028615 0.571055 2.246864 
1.999989 2.805000 2.028615 0.569027 2.246864 
1.999989 2.795000 2.028615 0.566998 2.246864 
1.999989 2.785000 2.028615 0.564969 2.246864 
1.999989 2.775000 2.028615 0.562941 2.246864 
1.999989 2.765000 2.028615 0.560912 2.246864 
1.999989 2.755000 2.028615 0.558883 2.246864 
1.999989 2.745000 2.028615 0.556855 2.246864 
1.999989 2.735000 2.028615 0.554826 2.246864 
1.999989 2.725000 2.028615 0.552798 2.246864 
1.999989 2.715000 2.028615 0.550769 2.246864 
1.999989 2.705000 2.028615 0.548740 2.246864 
1.999989 2.695000 2.028615 0.546712 2.246864 
1.999989 2.685000 2.028615 0.544683 2.246864 
1.999989 2.675000 2.028615 0.542655 2.246864 
1.999989 2.665000 2.028615 0.540626 2.246864 
1.999989 2.655000 2.028615 0.538597 2.246864 
1.999989 2.645000 2.028615 0.536569 2.246864 
1.999989 2.635000 2.028615 0.534540 2.246864 
1.999989 2.625000 2.028615 0.532511 2.246864 
1.999989 2.615000 2.028615 0.530483 2.246864 
1.999989 2.605000 2.028615 0.528454 2.246864 
1.999989 2.595000 2.028615 0.526426 2.246864 
1.999989 2.585000 2.028615 0.524397 2.246864 
1.999989 2.575000 2.028615 0.522368 2.246864 
1.999989 2.565000 2.028615 0.520340 2.246864 
1.999989 2.555000 2.028615 0.518311 2.246864 
1.999989 2.545000 2.028615 0.516283 2.246864 
1.999989 2.535000 2.028615 0.514254 2.246864 
1.999989 2.525000 2.028615 0.512225 2.246864 
1.999989 2.515000 2.028615 0.510197 2.246864 
1.999989 2.505000 2.028615 0.508168 2.246864 
1.999989 2.495000 2.028615 0.506139 2.246864 
1.999989 2.485000 2.028615 0.504111 2.246864 
1.999989 2.475000 2.028615 0.502082 2.246864 
1.999989 2.465000 2.028615 0.500054 2.246864 
1.999989 2.455000 2.028615 0.498025 2.246864 
1.999989 2.445000 2.028615 0.495996 2.246864 
1.999989 2.435000 2.028615 0.493968 2.246864 
1.999989 2.425000 2.028615 0.491939 2.246864 
1.999989 2.415000 2.028615 0.489911 2.246864 
1.999989 2.405000 2.028615 0.487882 2.246864 
1.999989 2.395000 2.028615 0.485853 2.246864 
1.999989 2.385000 2.028615 0.483825 2.246864 
1.999989 2.375000 2.028615 0.481796 2.246864 
1.999989 2.365000 2.028615 0.479767 2.246864 
1.999989 2.355000 2.028615 0.477739 2.246864 
1.999989 2.345000 2.028615 0.475710 2.246864 
1.999989 2.335000 2.028615 0.473682 2.246864 
1.999989 2.325000 2.028615 0.471653 2.246864 
1.999989 2.315000 2.028615 0.469624 2.246864 
1.999989 2.305000 2.028615 0.467596 2.246864 
1.999989 2.295000 2.028615 0.465567 2.246864 
1.999989 2.285000 2.028615 0.463539 2.246864 
1.999989 2.275000 2.028615 0.461510 2.246864 
1.999989 2.265000 2.028615 0.459481 2.246864 
1.999989 2.255000 2.028615 0.457453 2.246864 
1.999970 2.245000 2.028615 0.455424 1.937113 
1.999970 2.235000 2.028615 0.453395 1.937113 
1.999970 2.225000 2.028615 0.451367 1.937113 
1.999970 2.215000 2.028615 0.449338 1.937113 
1.999970 2.205000 2.028615 0.447310 1.937113 
1.999970 2.195000 2.028615 0.445281 1.937113 
1.999970 2.185000 2.028615 0.443252 1.937113 
1.999970 2.175000 2.028615 0.441224 1.937113 
1.999970 2.165000 2.028615 0.439195 1.937113 
1.999970 2.155000 2.028615 0.437167 1.937113 
1.999970 2.145000 2.028615 0.435138 1.937113 
1.999970 2.135000 2.028615 0.433109 1.937113 
1.999970 2.125000 2.028615 0.431081 1.937113 
1.999970 2.115000 2.028615 0.429052 1.937113 
1.999970 2.105000 2.028615 0.427023 1.937113 
1.999970 2.095000 2.028615 0.424995 1.937113 
1.999970 2.085000 2.028615 0.422966 1.937113 
1.999970 2.075000 2.028615 0.420938 1.937113 
1.999970 2.065000 2.028615 0.418909 1.937113 
1.999970 2.055000 2.028615 0.416880 1.937113 
1.999970 2.045000 2.028615 0.414852 1.937113 
1.999970 2.035000 2.028615 0.412823 1.937113 
1.999970 2.025000 2.028615 0.410795 1.937113 
1.999970 2.015000 2.028615 0.408766 1.937113 
1.999970 2.005000 2.028615 0.406737 1.937113 
1.999970 1.995000 2.028615 0.404709 1.937113 
1.999970 1.985000 2.028615 0.402680 1.937113 
1.999970 1.975000 2.028615 0.400651 1.937113 
1.999970 1.965000 2.028615 0.398623 1.937113 
1.999970 1.955000 2.028615 0.396594 1.937113 
1.999970 1.945000 2.028615 0.394566 1.937113 
1.999944 1.935000 2.028615 0.392537 1.726439 
1.999944 1.925000 2.028615 0.390508 1.726439 
1.999944 1.915000 2.028615 0.388480 1.726439 
1.999944 1.905000 2.028615 0.386451 1.726439 
1.999944 1.895000 2.028615 0.384423 1.726439 
1.999944 1.885000 2.028615 0.382394 1.726439 
1.999944 1.875000 2.028615 0.380365 1.726439 
1.999944 1.865000 2.028615 0.378337 1.726439 
1.999944 1.855000 2.028615 0.376308 1.726439 
1.999944 1.845000 2.028615 0.374279 1.726439 
1.999944 1.835000 2.028615 0.372251 1.726439 
1.999944 1.825000 2.028615 0.370222 1.726439 
1.999944 1.815000 2.028615 0.368194 1.726439 
1.999944 1.805000 2.028615 0.366165 1.726439 
1.999944 1.795000 2.028615 0.364136 1.726439 
1.999944 1.785000 2.028615 0.362108 1.726439 
1.999944 1.775000 2.028615 0.360079 1.726439 
1.999944 1.765000 2.028615 0.358051 1.726439 
1.999944 1.755000 2.028615 0.356022 1.726439 
1.999944 1.745000 2.028615 0.353993 1.726439 
1.999944 1.735000 2.028615 0.351965 1.726439 
1.999909 1.725000 2.028615 0.349936 1.566588 
1.999909 1.715000 2.028615 0.347907 1.566588 
1.999909 1.705000 2.028615 0.345879 1.566588 
1.999909 1.695000 2.028615 0.343850 1.566588 
1.999909 1.685000 2.028615 0.341822 1.566588 
1.999909 1.675000 2.028615 0.339793 1.566588 
1.999909 1.665000 2.028615 0.337764 1.566588 
1.999909 1.655000 2.028615 0.335736 1.566588 
1.999909 1.645000 2.028615 0.333707 1.566588 
1.999909 1.635000 2.028615 0.331679 1.566588 
1.999909 1.625000 2.028615 0.329650 1.566588 
1.999909 1.615000 2.028615 0.327621 1.566588 
1.999909 1.605000 2.028615 0.325593 1.566588 
1.999909 1.595000 2.028615 0.323564 1.566588 
1.999909 1.585000 2.028615 0.321536 1.566588 
1.999909 1.575000 2.028615 0.319507 1.566588 
1.999866 1.565000 2.028615 0.317478 1.437740 
1.999866 1.555000 2.028615 0.315450 1.437740 
1.999866 1.545000 2.028615 0.313421 1.437740 
1.999866 1.535000 2.028615 0.311392 1.437740 
1.999866 1.525000 2.028615 0.309364 1.437740 
1.999866 1.515000 2.028615 0.307335 1.437740 
1.999866 1.505000 2.028615 0.305307 1.437740 
1.999866 1.495000 2.028615 0.303278 1.437740 
1.999866 1.485000 2.028615 0.301249 1.437740 
1.999866 1.475000 2.028615 0.299221 1.437740 
1.999866 1.465000 2.028615 0.297192 1.437740 
1.999866 1.455000 2.028615 0.295164 1.437740 
1.999866 1.445000 2.028615 0.293135 1.437740 
1.999815 1.435000 2.028615 0.291106 1.329797 
1.999815 1.425000 2.028615 0.289078 1.329797 
1.999815 1.415000 2.028615 0.287049 1.329797 
1.999815 1.405000 2.028615 0.285020 1.329797 
1.999815 1.395000 2.028615 0.282992 1.329797 
1.999815 1.385000 2.028615 0.280963 1.329797 
1.999815 1.375000 2.028615 0.278935 1.329797 
1.999815 1.365000 2.028615 0.276906 1.329797 
1.999815 1.355000 2.028615 0.274877 1.329797 
1.999815 1.345000 2.028615 0.272849 1.329797 
1.999815 1.335000 2.028615 0.270820 1.329797 
1.999756 1.325000 2.028615 0.268792 1.236911 
1.999756 1.315000 2.028615 0.266763 1.236911 
1.999756 1.305000 2.028615 0.264734 1.236911 
1.999756 1.295000 2.028615 0.262706 1.236911 
1.999756 1.285000 2.028615 0.260677 1.236911 
1.999756 1.275000 2.028615 0.258648 1.236911 
1.999756 1.265000 2.028615 0.256620 1.236911 
1.999756 1.255000 2.028615 0.254591 1.236911 
1.999756 1.245000 2.028615 0.252563 1.236911 
1.999688 1.235000 2.028615 0.250534 1.155389 
1.999688 1.225000 2.028615 0.248505 1.155389 
1.999688 1.215000 2.028615 0.246477 1.155389 
1.999688 1.205000 2.028615 0.244448 1.155389 
1.999688 1.195000 2.028615 0.242420 1.155389 
1.999688 1.185000 2.028615 0.240391 1.155389 
1.999688 1.175000 2.028615 0.238362 1.155389 
1.999688 1.165000 2.028615 0.236334 1.155389 
1.999612 1.155000 2.028615 0.234305 1.082748 
1.999612 1.145000 2.028615 0.232276 1.082748 
1.999612 1.135000 2.028615 0.230248 1.082748 
1.999612 1.125000 2.028615 0.228219 1.082748 
1.999612 1.115000 2.028615 0.226191 1.082748 
1.999612 1.105000 2.028615 0.224162 1.082748 
1.999612 1.095000 2.028615 0.222133 1.082748 
1.999612 1.085000 2.028615 0.220105 1.082748 
1.999528 1.075000 2.028615 0.218076 1.017240 
1.999528 1.065000 2.028615 0.216048 1.017240 
1.999528 1.055000 2.028615 0.214019 1.017240 
1.999528 1.045000 2.028615 0.211990 1.017240 
1.999528 1.035000 2.028615 0.209962 1.017240 
1.999528 1.025000 2.028615 0.207933 1.017240 
1.999435 1.015000 2.028615 0.205904 0.957588 
1.999435 1.005000 2.028615 0.203876 0.957588 
1.999435 0.995000 2.028615 0.201847 0.957588 
1.999435 0.985000 2.028615 0.199819 0.957588 
1.999435 0.975000 2.028615 0.197790 0.957588 
1.999435 0.965000 2.028615 0.195761 0.957588 
1.999334 0.955000 2.028615 0.193733 0.902827 
1.999334 0.945000 2.028615 0.191704 0.902827 
1.999334 0.935000 2.028615 0.189676 0.902827 
1.999334 0.925000 2.028615 0.187647 0.902827 
1.999334 0.915000 2.028615 0.185618 0.902827 
1.999334 0.905000 2.028615 0.183590 0.902827 
1.999225 0.895000 2.028615 0.181561 0.852214 
1.999225 0.885000 2.028615 0.179532 0.852214 
1.999225 0.875000 2.028615 0.177504 0.852214 
1.999225 0.865000 2.028615 0.175475 0.852214 
1.999225 0.855000 2.028615 0.173447 0.852214 
1.999108 0.845000 2.028615 0.171418 0.805164 
1.999108 0.835000 2.028615 0.169389 0.805164 
1.999108 0.825000 2.028615 0.167361 0.805164 
1.999108 0.815000 2.028615 0.165332 0.805164 
1.998982 0.805000 2.028615 0.163304 0.761207 
1.998982 0.795000 2.028615 0.161275 0.761207 
1.998982 0.785000 2.028615 0.159246 0.761207 
1.998982 0.775000 2.028615 0.157218 0.761207 
1.998982 0.765000 2.028615 0.155189 0.761207 
1.998848 0.755000 2.028615 0.153160 0.719959 
1.998848 0.745000 2.028615 0.151132 0.719959 
1.998848 0.735000 2.028615 0.149103 0.719959 
1.998848 0.725000 2.028615 0.147075 0.719959 
1.998706 0.715000 2.028615 0.145046 0.681105 
1.998706 0.705000 2.028615 0.143017 0.681105 
1.998706 0.695000 2.028615 0.140989 0.681105 
1.998706 0.685000 2.028615 0.138960 0.681105 
1.998555 0.675000 2.028615 0.136932 0.644380 
1.998555 0.665000 2.028615 0.134903 0.644380 
1.998555 0.655000 2.028615 0.132874 0.644380 
1.998555 0.645000 2.028615 0.130846 0.644380 
1.998397 0.635000 2.028615 0.128817 0.609563 
1.998397 0.625000 2.028615 0.126788 0.609563 
1.998397 0.615000 2.028615 0.124760 0.609563 
1.998229 0.605000 2.028615 0.122731 0.576464 
1.998229 0.595000 2.028615 0.120703 0.576464 
1.998229 0.585000 2.028615 0.118674 0.576464 
1.998054 0.575000 2.028615 0.116645 0.544921 
1.998054 0.565000 2.028615 0.114617 0.544921 
1.998054 0.555000 2.028615 0.112588 0.544921 
1.998054 0.545000 2.028615 0.110560 0.544921 
1.997870 0.535000 2.028615 0.108531 0.514792 
1.997870 0.525000 2.028615 0.106502 0.514792 
1.997870 0.515000 2.028615 0.104474 0.514792 
1.997679 0.505000 2.028615 0.102445 0.485955 
1.997679 0.495000 2.028615 0.100416 0.485955 
1.997478 0.485000 2.028615 0.098388 0.458304 
1.997478 0.475000 2.028615 0.096359 0.458304 
1.997478 0.465000 2.028615 0.094331 0.458304 
1.997270 0.455000 2.028615 0.092302 0.431744 
1.997270 0.445000 2.028615 0.090273 0.431744 
1.997270 0.435000 2.028615 0.088245 0.431744 
1.997053 0.425000 2.028615 0.086216 0.406190 
1.997053 0.415000 2.028615 0.084188 0.406190 
1.996828 0.405000 2.028615 0.082159 0.381569 
1.996828 0.395000 2.028615 0.080130 0.381569 
1.996828 0.385000 2.028615 0.078102 0.381569 
1.996595 0.375000 2.028615 0.076073 0.357815 
1.996595 0.365000 2.028615 0.074044 0.357815 
1.996353 0.355000 2.028615 0.072016 0.334868 
1.996353 0.345000 2.028615 0.069987 0.334868 
1.996353 0.335000 2.028615 0.067959 0.334868 
1.996103 0.325000 2.028615 0.065930 0.312673 
1.996103 0.315000 2.028615 0.063901 0.312673 
1.995845 0.305000 2.028615 0.061873 0.291183 
1.995845 0.295000 2.028615 0.059844 0.291183 
1.995578 0.285000 2.028615 0.057816 0.270353 
1.995578 0.275000 2.028615 0.055787 0.270353 
1.995303 0.265000 2.028615 0.053758 0.250143 
1.995303 0.255000 2.028615 0.051730 0.250143 
1.995020 0.245000 2.028615 0.049701 0.230518 
1.995020 0.235000 2.028615 0.047672 0.230518 
1.994729 0.225000 2.028615 0.045644 0.211443 
1.994729 0.215000 2.028615 0.043615 0.211443 
1.994429 0.205000 2.028615 0.041587 0.192888 
1.994429 0.195000 2.028615 0.039558 0.192888 
1.994121 0.185000 2.028615 0.037529 0.174824 
1.994121 0.175000 2.028615 0.035501 0.174824 
1.993805 0.165000 2.028615 0.033472 0.157227 
1.993480 0.155000 2.028615 0.031444 0.140071 
1.993480 0.145000 2.028615 0.029415 0.140071 
1.993147 0.135000 2.028615 0.027386 0.123334 
1.993147 0.125000 2.028615 0.025358 0.123334 
1.992806 0.115000 2.028615 0.023329 0.106997 
1.992457 0.105000 2.028615 0.021300 0.091040 
1.992457 0.095000 2.028615 0.019272 0.091040 
1.992099 0.085000 2.028615 0.017243 0.075445 
1.991733 0.075000 2.028615 0.015215 0.060195 
1.991733 0.065000 2.028615 0.013186 0.060195 
1.991358 0.055000 2.028615 0.011157 0.045276 
1.990975 0.045000 2.028615 0.009129 0.030672 
1.990975 0.035000 2.028615 0.007100 0.030672 
1.990584 0.025000 2.028615 0.005072 0.016370 
1.990185 0.015000 2.028615 0.003043 0.002358 
