1.999998 9.985000 149.469642 149.245438 5.710704 
1.999998 9.975000 149.469642 149.095968 5.710704 
1.999998 9.965000 149.469642 148.946499 5.710704 
1.999998 9.955000 149.469642 148.797029 5.710704 
1.999998 9.945000 149.469642 148.647559 5.710704 
1.999998 9.935000 149.469642 148.498090 5.710704 
1.999998 9.925000 149.469642 148.348620 5.710704 
1.999998 9.915000 149.469642 148.199150 5.710704 
1.999998 9.905000 149.469642 148.049681 5.710704 
1.999998 9.895000 149.469642 147.900211 5.710704 
1.999998 9.885000 149.469642 147.750741 5.710704 
1.999998 9.875000 149.469642 147.601272 5.710704 
1.999998 9.865000 149.469642 147.451802 5.710704 
1.999998 9.855000 149.469642 147.302333 5.710704 
1.999998 9.845000 149.469642 147.152863 5.710704 
1.999998 9.835000 149.469642 147.003393 5.710704 
1.999998 9.825000 149.469642 146.853924 5.710704 
1.999998 9.815000 149.469642 146.704454 5.710704 
1.999998 9.805000 149.469642 146.554984 5.710704 
1.999998 9.795000 149.469642 146.405515 5.710704 
1.999998 9.785000 149.469642 146.256045 5.710704 
1.999998 9.775000 149.469642 146.106575 5.710704 
1.999998 9.765000 149.469642 145.957106 5.710704 
1.999998 9.755000 149.469642 145.807636 5.710704 
1.999998 9.745000 149.469642 145.658166 5.710704 
1.999998 9.735000 149.469642 145.508697 5.710704 
1.999998 9.725000 149.469642 145.359227 5.710704 
1.999998 9.715000 149.469642 145.209758 5.710704 
1.999998 9.705000 149.469642 145.060288 5.710704 
1.999998 9.695000 149.469642 144.910818 5.710704 
1.999998 9.685000 149.469642 144.761349 5.710704 
1.999998 9.675000 149.469642 144.611879 5.710704 
1.999998 9.665000 149.469642 144.462409 5.710704 
1.999998 9.655000 149.469642 144.312940 5.710704 
1.999998 9.645000 149.469642 144.163470 5.710704 
1.999998 9.635000 149.469642 144.014000 5.710704 
1.999998 9.625000 149.469642 143.864531 5.710704 
1.999998 9.615000 149.469642 143.715061 5.710704 
1.999998 9.605000 149.469642 143.565591 5.710704 
1.999998 9.595000 149.469642 143.416122 5.710704 
1.999998 9.585000 149.469642 143.266652 5.710704 
1.999998 9.575000 149.469642 143.117183 5.710704 
1.999998 9.565000 149.469642 142.967713 5.710704 
1.999998 9.555000 149.469642 142.818243 5.710704 
1.999998 9.545000 149.469642 142.668774 5.710704 
1.999998 9.535000 149.469642 142.519304 5.710704 
1.999998 9.525000 149.469642 142.369834 5.710704 
1.999998 9.515000 149.469642 142.220365 5.710704 
1.999998 9.505000 149.469642 142.070895 5.710704 
1.999998 9.495000 149.469642 141.921425 5.710704 
1.999998 9.485000 149.469642 141.771956 5.710704 
1.999998 9.475000 149.469642 141.622486 5.710704 
1.999998 9.465000 149.469642 141.473017 5.710704 
1.999998 9.455000 149.469642 141.323547 5.710704 
1.999998 9.445000 149.469642 141.174077 5.710704 
1.999998 9.435000 149.469642 141.024608 5.710704 
1.999998 9.425000 149.469642 140.875138 5.710704 
1.999998 9.415000 149.469642 140.725668 5.710704 
1.999998 9.405000 149.469642 140.576199 5.710704 
1.999998 9.395000 149.469642 140.426729 5.710704 
1.999998 9.385000 149.469642 140.277259 5.710704 
1.999998 9.375000 149.469642 140.127790 5.710704 
1.999998 9.365000 149.469642 139.978320 5.710704 
1.999998 9.355000 149.469642 139.828850 5.710704 
1.999998 9.345000 149.469642 139.679381 5.710704 
1.999998 9.335000 149.469642 139.529911 5.710704 
1.999998 9.325000 149.469642 139.380442 5.710704 
1.999998 9.315000 149.469642 139.230972 5.710704 
1.999998 9.305000 149.469642 139.081502 5.710704 
1.999998 9.295000 149.469642 138.932033 5.710704 
1.999998 9.285000 149.469642 138.782563 5.710704 
1.999998 9.275000 149.469642 138.633093 5.710704 
1.999998 9.265000 149.469642 138.483624 5.710704 
1.999998 9.255000 149.469642 138.334154 5.710704 
1.999998 9.245000 149.469642 138.184684 5.710704 
1.999998 9.235000 149.469642 138.035215 5.710704 
1.999998 9.225000 149.469642 137.885745 5.710704 
1.999998 9.215000 149.469642 137.736275 5.710704 
1.999998 9.205000 149.469642 137.586806 5.710704 
1.999998 9.195000 149.469642 137.437336 5.710704 
1.999998 9.185000 149.469642 137.287867 5.710704 
1.999998 9.175000 149.469642 137.138397 5.710704 
1.999998 9.165000 149.469642 136.988927 5.710704 
1.999998 9.155000 149.469642 136.839458 5.710704 
1.999998 9.145000 149.469642 136.689988 5.710704 
1.999998 9.135000 149.469642 136.540518 5.710704 
1.999998 9.125000 149.469642 136.391049 5.710704 
1.999998 9.115000 149.469642 136.241579 5.710704 
1.999998 9.105000 149.469642 136.092109 5.710704 
1.999998 9.095000 149.469642 135.942640 5.710704 
1.999998 9.085000 149.469642 135.793170 5.710704 
1.999998 9.075000 149.469642 135.643700 5.710704 
1.999998 9.065000 149.469642 135.494231 5.710704 
1.999998 9.055000 149.469642 135.344761 5.710704 
1.999998 9.045000 149.469642 135.195292 5.710704 
1.999998 9.035000 149.469642 135.045822 5.710704 
1.999998 9.025000 149.469642 134.896352 5.710704 
1.999998 9.015000 149.469642 134.746883 5.710704 
1.999998 9.005000 149.469642 134.597413 5.710704 
1.999998 8.995000 149.469642 134.447943 5.710704 
1.999998 8.985000 149.469642 134.298474 5.710704 
1.999998 8.975000 149.469642 134.149004 5.710704 
1.999998 8.965000 149.469642 133.999534 5.710704 
1.999998 8.955000 149.469642 133.850065 5.710704 
1.999998 8.945000 149.469642 133.700595 5.710704 
1.999998 8.935000 149.469642 133.551125 5.710704 
1.999998 8.925000 149.469642 133.401656 5.710704 
1.999998 8.915000 149.469642 133.252186 5.710704 
1.999998 8.905000 149.469642 133.102717 5.710704 
1.999998 8.895000 149.469642 132.953247 5.710704 
1.999998 8.885000 149.469642 132.803777 5.710704 
1.999998 8.875000 149.469642 132.654308 5.710704 
1.999998 8.865000 149.469642 132.504838 5.710704 
1.999998 8.855000 149.469642 132.355368 5.710704 
1.999998 8.845000 149.469642 132.205899 5.710704 
1.999998 8.835000 149.469642 132.056429 5.710704 
1.999998 8.825000 149.469642 131.906959 5.710704 
1.999998 8.815000 149.469642 131.757490 5.710704 
1.999998 8.805000 149.469642 131.608020 5.710704 
1.999998 8.795000 149.469642 131.458550 5.710704 
1.999998 8.785000 149.469642 131.309081 5.710704 
1.999998 8.775000 149.469642 131.159611 5.710704 
1.999998 8.765000 149.469642 131.010142 5.710704 
1.999998 8.755000 149.469642 130.860672 5.710704 
1.999998 8.745000 149.469642 130.711202 5.710704 
1.999998 8.735000 149.469642 130.561733 5.710704 
1.999998 8.725000 149.469642 130.412263 5.710704 
1.999998 8.715000 149.469642 130.262793 5.710704 
1.999998 8.705000 149.469642 130.113324 5.710704 
1.999998 8.695000 149.469642 129.963854 5.710704 
1.999998 8.685000 149.469642 129.814384 5.710704 
1.999998 8.675000 149.469642 129.664915 5.710704 
1.999998 8.665000 149.469642 129.515445 5.710704 
1.999998 8.655000 149.469642 129.365975 5.710704 
1.999998 8.645000 149.469642 129.216506 5.710704 
1.999998 8.635000 149.469642 129.067036 5.710704 
1.999998 8.625000 149.469642 128.917567 5.710704 
1.999998 8.615000 149.469642 128.768097 5.710704 
1.999998 8.605000 149.469642 128.618627 5.710704 
1.999998 8.595000 149.469642 128.469158 5.710704 
1.999998 8.585000 149.469642 128.319688 5.710704 
1.999998 8.575000 149.469642 128.170218 5.710704 
1.999998 8.565000 149.469642 128.020749 5.710704 
1.999998 8.555000 149.469642 127.871279 5.710704 
1.999998 8.545000 149.469642 127.721809 5.710704 
1.999998 8.535000 149.469642 127.572340 5.710704 
1.999998 8.525000 149.469642 127.422870 5.710704 
1.999998 8.515000 149.469642 127.273400 5.710704 
1.999998 8.505000 149.469642 127.123931 5.710704 
1.999998 8.495000 149.469642 126.974461 5.710704 
1.999998 8.485000 149.469642 126.824992 5.710704 
1.999998 8.475000 149.469642 126.675522 5.710704 
1.999998 8.465000 149.469642 126.526052 5.710704 
1.999998 8.455000 149.469642 126.376583 5.710704 
1.999998 8.445000 149.469642 126.227113 5.710704 
1.999998 8.435000 149.469642 126.077643 5.710704 
1.999998 8.425000 149.469642 125.928174 5.710704 
1.999998 8.415000 149.469642 125.778704 5.710704 
1.999998 8.405000 149.469642 125.629234 5.710704 
1.999998 8.395000 149.469642 125.479765 5.710704 
1.999998 8.385000 149.469642 125.330295 5.710704 
1.999998 8.375000 149.469642 125.180825 5.710704 
1.999998 8.365000 149.469642 125.031356 5.710704 
1.999998 8.355000 149.469642 124.881886 5.710704 
1.999998 8.345000 149.469642 124.732417 5.710704 
1.999998 8.335000 149.469642 124.582947 5.710704 
1.999998 8.325000 149.469642 124.433477 5.710704 
1.999998 8.315000 149.469642 124.284008 5.710704 
1.999998 8.305000 149.469642 124.134538 5.710704 
1.999998 8.295000 149.469642 123.985068 5.710704 
1.999998 8.285000 149.469642 123.835599 5.710704 
1.999998 8.275000 149.469642 123.686129 5.710704 
1.999998 8.265000 149.469642 123.536659 5.710704 
1.999998 8.255000 149.469642 123.387190 5.710704 
1.999998 8.245000 149.469642 123.237720 5.710704 
1.999998 8.235000 149.469642 123.088250 5.710704 
1.999998 8.225000 149.469642 122.938781 5.710704 
1.999998 8.215000 149.469642 122.789311 5.710704 
1.999998 8.205000 149.469642 122.639842 5.710704 
1.999998 8.195000 149.469642 122.490372 5.710704 
1.999998 8.185000 149.469642 122.340902 5.710704 
1.999998 8.175000 149.469642 122.191433 5.710704 
1.999998 8.165000 149.469642 122.041963 5.710704 
1.999998 8.155000 149.469642 121.892493 5.710704 
1.999998 8.145000 149.469642 121.743024 5.710704 
1.999998 8.135000 149.469642 121.593554 5.710704 
1.999998 8.125000 149.469642 121.444084 5.710704 
1.999998 8.115000 149.469642 121.294615 5.710704 
1.999998 8.105000 149.469642 121.145145 5.710704 
1.999998 8.095000 149.469642 120.995675 5.710704 
1.999998 8.085000 149.469642 120.846206 5.710704 
1.999998 8.075000 149.469642 120.696736 5.710704 
1.999998 8.065000 149.469642 120.547267 5.710704 
1.999998 8.055000 149.469642 120.397797 5.710704 
1.999998 8.045000 149.469642 120.248327 5.710704 
1.999998 8.035000 149.469642 120.098858 5.710704 
1.999998 8.025000 149.469642 119.949388 5.710704 
1.999998 8.015000 149.469642 119.799918 5.710704 
1.999998 8.005000 149.469642 119.650449 5.710704 
1.999998 7.995000 149.469642 119.500979 5.710704 
1.999998 7.985000 149.469642 119.351509 5.710704 
1.999998 7.975000 149.469642 119.202040 5.710704 
1.999998 7.965000 149.469642 119.052570 5.710704 
1.999998 7.955000 149.469642 118.903101 5.710704 
1.999998 7.945000 149.469642 118.753631 5.710704 
1.999998 7.935000 149.469642 118.604161 5.710704 
1.999998 7.925000 149.469642 118.454692 5.710704 
1.999998 7.915000 149.469642 118.305222 5.710704 
1.999998 7.905000 149.469642 118.155752 5.710704 
1.999998 7.895000 149.469642 118.006283 5.710704 
1.999998 7.885000 149.469642 117.856813 5.710704 
1.999998 7.875000 149.469642 117.707343 5.710704 
1.999998 7.865000 149.469642 117.557874 5.710704 
1.999998 7.855000 149.469642 117.408404 5.710704 
1.999998 7.845000 149.469642 117.258934 5.710704 
1.999998 7.835000 149.469642 117.109465 5.710704 
1.999998 7.825000 149.469642 116.959995 5.710704 
1.999998 7.815000 149.469642 116.810526 5.710704 
1.999998 7.805000 149.469642 116.661056 5.710704 
1.999998 7.795000 149.469642 116.511586 5.710704 
1.999998 7.785000 149.469642 116.362117 5.710704 
1.999998 7.775000 149.469642 116.212647 5.710704 
1.999998 7.765000 149.469642 116.063177 5.710704 
1.999998 7.755000 149.469642 115.913708 5.710704 
1.999998 7.745000 149.469642 115.764238 5.710704 
1.999998 7.735000 149.469642 115.614768 5.710704 
1.999998 7.725000 149.469642 115.465299 5.710704 
1.999998 7.715000 149.469642 115.315829 5.710704 
1.999998 7.705000 149.469642 115.166359 5.710704 
1.999998 7.695000 149.469642 115.016890 5.710704 
1.999998 7.685000 149.469642 114.867420 5.710704 
1.999998 7.675000 149.469642 114.717951 5.710704 
1.999998 7.665000 149.469642 114.568481 5.710704 
1.999998 7.655000 149.469642 114.419011 5.710704 
1.999998 7.645000 149.469642 114.269542 5.710704 
1.999998 7.635000 149.469642 114.120072 5.710704 
1.999998 7.625000 149.469642 113.970602 5.710704 
1.999998 7.615000 149.469642 113.821133 5.710704 
1.999998 7.605000 149.469642 113.671663 5.710704 
1.999998 7.595000 149.469642 113.522193 5.710704 
1.999998 7.585000 149.469642 113.372724 5.710704 
1.999998 7.575000 149.469642 113.223254 5.710704 
1.999998 7.565000 149.469642 113.073784 5.710704 
1.999998 7.555000 149.469642 112.924315 5.710704 
1.999998 7.545000 149.469642 112.774845 5.710704 
1.999998 7.535000 149.469642 112.625376 5.710704 
1.999998 7.525000 149.469642 112.475906 5.710704 
1.999998 7.515000 149.469642 112.326436 5.710704 
1.999998 7.505000 149.469642 112.176967 5.710704 
1.999998 7.495000 149.469642 112.027497 5.710704 
1.999998 7.485000 149.469642 111.878027 5.710704 
1.999998 7.475000 149.469642 111.728558 5.710704 
1.999998 7.465000 149.469642 111.579088 5.710704 
1.999998 7.455000 149.469642 111.429618 5.710704 
1.999998 7.445000 149.469642 111.280149 5.710704 
1.999998 7.435000 149.469642 111.130679 5.710704 
1.999998 7.425000 149.469642 110.981209 5.710704 
1.999998 7.415000 149.469642 110.831740 5.710704 
1.999998 7.405000 149.469642 110.682270 5.710704 
1.999998 7.395000 149.469642 110.532801 5.710704 
1.999998 7.385000 149.469642 110.383331 5.710704 
1.999998 7.375000 149.469642 110.233861 5.710704 
1.999998 7.365000 149.469642 110.084392 5.710704 
1.999998 7.355000 149.469642 109.934922 5.710704 
1.999998 7.345000 149.469642 109.785452 5.710704 
1.999998 7.335000 149.469642 109.635983 5.710704 
1.999998 7.325000 149.469642 109.486513 5.710704 
1.999998 7.315000 149.469642 109.337043 5.710704 
1.999998 7.305000 149.469642 109.187574 5.710704 
1.999998 7.295000 149.469642 109.038104 5.710704 
1.999998 7.285000 149.469642 108.888634 5.710704 
1.999998 7.275000 149.469642 108.739165 5.710704 
1.999998 7.265000 149.469642 108.589695 5.710704 
1.999998 7.255000 149.469642 108.440226 5.710704 
1.999998 7.245000 149.469642 108.290756 5.710704 
1.999998 7.235000 149.469642 108.141286 5.710704 
1.999998 7.225000 149.469642 107.991817 5.710704 
1.999998 7.215000 149.469642 107.842347 5.710704 
1.999998 7.205000 149.469642 107.692877 5.710704 
1.999998 7.195000 149.469642 107.543408 5.710704 
1.999998 7.185000 149.469642 107.393938 5.710704 
1.999998 7.175000 149.469642 107.244468 5.710704 
1.999998 7.165000 149.469642 107.094999 5.710704 
1.999998 7.155000 149.469642 106.945529 5.710704 
1.999998 7.145000 149.469642 106.796059 5.710704 
1.999998 7.135000 149.469642 106.646590 5.710704 
1.999998 7.125000 149.469642 106.497120 5.710704 
1.999998 7.115000 149.469642 106.347651 5.710704 
1.999998 7.105000 149.469642 106.198181 5.710704 
1.999998 7.095000 149.469642 106.048711 5.710704 
1.999998 7.085000 149.469642 105.899242 5.710704 
1.999998 7.075000 149.469642 105.749772 5.710704 
1.999998 7.065000 149.469642 105.600302 5.710704 
1.999998 7.055000 149.469642 105.450833 5.710704 
1.999998 7.045000 149.469642 105.301363 5.710704 
1.999998 7.035000 149.469642 105.151893 5.710704 
1.999998 7.025000 149.469642 105.002424 5.710704 
1.999998 7.015000 149.469642 104.852954 5.710704 
1.999998 7.005000 149.469642 104.703484 5.710704 
1.999998 6.995000 149.469642 104.554015 5.710704 
1.999998 6.985000 149.469642 104.404545 5.710704 
1.999998 6.975000 149.469642 104.255076 5.710704 
1.999998 6.965000 149.469642 104.105606 5.710704 
1.999998 6.955000 149.469642 103.956136 5.710704 
1.999998 6.945000 149.469642 103.806667 5.710704 
1.999998 6.935000 149.469642 103.657197 5.710704 
1.999998 6.925000 149.469642 103.507727 5.710704 
1.999998 6.915000 149.469642 103.358258 5.710704 
1.999998 6.905000 149.469642 103.208788 5.710704 
1.999998 6.895000 149.469642 103.059318 5.710704 
1.999998 6.885000 149.469642 102.909849 5.710704 
1.999998 6.875000 149.469642 102.760379 5.710704 
1.999998 6.865000 149.469642 102.610909 5.710704 
1.999998 6.855000 149.469642 102.461440 5.710704 
1.999998 6.845000 149.469642 102.311970 5.710704 
1.999998 6.835000 149.469642 102.162501 5.710704 
1.999998 6.825000 149.469642 102.013031 5.710704 
1.999998 6.815000 149.469642 101.863561 5.710704 
1.999998 6.805000 149.469642 101.714092 5.710704 
1.999998 6.795000 149.469642 101.564622 5.710704 
1.999998 6.785000 149.469642 101.415152 5.710704 
1.999998 6.775000 149.469642 101.265683 5.710704 
1.999998 6.765000 149.469642 101.116213 5.710704 
1.999998 6.755000 149.469642 100.966743 5.710704 
1.999998 6.745000 149.469642 100.817274 5.710704 
1.999998 6.735000 149.469642 100.667804 5.710704 
1.999998 6.725000 149.469642 100.518334 5.710704 
1.999998 6.715000 149.469642 100.368865 5.710704 
1.999998 6.705000 149.469642 100.219395 5.710704 
1.999998 6.695000 149.469642 100.069926 5.710704 
1.999998 6.685000 149.469642 99.920456 5.710704 
1.999998 6.675000 149.469642 99.770986 5.710704 
1.999998 6.665000 149.469642 99.621517 5.710704 
1.999998 6.655000 149.469642 99.472047 5.710704 
1.999998 6.645000 149.469642 99.322577 5.710704 
1.999998 6.635000 149.469642 99.173108 5.710704 
1.999998 6.625000 149.469642 99.023638 5.710704 
1.999998 6.615000 149.469642 98.874168 5.710704 
1.999998 6.605000 149.469642 98.724699 5.710704 
1.999998 6.595000 149.469642 98.575229 5.710704 
1.999998 6.585000 149.469642 98.425760 5.710704 
1.999998 6.575000 149.469642 98.276290 5.710704 
1.999998 6.565000 149.469642 98.126820 5.710704 
1.999998 6.555000 149.469642 97.977351 5.710704 
1.999998 6.545000 149.469642 97.827881 5.710704 
1.999998 6.535000 149.469642 97.678411 5.710704 
1.999998 6.525000 149.469642 97.528942 5.710704 
1.999998 6.515000 149.469642 97.379472 5.710704 
1.999998 6.505000 149.469642 97.230002 5.710704 
1.999998 6.495000 149.469642 97.080533 5.710704 
1.999998 6.485000 149.469642 96.931063 5.710704 
1.999998 6.475000 149.469642 96.781593 5.710704 
1.999998 6.465000 149.469642 96.632124 5.710704 
1.999998 6.455000 149.469642 96.482654 5.710704 
1.999998 6.445000 149.469642 96.333185 5.710704 
1.999998 6.435000 149.469642 96.183715 5.710704 
1.999998 6.425000 149.469642 96.034245 5.710704 
1.999998 6.415000 149.469642 95.884776 5.710704 
1.999998 6.405000 149.469642 95.735306 5.710704 
1.999998 6.395000 149.469642 95.585836 5.710704 
1.999998 6.385000 149.469642 95.436367 5.710704 
1.999998 6.375000 149.469642 95.286897 5.710704 
1.999998 6.365000 149.469642 95.137427 5.710704 
1.999998 6.355000 149.469642 94.987958 5.710704 
1.999998 6.345000 149.469642 94.838488 5.710704 
1.999998 6.335000 149.469642 94.689018 5.710704 
1.999998 6.325000 149.469642 94.539549 5.710704 
1.999998 6.315000 149.469642 94.390079 5.710704 
1.999998 6.305000 149.469642 94.240610 5.710704 
1.999998 6.295000 149.469642 94.091140 5.710704 
1.999998 6.285000 149.469642 93.941670 5.710704 
1.999998 6.275000 149.469642 93.792201 5.710704 
1.999998 6.265000 149.469642 93.642731 5.710704 
1.999998 6.255000 149.469642 93.493261 5.710704 
1.999998 6.245000 149.469642 93.343792 5.710704 
1.999998 6.235000 149.469642 93.194322 5.710704 
1.999998 6.225000 149.469642 93.044852 5.710704 
1.999998 6.215000 149.469642 92.895383 5.710704 
1.999998 6.205000 149.469642 92.745913 5.710704 
1.999998 6.195000 149.469642 92.596443 5.710704 
1.999998 6.185000 149.469642 92.446974 5.710704 
1.999998 6.175000 149.469642 92.297504 5.710704 
1.999998 6.165000 149.469642 92.148035 5.710704 
1.999998 6.155000 149.469642 91.998565 5.710704 
1.999998 6.145000 149.469642 91.849095 5.710704 
1.999998 6.135000 149.469642 91.699626 5.710704 
1.999998 6.125000 149.469642 91.550156 5.710704 
1.999998 6.115000 149.469642 91.400686 5.710704 
1.999998 6.105000 149.469642 91.251217 5.710704 
1.999998 6.095000 149.469642 91.101747 5.710704 
1.999998 6.085000 149.469642 90.952277 5.710704 
1.999998 6.075000 149.469642 90.802808 5.710704 
1.999998 6.065000 149.469642 90.653338 5.710704 
1.999998 6.055000 149.469642 90.503868 5.710704 
1.999998 6.045000 149.469642 90.354399 5.710704 
1.999998 6.035000 149.469642 90.204929 5.710704 
1.999998 6.025000 149.469642 90.055460 5.710704 
1.999998 6.015000 149.469642 89.905990 5.710704 
1.999998 6.005000 149.469642 89.756520 5.710704 
1.999998 5.995000 149.469642 89.607051 5.710704 
1.999998 5.985000 149.469642 89.457581 5.710704 
1.999998 5.975000 149.469642 89.308111 5.710704 
1.999998 5.965000 149.469642 89.158642 5.710704 
1.999998 5.955000 149.469642 89.009172 5.710704 
1.999998 5.945000 149.469642 88.859702 5.710704 
1.999998 5.935000 149.469642 88.710233 5.710704 
1.999998 5.925000 149.469642 88.560763 5.710704 
1.999998 5.915000 149.469642 88.411293 5.710704 
1.999998 5.905000 149.469642 88.261824 5.710704 
1.999998 5.895000 149.469642 88.112354 5.710704 
1.999998 5.885000 149.469642 87.962885 5.710704 
1.999998 5.875000 149.469642 87.813415 5.710704 
1.999998 5.865000 149.469642 87.663945 5.710704 
1.999998 5.855000 149.469642 87.514476 5.710704 
1.999998 5.845000 149.469642 87.365006 5.710704 
1.999998 5.835000 149.469642 87.215536 5.710704 
1.999998 5.825000 149.469642 87.066067 5.710704 
1.999998 5.815000 149.469642 86.916597 5.710704 
1.999998 5.805000 149.469642 86.767127 5.710704 
1.999998 5.795000 149.469642 86.617658 5.710704 
1.999998 5.785000 149.469642 86.468188 5.710704 
1.999998 5.775000 149.469642 86.318718 5.710704 
1.999998 5.765000 149.469642 86.169249 5.710704 
1.999998 5.755000 149.469642 86.019779 5.710704 
1.999998 5.745000 149.469642 85.870310 5.710704 
1.999998 5.735000 149.469642 85.720840 5.710704 
1.999998 5.725000 149.469642 85.571370 5.710704 
1.999998 5.715000 149.469642 85.421901 5.710704 
1.999989 5.705000 149.469642 85.272431 5.114023 
1.999989 5.695000 149.469642 85.122961 5.114023 
1.999989 5.685000 149.469642 84.973492 5.114023 
1.999989 5.675000 149.469642 84.824022 5.114023 
1.999989 5.665000 149.469642 84.674552 5.114023 
1.999989 5.655000 149.469642 84.525083 5.114023 
1.999989 5.645000 149.469642 84.375613 5.114023 
1.999989 5.635000 149.469642 84.226143 5.114023 
1.999989 5.625000 149.469642 84.076674 5.114023 
1.999989 5.615000 149.469642 83.927204 5.114023 
1.999989 5.605000 149.469642 83.777735 5.114023 
1.999989 5.595000 149.469642 83.628265 5.114023 
1.999989 5.585000 149.469642 83.478795 5.114023 
1.999989 5.575000 149.469642 83.329326 5.114023 
1.999989 5.565000 149.469642 83.179856 5.114023 
1.999989 5.555000 149.469642 83.030386 5.114023 
1.999989 5.545000 149.469642 82.880917 5.114023 
1.999989 5.535000 149.469642 82.731447 5.114023 
1.999989 5.525000 149.469642 82.581977 5.114023 
1.999989 5.515000 149.469642 82.432508 5.114023 
1.999989 5.505000 149.469642 82.283038 5.114023 
1.999989 5.495000 149.469642 82.133568 5.114023 
1.999989 5.485000 149.469642 81.984099 5.114023 
1.999989 5.475000 149.469642 81.834629 5.114023 
1.999989 5.465000 149.469642 81.685160 5.114023 
1.999989 5.455000 149.469642 81.535690 5.114023 
1.999989 5.445000 149.469642 81.386220 5.114023 
1.999989 5.435000 149.469642 81.236751 5.114023 
1.999989 5.425000 149.469642 81.087281 5.114023 
1.999989 5.415000 149.469642 80.937811 5.114023 
1.999989 5.405000 149.469642 80.788342 5.114023 
1.999989 5.395000 149.469642 80.638872 5.114023 
1.999989 5.385000 149.469642 80.489402 5.114023 
1.999989 5.375000 149.469642 80.339933 5.114023 
1.999989 5.365000 149.469642 80.190463 5.114023 
1.999989 5.355000 149.469642 80.040993 5.114023 
1.999989 5.345000 149.469642 79.891524 5.114023 
1.999989 5.335000 149.469642 79.742054 5.114023 
1.999989 5.325000 149.469642 79.592585 5.114023 
1.999989 5.315000 149.469642 79.443115 5.114023 
1.999989 5.305000 149.469642 79.293645 5.114023 
1.999989 5.295000 149.469642 79.144176 5.114023 
1.999989 5.285000 149.469642 78.994706 5.114023 
1.999989 5.275000 149.469642 78.845236 5.114023 
1.999989 5.265000 149.469642 78.695767 5.114023 
1.999989 5.255000 149.469642 78.546297 5.114023 
1.999989 5.245000 149.469642 78.396827 5.114023 
1.999989 5.235000 149.469642 78.247358 5.114023 
1.999989 5.225000 149.469642 78.097888 5.114023 
1.999989 5.215000 149.469642 77.948418 5.114023 
1.999989 5.205000 149.469642 77.798949 5.114023 
1.999989 5.195000 149.469642 77.649479 5.114023 
1.999989 5.185000 149.469642 77.500010 5.114023 
1.999989 5.175000 149.469642 77.350540 5.114023 
1.999989 5.165000 149.469642 77.201070 5.114023 
1.999989 5.155000 149.469642 77.051601 5.114023 
1.999989 5.145000 149.469642 76.902131 5.114023 
1.999989 5.135000 149.469642 76.752661 5.114023 
1.999989 5.125000 149.469642 76.603192 5.114023 
1.999989 5.115000 149.469642 76.453722 5.114023 
1.999971 5.105000 149.469642 76.304252 4.804273 
1.999971 5.095000 149.469642 76.154783 4.804273 
1.999971 5.085000 149.469642 76.005313 4.804273 
1.999971 5.075000 149.469642 75.855844 4.804273 
1.999971 5.065000 149.469642 75.706374 4.804273 
1.999971 5.055000 149.469642 75.556904 4.804273 
1.999971 5.045000 149.469642 75.407435 4.804273 
1.999971 5.035000 149.469642 75.257965 4.804273 
1.999971 5.025000 149.469642 75.108495 4.804273 
1.999971 5.015000 149.469642 74.959026 4.804273 
1.999971 5.005000 149.469642 74.809556 4.804273 
1.999971 4.995000 149.469642 74.660086 4.804273 
1.999971 4.985000 149.469642 74.510617 4.804273 
1.999971 4.975000 149.469642 74.361147 4.804273 
1.999971 4.965000 149.469642 74.211677 4.804273 
1.999971 4.955000 149.469642 74.062208 4.804273 
1.999971 4.945000 149.469642 73.912738 4.804273 
1.999971 4.935000 149.469642 73.763269 4.804273 
1.999971 4.925000 149.469642 73.613799 4.804273 
1.999971 4.915000 149.469642 73.464329 4.804273 
1.999971 4.905000 149.469642 73.314860 4.804273 
1.999971 4.895000 149.469642 73.165390 4.804273 
1.999971 4.885000 149.469642 73.015920 4.804273 
1.999971 4.875000 149.469642 72.866451 4.804273 
1.999971 4.865000 149.469642 72.716981 4.804273 
1.999971 4.855000 149.469642 72.567511 4.804273 
1.999971 4.845000 149.469642 72.418042 4.804273 
1.999971 4.835000 149.469642 72.268572 4.804273 
1.999971 4.825000 149.469642 72.119102 4.804273 
1.999971 4.815000 149.469642 71.969633 4.804273 
1.999971 4.805000 149.469642 71.820163 4.804273 
1.999944 4.795000 149.469642 71.670694 4.593598 
1.999944 4.785000 149.469642 71.521224 4.593598 
1.999944 4.775000 149.469642 71.371754 4.593598 
1.999944 4.765000 149.469642 71.222285 4.593598 
1.999944 4.755000 149.469642 71.072815 4.593598 
1.999944 4.745000 149.469642 70.923345 4.593598 
1.999944 4.735000 149.469642 70.773876 4.593598 
1.999944 4.725000 149.469642 70.624406 4.593598 
1.999944 4.715000 149.469642 70.474936 4.593598 
1.999944 4.705000 149.469642 70.325467 4.593598 
1.999944 4.695000 149.469642 70.175997 4.593598 
1.999944 4.685000 149.469642 70.026527 4.593598 
1.999944 4.675000 149.469642 69.877058 4.593598 
1.999944 4.665000 149.469642 69.727588 4.593598 
1.999944 4.655000 149.469642 69.578119 4.593598 
1.999944 4.645000 149.469642 69.428649 4.593598 
1.999944 4.635000 149.469642 69.279179 4.593598 
1.999944 4.625000 149.469642 69.129710 4.593598 
1.999944 4.615000 149.469642 68.980240 4.593598 
1.999944 4.605000 149.469642 68.830770 4.593598 
1.999944 4.595000 149.469642 68.681301 4.593598 
1.999910 4.585000 149.469642 68.531831 4.433747 
1.999910 4.575000 149.469642 68.382361 4.433747 
1.999910 4.565000 149.469642 68.232892 4.433747 
1.999910 4.555000 149.469642 68.083422 4.433747 
1.999910 4.545000 149.469642 67.933952 4.433747 
1.999910 4.535000 149.469642 67.784483 4.433747 
1.999910 4.525000 149.469642 67.635013 4.433747 
1.999910 4.515000 149.469642 67.485544 4.433747 
1.999910 4.505000 149.469642 67.336074 4.433747 
1.999910 4.495000 149.469642 67.186604 4.433747 
1.999910 4.485000 149.469642 67.037135 4.433747 
1.999910 4.475000 149.469642 66.887665 4.433747 
1.999910 4.465000 149.469642 66.738195 4.433747 
1.999910 4.455000 149.469642 66.588726 4.433747 
1.999910 4.445000 149.469642 66.439256 4.433747 
1.999910 4.435000 149.469642 66.289786 4.433747 
1.999867 4.425000 149.469642 66.140317 4.304899 
1.999867 4.415000 149.469642 65.990847 4.304899 
1.999867 4.405000 149.469642 65.841377 4.304899 
1.999867 4.395000 149.469642 65.691908 4.304899 
1.999867 4.385000 149.469642 65.542438 4.304899 
1.999867 4.375000 149.469642 65.392969 4.304899 
1.999867 4.365000 149.469642 65.243499 4.304899 
1.999867 4.355000 149.469642 65.094029 4.304899 
1.999867 4.345000 149.469642 64.944560 4.304899 
1.999867 4.335000 149.469642 64.795090 4.304899 
1.999867 4.325000 149.469642 64.645620 4.304899 
1.999867 4.315000 149.469642 64.496151 4.304899 
1.999816 4.295000 149.469642 64.197211 4.196957 
1.999816 4.285000 149.469642 64.047742 4.196957 
1.999816 4.275000 149.469642 63.898272 4.196957 
1.999816 4.265000 149.469642 63.748802 4.196957 
1.999816 4.255000 149.469642 63.599333 4.196957 
1.999816 4.245000 149.469642 63.449863 4.196957 
1.999816 4.235000 149.469642 63.300394 4.196957 
1.999816 4.225000 149.469642 63.150924 4.196957 
1.999816 4.215000 149.469642 63.001454 4.196957 
1.999816 4.205000 149.469642 62.851985 4.196957 
1.999756 4.195000 149.469642 62.702515 4.104071 
1.999756 4.185000 149.469642 62.553045 4.104071 
1.999756 4.175000 149.469642 62.403576 4.104071 
1.999756 4.165000 149.469642 62.254106 4.104071 
1.999756 4.155000 149.469642 62.104636 4.104071 
1.999756 4.145000 149.469642 61.955167 4.104071 
1.999756 4.135000 149.469642 61.805697 4.104071 
1.999756 4.125000 149.469642 61.656227 4.104071 
1.999756 4.115000 149.469642 61.506758 4.104071 
1.999756 4.105000 149.469642 61.357288 4.104071 
1.999689 4.095000 149.469642 61.207819 4.022549 
1.999689 4.085000 149.469642 61.058349 4.022549 
1.999689 4.075000 149.469642 60.908879 4.022549 
1.999689 4.065000 149.469642 60.759410 4.022549 
1.999689 4.055000 149.469642 60.609940 4.022549 
1.999689 4.045000 149.469642 60.460470 4.022549 
1.999689 4.035000 149.469642 60.311001 4.022549 
1.999689 4.025000 149.469642 60.161531 4.022549 
1.999613 4.015000 149.469642 60.012061 3.949908 
1.999613 4.005000 149.469642 59.862592 3.949908 
1.999613 3.995000 149.469642 59.713122 3.949908 
1.999613 3.985000 149.469642 59.563652 3.949908 
1.999613 3.975000 149.469642 59.414183 3.949908 
1.999613 3.965000 149.469642 59.264713 3.949908 
1.999613 3.955000 149.469642 59.115244 3.949908 
1.999529 3.945000 149.469642 58.965774 3.884400 
1.999529 3.935000 149.469642 58.816304 3.884400 
1.999529 3.925000 149.469642 58.666835 3.884400 
1.999529 3.915000 149.469642 58.517365 3.884400 
1.999529 3.905000 149.469642 58.367895 3.884400 
1.999529 3.895000 149.469642 58.218426 3.884400 
1.999529 3.885000 149.469642 58.068956 3.884400 
1.999436 3.875000 149.469642 57.919486 3.824747 
1.999436 3.865000 149.469642 57.770017 3.824747 
1.999436 3.855000 149.469642 57.620547 3.824747 
1.999436 3.845000 149.469642 57.471077 3.824747 
1.999436 3.835000 149.469642 57.321608 3.824747 
1.999436 3.825000 149.469642 57.172138 3.824747 
1.999336 3.815000 149.469642 57.022669 3.769986 
1.999336 3.805000 149.469642 56.873199 3.769986 
1.999336 3.795000 149.469642 56.723729 3.769986 
1.999336 3.785000 149.469642 56.574260 3.769986 
1.999336 3.775000 149.469642 56.424790 3.769986 
1.999227 3.765000 149.469642 56.275320 3.719374 
1.999227 3.755000 149.469642 56.125851 3.719374 
1.999227 3.745000 149.469642 55.976381 3.719374 
1.999227 3.735000 149.469642 55.826911 3.719374 
1.999227 3.725000 149.469642 55.677442 3.719374 
1.999109 3.715000 149.469642 55.527972 3.672324 
1.999109 3.705000 149.469642 55.378502 3.672324 
1.999109 3.695000 149.469642 55.229033 3.672324 
1.999109 3.685000 149.469642 55.079563 3.672324 
1.999109 3.675000 149.469642 54.930094 3.672324 
1.998984 3.665000 149.469642 54.780624 3.628367 
1.998984 3.655000 149.469642 54.631154 3.628367 
1.998984 3.645000 149.469642 54.481685 3.628367 
1.998984 3.635000 149.469642 54.332215 3.628367 
1.998850 3.625000 149.469642 54.182745 3.587119 
1.998850 3.615000 149.469642 54.033276 3.587119 
1.998850 3.605000 149.469642 53.883806 3.587119 
1.998850 3.595000 149.469642 53.734336 3.587119 
1.998708 3.585000 149.469642 53.584867 3.548265 
1.998708 3.575000 149.469642 53.435397 3.548265 
1.998708 3.565000 149.469642 53.285928 3.548265 
1.998708 3.555000 149.469642 53.136458 3.548265 
1.998558 3.545000 149.469642 52.986988 3.511541 
1.998558 3.535000 149.469642 52.837519 3.511541 
1.998558 3.525000 149.469642 52.688049 3.511541 
1.998558 3.515000 149.469642 52.538579 3.511541 
1.998400 3.505000 149.469642 52.389110 3.476724 
1.998400 3.495000 149.469642 52.239640 3.476724 
1.998400 3.485000 149.469642 52.090170 3.476724 
1.998233 3.475000 149.469642 51.940701 3.443625 
1.998233 3.465000 149.469642 51.791231 3.443625 
1.998233 3.455000 149.469642 51.641761 3.443625 
1.998233 3.445000 149.469642 51.492292 3.443625 
1.998058 3.435000 149.469642 51.342822 3.412082 
1.998058 3.425000 149.469642 51.193353 3.412082 
1.998058 3.415000 149.469642 51.043883 3.412082 
1.997875 3.405000 149.469642 50.894413 3.381953 
1.997875 3.395000 149.469642 50.744944 3.381953 
1.997875 3.385000 149.469642 50.595474 3.381953 
1.997683 3.375000 149.469642 50.446004 3.353117 
1.997683 3.365000 149.469642 50.296535 3.353117 
1.997683 3.355000 149.469642 50.147065 3.353117 
1.997483 3.345000 149.469642 49.997595 3.325466 
1.997483 3.335000 149.469642 49.848126 3.325466 
1.997275 3.325000 149.469642 49.698656 3.298905 
1.997275 3.315000 149.469642 49.549186 3.298905 
1.997275 3.305000 149.469642 49.399717 3.298905 
1.997059 3.295000 149.469642 49.250247 3.273352 
1.997059 3.285000 149.469642 49.100778 3.273352 
1.997059 3.275000 149.469642 48.951308 3.273352 
1.996834 3.265000 149.469642 48.801838 3.248732 
1.996834 3.255000 149.469642 48.652369 3.248732 
1.996601 3.245000 149.469642 48.502899 3.224977 
1.996601 3.235000 149.469642 48.353429 3.224977 
1.996601 3.225000 149.469642 48.203960 3.224977 
1.996360 3.215000 149.469642 48.054490 3.202030 
1.996360 3.205000 149.469642 47.905020 3.202030 
1.996111 3.195000 149.469642 47.755551 3.179836 
1.996111 3.185000 149.469642 47.606081 3.179836 
1.995853 3.175000 149.469642 47.456611 3.158346 
1.995853 3.165000 149.469642 47.307142 3.158346 
1.995587 3.155000 149.469642 47.157672 3.137516 
1.995587 3.145000 149.469642 47.008203 3.137516 
1.995313 3.135000 149.469642 46.858733 3.117307 
1.995313 3.125000 149.469642 46.709263 3.117307 
1.995030 3.115000 149.469642 46.559794 3.097682 
1.995030 3.105000 149.469642 46.410324 3.097682 
1.994739 3.095000 149.469642 46.260854 3.078607 
1.994739 3.085000 149.469642 46.111385 3.078607 
1.994440 3.075000 149.469642 45.961915 3.060052 
1.994440 3.065000 149.469642 45.812445 3.060052 
1.994133 3.055000 149.469642 45.662976 3.041989 
1.994133 3.045000 149.469642 45.513506 3.041989 
1.993817 3.035000 149.469642 45.364036 3.024392 
1.993817 3.025000 149.469642 45.214567 3.024392 
1.993493 3.015000 149.469642 45.065097 3.007236 
1.993161 3.005000 149.469642 44.915628 2.990500 
1.993161 2.995000 149.469642 44.766158 2.990500 
1.992821 2.985000 149.469642 44.616688 2.974163 
1.992821 2.975000 149.469642 44.467219 2.974163 
1.992472 2.965000 149.469642 44.317749 2.958206 
1.992115 2.955000 149.469642 44.168279 2.942611 
1.992115 2.945000 149.469642 44.018810 2.942611 
1.991749 2.935000 149.469642 43.869340 2.927362 
1.991375 2.925000 149.469642 43.719870 2.912443 
1.991375 2.915000 149.469642 43.570401 2.912443 
1.990993 2.905000 149.469642 43.420931 2.897839 
1.990603 2.895000 149.469642 43.271461 2.883538 
1.990603 2.885000 149.469642 43.121992 2.883538 
1.990204 2.875000 149.469642 42.972522 2.869526 
1.989797 2.865000 149.469642 42.823053 2.855792 
1.989382 2.855000 149.469642 42.673583 2.842324 
1.989382 2.845000 149.469642 42.524113 2.842324 
1.988959 2.835000 149.469642 42.374644 2.829112 
1.988527 2.825000 149.469642 42.225174 2.816146 
1.988086 2.815000 149.469642 42.075704 2.803416 
1.988086 2.805000 149.469642 41.926235 2.803416 
1.987638 2.795000 149.469642 41.776765 2.790913 
1.987181 2.785000 149.469642 41.627295 2.778630 
1.986716 2.775000 149.469642 41.477826 2.766558 
1.986242 2.765000 149.469642 41.328356 2.754690 
1.986242 2.755000 149.469642 41.178886 2.754690 
1.985761 2.745000 149.469642 41.029417 2.743018 
1.985270 2.735000 149.469642 40.879947 2.731536 
1.984772 2.725000 149.469642 40.730478 2.720238 
1.984265 2.715000 149.469642 40.581008 2.709116 
1.983750 2.705000 149.469642 40.431538 2.698167 
1.983226 2.695000 149.469642 40.282069 2.687383 
1.982694 2.685000 149.469642 40.132599 2.676759 
1.982154 2.675000 149.469642 39.983129 2.666291 
1.981606 2.665000 149.469642 39.833660 2.655974 
1.981049 2.655000 149.469642 39.684190 2.645803 
1.980484 2.645000 149.469642 39.534720 2.635774 
1.979910 2.635000 149.469642 39.385251 2.625882 
1.979328 2.625000 149.469642 39.235781 2.616124 
1.978738 2.615000 149.469642 39.086311 2.606495 
1.978139 2.605000 149.469642 38.936842 2.596992 
1.977532 2.595000 149.469642 38.787372 2.587612 
1.976916 2.585000 149.469642 38.637903 2.578350 
1.976292 2.575000 149.469642 38.488433 2.569205 
1.975660 2.565000 149.469642 38.338963 2.560171 
1.975019 2.555000 149.469642 38.189494 2.551247 
1.974370 2.545000 149.469642 38.040024 2.542430 
1.973713 2.535000 149.469642 37.890554 2.533717 
1.972373 2.525000 149.469642 37.741085 2.516591 
1.971690 2.515000 149.469642 37.591615 2.508174 
1.970999 2.505000 149.469642 37.442145 2.499850 
1.970300 2.495000 149.469642 37.292676 2.491617 
1.969592 2.485000 149.469642 37.143206 2.483473 
1.968151 2.475000 149.469642 36.993736 2.467445 
1.967418 2.465000 149.469642 36.844267 2.459556 
1.966676 2.455000 149.469642 36.694797 2.451748 
1.965926 2.445000 149.469642 36.545328 2.444018 
1.964401 2.435000 149.469642 36.395858 2.428790 
1.963626 2.425000 149.469642 36.246388 2.421287 
1.962842 2.415000 149.469642 36.096919 2.413856 
1.961249 2.405000 149.469642 35.947449 2.399203 
1.960440 2.395000 149.469642 35.797979 2.391979 
1.959622 2.385000 149.469642 35.648510 2.384820 
1.957962 2.375000 149.469642 35.499040 2.370696 
1.957119 2.365000 149.469642 35.349570 2.363726 
1.955407 2.355000 149.469642 35.200101 2.349969 
1.954538 2.345000 149.469642 35.050631 2.343177 
1.952776 2.335000 149.469642 34.901161 2.329764 
1.951882 2.325000 149.469642 34.751692 2.323140 
1.950068 2.315000 149.469642 34.602222 2.310050 
1.949148 2.305000 149.469642 34.452753 2.303583 
1.947284 2.295000 149.469642 34.303283 2.290799 
1.946338 2.285000 149.469642 34.153813 2.284480 
1.944422 2.275000 149.469642 34.004344 2.271984 
1.942472 2.265000 149.469642 33.854874 2.259671 
1.941484 2.255000 149.469642 33.705404 2.253581 
1.939482 2.245000 149.469642 33.555935 2.241530 
1.937446 2.235000 149.469642 33.406465 2.229645 
1.936415 2.225000 149.469642 33.256995 2.223763 
1.934327 2.215000 149.469642 33.107526 2.212117 
1.932204 2.205000 149.469642 32.958056 2.200623 
1.931130 2.195000 149.469642 32.808587 2.194932 
1.928956 2.185000 149.469642 32.659117 2.183656 
1.926748 2.175000 149.469642 32.509647 2.172520 
1.924504 2.165000 149.469642 32.360178 2.161518 
1.922226 2.155000 149.469642 32.210708 2.150646 
1.919913 2.145000 149.469642 32.061238 2.139900 
1.918744 2.135000 149.469642 31.911769 2.134573 
1.916379 2.125000 149.469642 31.762299 2.124008 
1.913979 2.115000 149.469642 31.612829 2.113558 
1.911544 2.105000 149.469642 31.463360 2.103220 
1.909075 2.095000 149.469642 31.313890 2.092991 
1.906570 2.085000 149.469642 31.164420 2.082866 
1.904030 2.075000 149.469642 31.014951 2.072842 
1.901454 2.065000 149.469642 30.865481 2.062917 
1.898844 2.055000 149.469642 30.716012 2.053086 
1.896198 2.045000 149.469642 30.566542 2.043348 
1.893517 2.035000 149.469642 30.417072 2.033699 
1.890801 2.025000 149.469642 30.267603 2.024137 
1.888049 2.015000 149.469642 30.118133 2.014659 
1.883854 2.005000 149.469642 29.968663 2.000592 
1.881013 1.995000 149.469642 29.819194 1.991312 
1.878137 1.985000 149.469642 29.669724 1.982108 
1.875224 1.975000 149.469642 29.520254 1.972976 
1.872276 1.965000 149.469642 29.370785 1.963914 
1.869291 1.955000 149.469642 29.221315 1.954922 
1.864748 1.945000 149.469642 29.071845 1.941556 
1.861673 1.935000 149.469642 28.922376 1.932726 
1.858562 1.925000 149.469642 28.772906 1.923957 
1.853828 1.915000 149.469642 28.623437 1.910915 
1.850627 1.905000 149.469642 28.473967 1.902292 
1.847389 1.895000 149.469642 28.324497 1.893724 
1.842463 1.885000 149.469642 28.175028 1.880972 
1.839134 1.875000 149.469642 28.025558 1.872535 
1.835768 1.865000 149.469642 27.876088 1.864147 
1.830649 1.855000 149.469642 27.726619 1.851655 
1.827191 1.845000 149.469642 27.577149 1.843385 
1.821933 1.835000 149.469642 27.427679 1.831061 
1.818382 1.825000 149.469642 27.278210 1.822899 
1.814793 1.815000 149.469642 27.128740 1.814777 
1.809340 1.805000 149.469642 26.979270 1.802668 
1.805657 1.795000 149.469642 26.829801 1.794643 
1.800063 1.785000 149.469642 26.680331 1.782672 
1.796287 1.775000 149.469642 26.530862 1.774736 
1.790551 1.765000 149.469642 26.381392 1.762892 
1.784729 1.755000 149.469642 26.231922 1.751120 
1.780800 1.745000 149.469642 26.082453 1.743309 
1.774836 1.735000 149.469642 25.932983 1.731647 
1.770811 1.725000 149.469642 25.783513 1.723907 
1.764701 1.715000 149.469642 25.634044 1.712344 
1.760580 1.705000 149.469642 25.484574 1.704667 
1.754325 1.695000 149.469642 25.335104 1.693196 
1.747983 1.685000 149.469642 25.185635 1.681774 
1.743705 1.675000 149.469642 25.036165 1.674185 
1.737215 1.665000 149.469642 24.886695 1.662839 
1.730636 1.655000 149.469642 24.737226 1.651534 
1.726201 1.645000 149.469642 24.587756 1.644019 
1.719473 1.635000 149.469642 24.438287 1.632777 
1.712655 1.625000 149.469642 24.288817 1.621568 
1.708059 1.615000 149.469642 24.139347 1.614112 
1.701090 1.605000 149.469642 23.989878 1.602952 
1.694030 1.595000 149.469642 23.840408 1.591818 
1.689272 1.585000 149.469642 23.690938 1.584408 
1.682059 1.575000 149.469642 23.541469 1.573311 
1.674752 1.565000 149.469642 23.391999 1.562232 
1.669830 1.555000 149.469642 23.242529 1.554854 
1.662369 1.545000 149.469642 23.093060 1.543800 
1.654813 1.535000 149.469642 22.943590 1.532757 
1.647163 1.525000 149.469642 22.794120 1.521723 
1.642010 1.515000 149.469642 22.644651 1.514370 
1.634202 1.505000 149.469642 22.495181 1.503345 
1.626297 1.495000 149.469642 22.345712 1.492321 
1.620974 1.485000 149.469642 22.196242 1.484972 
1.612908 1.475000 149.469642 22.046772 1.473945 
1.604745 1.465000 149.469642 21.897303 1.462914 
1.596483 1.455000 149.469642 21.747833 1.451875 
1.590921 1.445000 149.469642 21.598363 1.444510 
1.582495 1.435000 149.469642 21.448894 1.433453 
1.573968 1.425000 149.469642 21.299424 1.422381 
1.568228 1.415000 149.469642 21.149954 1.414991 
1.559534 1.405000 149.469642 21.000485 1.403890 
1.550738 1.395000 149.469642 20.851015 1.392767 
1.541840 1.385000 149.469642 20.701545 1.381621 
1.535851 1.375000 149.469642 20.552076 1.374175 
1.526780 1.365000 149.469642 20.402606 1.362984 
1.517605 1.355000 149.469642 20.253137 1.351761 
1.511430 1.345000 149.469642 20.103667 1.344260 
1.502080 1.335000 149.469642 19.954197 1.332980 
1.492623 1.325000 149.469642 19.804728 1.321662 
1.486259 1.315000 149.469642 19.655258 1.314093 
1.476623 1.305000 149.469642 19.505788 1.302705 
1.466878 1.295000 149.469642 19.356319 1.291271 
1.460320 1.285000 149.469642 19.206849 1.283622 
1.450392 1.275000 149.469642 19.057379 1.272106 
1.443712 1.265000 149.469642 18.907910 1.264398 
1.433598 1.255000 149.469642 18.758440 1.252791 
1.423372 1.245000 149.469642 18.608970 1.241125 
1.416491 1.235000 149.469642 18.459501 1.233314 
1.406075 1.225000 149.469642 18.310031 1.221543 
1.399067 1.215000 149.469642 18.160562 1.213658 
1.388458 1.205000 149.469642 18.011092 1.201773 
1.381320 1.195000 149.469642 17.861622 1.193810 
1.370515 1.185000 149.469642 17.712153 1.181802 
1.363246 1.175000 149.469642 17.562683 1.173753 
1.352243 1.165000 149.469642 17.413213 1.161611 
1.344840 1.155000 149.469642 17.263744 1.153469 
1.333634 1.145000 149.469642 17.114274 1.141184 
1.326095 1.135000 149.469642 16.964804 1.132943 
1.318502 1.125000 149.469642 16.815335 1.124660 
1.307008 1.115000 149.469642 16.665865 1.112154 
1.299275 1.105000 149.469642 16.516395 1.103761 
1.287570 1.095000 149.469642 16.366926 1.091084 
1.279696 1.085000 149.469642 16.217456 1.082573 
1.271764 1.075000 149.469642 16.067987 1.074012 
1.259759 1.065000 149.469642 15.918517 1.061074 
1.251682 1.055000 149.469642 15.769047 1.052383 
1.243546 1.045000 149.469642 15.619578 1.043637 
1.235352 1.035000 149.469642 15.470108 1.034834 
1.222947 1.025000 149.469642 15.320638 1.021522 
1.214602 1.015000 149.469642 15.171169 1.012572 
1.206196 1.005000 149.469642 15.021699 1.003560 
1.197729 0.995000 149.469642 14.872229 0.994484 
1.184911 0.985000 149.469642 14.722760 0.980747 
1.176288 0.975000 149.469642 14.573290 0.971503 
1.167601 0.965000 149.469642 14.423820 0.962190 
1.158851 0.955000 149.469642 14.274351 0.952805 
1.150036 0.945000 149.469642 14.124881 0.943345 
1.141157 0.935000 149.469642 13.975412 0.933809 
1.132212 0.925000 149.469642 13.825942 0.924194 
1.123201 0.915000 149.469642 13.676472 0.914499 
1.114123 0.905000 149.469642 13.527003 0.904721 
1.104978 0.895000 149.469642 13.377533 0.894857 
1.095765 0.885000 149.469642 13.228063 0.884906 
1.086483 0.875000 149.469642 13.078594 0.874864 
1.077133 0.865000 149.469642 12.929124 0.864728 
1.067712 0.855000 149.469642 12.779654 0.854497 
1.058221 0.845000 149.469642 12.630185 0.844168 
1.048658 0.835000 149.469642 12.480715 0.833736 
1.039024 0.825000 149.469642 12.331245 0.823201 
1.029316 0.815000 149.469642 12.181776 0.812557 
1.019535 0.805000 149.469642 12.032306 0.801802 
1.009680 0.795000 149.469642 11.882837 0.790932 
0.999749 0.785000 149.469642 11.733367 0.779945 
0.994756 0.775000 149.469642 11.583897 0.774405 
0.984711 0.765000 149.469642 11.434428 0.763234 
0.974589 0.755000 149.469642 11.284958 0.751934 
0.964389 0.745000 149.469642 11.135488 0.740503 
0.959259 0.735000 149.469642 10.986019 0.734737 
0.948940 0.725000 149.469642 10.836549 0.723100 
0.938541 0.715000 149.469642 10.687079 0.711320 
0.928060 0.705000 149.469642 10.537610 0.699393 
0.922789 0.695000 149.469642 10.388140 0.693372 
0.912184 0.685000 149.469642 10.238671 0.681214 
0.901495 0.675000 149.469642 10.089201 0.668896 
0.896119 0.665000 149.469642 9.939731 0.662675 
0.885303 0.655000 149.469642 9.790262 0.650105 
0.879862 0.645000 149.469642 9.640792 0.643755 
0.868915 0.635000 149.469642 9.491322 0.630921 
0.863408 0.625000 149.469642 9.341853 0.624435 
0.852328 0.615000 149.469642 9.192383 0.611321 
0.846755 0.605000 149.469642 9.042913 0.604692 
0.835539 0.595000 149.469642 8.893444 0.591284 
0.829897 0.585000 149.469642 8.743974 0.584503 
0.818542 0.575000 149.469642 8.594504 0.570782 
0.812830 0.565000 149.469642 8.445035 0.563841 
0.801334 0.555000 149.469642 8.295565 0.549791 
0.795550 0.545000 149.469642 8.146096 0.542680 
0.783909 0.535000 149.469642 7.996626 0.528280 
0.778052 0.525000 149.469642 7.847156 0.520988 
0.772169 0.515000 149.469642 7.697687 0.513634 
0.760330 0.505000 149.469642 7.548217 0.498734 
0.754373 0.495000 149.469642 7.398747 0.491184 
0.748390 0.485000 149.469642 7.249278 0.483567 
0.736346 0.475000 149.469642 7.099808 0.468123 
0.730285 0.465000 149.469642 6.950338 0.460293 
0.724197 0.455000 149.469642 6.800869 0.452389 
0.718083 0.445000 149.469642 6.651399 0.444409 
0.705774 0.435000 149.469642 6.501929 0.428216 
0.699579 0.425000 149.469642 6.352460 0.419999 
0.693356 0.415000 149.469642 6.202990 0.411700 
0.687105 0.405000 149.469642 6.053521 0.403315 
0.680826 0.395000 149.469642 5.904051 0.394844 
0.668183 0.385000 149.469642 5.754581 0.377634 
0.661819 0.375000 149.469642 5.605112 0.368890 
0.655425 0.365000 149.469642 5.455642 0.360051 
0.649002 0.355000 149.469642 5.306172 0.351115 
0.642550 0.345000 149.469642 5.156703 0.342077 
0.636067 0.335000 149.469642 5.007233 0.332938 
0.629554 0.325000 149.469642 4.857763 0.323692 
0.623011 0.315000 149.469642 4.708294 0.314339 
0.616437 0.305000 149.469642 4.558824 0.304874 
0.603195 0.295000 149.469642 4.409354 0.285600 
0.596526 0.285000 149.469642 4.259885 0.275784 
0.589826 0.275000 149.469642 4.110415 0.265844 
0.583093 0.265000 149.469642 3.960946 0.255777 
0.576327 0.255000 149.469642 3.811476 0.245580 
0.569528 0.245000 149.469642 3.662006 0.235247 
0.562696 0.235000 149.469642 3.512537 0.224777 
0.562696 0.225000 149.469642 3.363067 0.224777 
0.555830 0.215000 149.469642 3.213597 0.214163 
0.548929 0.205000 149.469642 3.064128 0.203403 
0.541994 0.195000 149.469642 2.914658 0.192491 
0.535024 0.185000 149.469642 2.765188 0.181423 
0.528019 0.175000 149.469642 2.615719 0.170194 
0.520977 0.165000 149.469642 2.466249 0.158799 
0.513900 0.155000 149.469642 2.316779 0.147232 
0.506785 0.145000 149.469642 2.167310 0.135488 
0.499634 0.135000 149.469642 2.017840 0.123560 
0.499634 0.125000 149.469642 1.868371 0.123560 
0.492445 0.115000 149.469642 1.718901 0.111444 
0.485218 0.105000 149.469642 1.569431 0.099131 
0.477952 0.095000 149.469642 1.419962 0.086615 
0.470647 0.085000 149.469642 1.270492 0.073889 
0.470647 0.075000 149.469642 1.121022 0.073889 
0.463303 0.065000 149.469642 0.971553 0.060945 
0.455919 0.055000 149.469642 0.822083 0.047774 
0.448494 0.045000 149.469642 0.672613 0.034370 
0.448494 0.035000 149.469642 0.523144 0.034370 
0.441028 0.025000 149.469642 0.373674 0.020722 
0.433520 0.015000 149.469642 0.224204 0.006820 
