1.999998 9.985000 171.100028 170.843378 5.801139 
1.999998 9.975000 171.100028 170.672278 5.801139 
1.999998 9.965000 171.100028 170.501178 5.801139 
1.999998 9.955000 171.100028 170.330078 5.801139 
1.999998 9.945000 171.100028 170.158978 5.801139 
1.999998 9.935000 171.100028 169.987878 5.801139 
1.999998 9.925000 171.100028 169.816778 5.801139 
1.999998 9.915000 171.100028 169.645678 5.801139 
1.999998 9.905000 171.100028 169.474578 5.801139 
1.999998 9.895000 171.100028 169.303478 5.801139 
1.999998 9.885000 171.100028 169.132378 5.801139 
1.999998 9.875000 171.100028 168.961278 5.801139 
1.999998 9.865000 171.100028 168.790178 5.801139 
1.999998 9.855000 171.100028 168.619078 5.801139 
1.999998 9.845000 171.100028 168.447978 5.801139 
1.999998 9.835000 171.100028 168.276878 5.801139 
1.999998 9.825000 171.100028 168.105778 5.801139 
1.999998 9.815000 171.100028 167.934678 5.801139 
1.999998 9.805000 171.100028 167.763578 5.801139 
1.999998 9.795000 171.100028 167.592478 5.801139 
1.999998 9.785000 171.100028 167.421378 5.801139 
1.999998 9.775000 171.100028 167.250278 5.801139 
1.999998 9.765000 171.100028 167.079178 5.801139 
1.999998 9.755000 171.100028 166.908078 5.801139 
1.999998 9.745000 171.100028 166.736978 5.801139 
1.999998 9.735000 171.100028 166.565878 5.801139 
1.999998 9.725000 171.100028 166.394778 5.801139 
1.999998 9.715000 171.100028 166.223678 5.801139 
1.999998 9.705000 171.100028 166.052578 5.801139 
1.999998 9.695000 171.100028 165.881478 5.801139 
1.999998 9.685000 171.100028 165.710378 5.801139 
1.999998 9.675000 171.100028 165.539278 5.801139 
1.999998 9.665000 171.100028 165.368177 5.801139 
1.999998 9.655000 171.100028 165.197077 5.801139 
1.999998 9.645000 171.100028 165.025977 5.801139 
1.999998 9.635000 171.100028 164.854877 5.801139 
1.999998 9.625000 171.100028 164.683777 5.801139 
1.999998 9.615000 171.100028 164.512677 5.801139 
1.999998 9.605000 171.100028 164.341577 5.801139 
1.999998 9.595000 171.100028 164.170477 5.801139 
1.999998 9.585000 171.100028 163.999377 5.801139 
1.999998 9.575000 171.100028 163.828277 5.801139 
1.999998 9.565000 171.100028 163.657177 5.801139 
1.999998 9.555000 171.100028 163.486077 5.801139 
1.999998 9.545000 171.100028 163.314977 5.801139 
1.999998 9.535000 171.100028 163.143877 5.801139 
1.999998 9.525000 171.100028 162.972777 5.801139 
1.999998 9.515000 171.100028 162.801677 5.801139 
1.999998 9.505000 171.100028 162.630577 5.801139 
1.999998 9.495000 171.100028 162.459477 5.801139 
1.999998 9.485000 171.100028 162.288377 5.801139 
1.999998 9.475000 171.100028 162.117277 5.801139 
1.999998 9.465000 171.100028 161.946177 5.801139 
1.999998 9.455000 171.100028 161.775077 5.801139 
1.999998 9.445000 171.100028 161.603977 5.801139 
1.999998 9.435000 171.100028 161.432877 5.801139 
1.999998 9.425000 171.100028 161.261777 5.801139 
1.999998 9.415000 171.100028 161.090677 5.801139 
1.999998 9.405000 171.100028 160.919577 5.801139 
1.999998 9.395000 171.100028 160.748477 5.801139 
1.999998 9.385000 171.100028 160.577377 5.801139 
1.999998 9.375000 171.100028 160.406277 5.801139 
1.999998 9.365000 171.100028 160.235177 5.801139 
1.999998 9.355000 171.100028 160.064077 5.801139 
1.999998 9.345000 171.100028 159.892977 5.801139 
1.999998 9.335000 171.100028 159.721877 5.801139 
1.999998 9.325000 171.100028 159.550777 5.801139 
1.999998 9.315000 171.100028 159.379677 5.801139 
1.999998 9.305000 171.100028 159.208576 5.801139 
1.999998 9.295000 171.100028 159.037476 5.801139 
1.999998 9.285000 171.100028 158.866376 5.801139 
1.999998 9.275000 171.100028 158.695276 5.801139 
1.999998 9.265000 171.100028 158.524176 5.801139 
1.999998 9.255000 171.100028 158.353076 5.801139 
1.999998 9.245000 171.100028 158.181976 5.801139 
1.999998 9.235000 171.100028 158.010876 5.801139 
1.999998 9.225000 171.100028 157.839776 5.801139 
1.999998 9.215000 171.100028 157.668676 5.801139 
1.999998 9.205000 171.100028 157.497576 5.801139 
1.999998 9.195000 171.100028 157.326476 5.801139 
1.999998 9.185000 171.100028 157.155376 5.801139 
1.999998 9.175000 171.100028 156.984276 5.801139 
1.999998 9.165000 171.100028 156.813176 5.801139 
1.999998 9.155000 171.100028 156.642076 5.801139 
1.999998 9.145000 171.100028 156.470976 5.801139 
1.999998 9.135000 171.100028 156.299876 5.801139 
1.999998 9.125000 171.100028 156.128776 5.801139 
1.999998 9.115000 171.100028 155.957676 5.801139 
1.999998 9.105000 171.100028 155.786576 5.801139 
1.999998 9.095000 171.100028 155.615476 5.801139 
1.999998 9.085000 171.100028 155.444376 5.801139 
1.999998 9.075000 171.100028 155.273276 5.801139 
1.999998 9.065000 171.100028 155.102176 5.801139 
1.999998 9.055000 171.100028 154.931076 5.801139 
1.999998 9.045000 171.100028 154.759976 5.801139 
1.999998 9.035000 171.100028 154.588876 5.801139 
1.999998 9.025000 171.100028 154.417776 5.801139 
1.999998 9.015000 171.100028 154.246676 5.801139 
1.999998 9.005000 171.100028 154.075576 5.801139 
1.999998 8.995000 171.100028 153.904476 5.801139 
1.999998 8.985000 171.100028 153.733376 5.801139 
1.999998 8.975000 171.100028 153.562276 5.801139 
1.999998 8.965000 171.100028 153.391176 5.801139 
1.999998 8.955000 171.100028 153.220075 5.801139 
1.999998 8.945000 171.100028 153.048975 5.801139 
1.999998 8.935000 171.100028 152.877875 5.801139 
1.999998 8.925000 171.100028 152.706775 5.801139 
1.999998 8.915000 171.100028 152.535675 5.801139 
1.999998 8.905000 171.100028 152.364575 5.801139 
1.999998 8.895000 171.100028 152.193475 5.801139 
1.999998 8.885000 171.100028 152.022375 5.801139 
1.999998 8.875000 171.100028 151.851275 5.801139 
1.999998 8.865000 171.100028 151.680175 5.801139 
1.999998 8.855000 171.100028 151.509075 5.801139 
1.999998 8.845000 171.100028 151.337975 5.801139 
1.999998 8.835000 171.100028 151.166875 5.801139 
1.999998 8.825000 171.100028 150.995775 5.801139 
1.999998 8.815000 171.100028 150.824675 5.801139 
1.999998 8.805000 171.100028 150.653575 5.801139 
1.999998 8.795000 171.100028 150.482475 5.801139 
1.999998 8.785000 171.100028 150.311375 5.801139 
1.999998 8.775000 171.100028 150.140275 5.801139 
1.999998 8.765000 171.100028 149.969175 5.801139 
1.999998 8.755000 171.100028 149.798075 5.801139 
1.999998 8.745000 171.100028 149.626975 5.801139 
1.999998 8.735000 171.100028 149.455875 5.801139 
1.999998 8.725000 171.100028 149.284775 5.801139 
1.999998 8.715000 171.100028 149.113675 5.801139 
1.999998 8.705000 171.100028 148.942575 5.801139 
1.999998 8.695000 171.100028 148.771475 5.801139 
1.999998 8.685000 171.100028 148.600375 5.801139 
1.999998 8.675000 171.100028 148.429275 5.801139 
1.999998 8.665000 171.100028 148.258175 5.801139 
1.999998 8.655000 171.100028 148.087075 5.801139 
1.999998 8.645000 171.100028 147.915975 5.801139 
1.999998 8.635000 171.100028 147.744875 5.801139 
1.999998 8.625000 171.100028 147.573775 5.801139 
1.999998 8.615000 171.100028 147.402675 5.801139 
1.999998 8.605000 171.100028 147.231574 5.801139 
1.999998 8.595000 171.100028 147.060474 5.801139 
1.999998 8.585000 171.100028 146.889374 5.801139 
1.999998 8.575000 171.100028 146.718274 5.801139 
1.999998 8.565000 171.100028 146.547174 5.801139 
1.999998 8.555000 171.100028 146.376074 5.801139 
1.999998 8.545000 171.100028 146.204974 5.801139 
1.999998 8.535000 171.100028 146.033874 5.801139 
1.999998 8.525000 171.100028 145.862774 5.801139 
1.999998 8.515000 171.100028 145.691674 5.801139 
1.999998 8.505000 171.100028 145.520574 5.801139 
1.999998 8.495000 171.100028 145.349474 5.801139 
1.999998 8.485000 171.100028 145.178374 5.801139 
1.999998 8.475000 171.100028 145.007274 5.801139 
1.999998 8.465000 171.100028 144.836174 5.801139 
1.999998 8.455000 171.100028 144.665074 5.801139 
1.999998 8.445000 171.100028 144.493974 5.801139 
1.999998 8.435000 171.100028 144.322874 5.801139 
1.999998 8.425000 171.100028 144.151774 5.801139 
1.999998 8.415000 171.100028 143.980674 5.801139 
1.999998 8.405000 171.100028 143.809574 5.801139 
1.999998 8.395000 171.100028 143.638474 5.801139 
1.999998 8.385000 171.100028 143.467374 5.801139 
1.999998 8.375000 171.100028 143.296274 5.801139 
1.999998 8.365000 171.100028 143.125174 5.801139 
1.999998 8.355000 171.100028 142.954074 5.801139 
1.999998 8.345000 171.100028 142.782974 5.801139 
1.999998 8.335000 171.100028 142.611874 5.801139 
1.999998 8.325000 171.100028 142.440774 5.801139 
1.999998 8.315000 171.100028 142.269674 5.801139 
1.999998 8.305000 171.100028 142.098574 5.801139 
1.999998 8.295000 171.100028 141.927474 5.801139 
1.999998 8.285000 171.100028 141.756374 5.801139 
1.999998 8.275000 171.100028 141.585274 5.801139 
1.999998 8.265000 171.100028 141.414174 5.801139 
1.999998 8.255000 171.100028 141.243073 5.801139 
1.999998 8.245000 171.100028 141.071973 5.801139 
1.999998 8.235000 171.100028 140.900873 5.801139 
1.999998 8.225000 171.100028 140.729773 5.801139 
1.999998 8.215000 171.100028 140.558673 5.801139 
1.999998 8.205000 171.100028 140.387573 5.801139 
1.999998 8.195000 171.100028 140.216473 5.801139 
1.999998 8.185000 171.100028 140.045373 5.801139 
1.999998 8.175000 171.100028 139.874273 5.801139 
1.999998 8.165000 171.100028 139.703173 5.801139 
1.999998 8.155000 171.100028 139.532073 5.801139 
1.999998 8.145000 171.100028 139.360973 5.801139 
1.999998 8.135000 171.100028 139.189873 5.801139 
1.999998 8.125000 171.100028 139.018773 5.801139 
1.999998 8.115000 171.100028 138.847673 5.801139 
1.999998 8.105000 171.100028 138.676573 5.801139 
1.999998 8.095000 171.100028 138.505473 5.801139 
1.999998 8.085000 171.100028 138.334373 5.801139 
1.999998 8.075000 171.100028 138.163273 5.801139 
1.999998 8.065000 171.100028 137.992173 5.801139 
1.999998 8.055000 171.100028 137.821073 5.801139 
1.999998 8.045000 171.100028 137.649973 5.801139 
1.999998 8.035000 171.100028 137.478873 5.801139 
1.999998 8.025000 171.100028 137.307773 5.801139 
1.999998 8.015000 171.100028 137.136673 5.801139 
1.999998 8.005000 171.100028 136.965573 5.801139 
1.999998 7.995000 171.100028 136.794473 5.801139 
1.999998 7.985000 171.100028 136.623373 5.801139 
1.999998 7.975000 171.100028 136.452273 5.801139 
1.999998 7.965000 171.100028 136.281173 5.801139 
1.999998 7.955000 171.100028 136.110073 5.801139 
1.999998 7.945000 171.100028 135.938973 5.801139 
1.999998 7.935000 171.100028 135.767873 5.801139 
1.999998 7.925000 171.100028 135.596773 5.801139 
1.999998 7.915000 171.100028 135.425673 5.801139 
1.999998 7.905000 171.100028 135.254572 5.801139 
1.999998 7.895000 171.100028 135.083472 5.801139 
1.999998 7.885000 171.100028 134.912372 5.801139 
1.999998 7.875000 171.100028 134.741272 5.801139 
1.999998 7.865000 171.100028 134.570172 5.801139 
1.999998 7.855000 171.100028 134.399072 5.801139 
1.999998 7.845000 171.100028 134.227972 5.801139 
1.999998 7.835000 171.100028 134.056872 5.801139 
1.999998 7.825000 171.100028 133.885772 5.801139 
1.999998 7.815000 171.100028 133.714672 5.801139 
1.999998 7.805000 171.100028 133.543572 5.801139 
1.999998 7.795000 171.100028 133.372472 5.801139 
1.999998 7.785000 171.100028 133.201372 5.801139 
1.999998 7.775000 171.100028 133.030272 5.801139 
1.999998 7.765000 171.100028 132.859172 5.801139 
1.999998 7.755000 171.100028 132.688072 5.801139 
1.999998 7.745000 171.100028 132.516972 5.801139 
1.999998 7.735000 171.100028 132.345872 5.801139 
1.999998 7.725000 171.100028 132.174772 5.801139 
1.999998 7.715000 171.100028 132.003672 5.801139 
1.999998 7.705000 171.100028 131.832572 5.801139 
1.999998 7.695000 171.100028 131.661472 5.801139 
1.999998 7.685000 171.100028 131.490372 5.801139 
1.999998 7.675000 171.100028 131.319272 5.801139 
1.999998 7.665000 171.100028 131.148172 5.801139 
1.999998 7.655000 171.100028 130.977072 5.801139 
1.999998 7.645000 171.100028 130.805972 5.801139 
1.999998 7.635000 171.100028 130.634872 5.801139 
1.999998 7.625000 171.100028 130.463772 5.801139 
1.999998 7.615000 171.100028 130.292672 5.801139 
1.999998 7.605000 171.100028 130.121572 5.801139 
1.999998 7.595000 171.100028 129.950472 5.801139 
1.999998 7.585000 171.100028 129.779372 5.801139 
1.999998 7.575000 171.100028 129.608272 5.801139 
1.999998 7.565000 171.100028 129.437172 5.801139 
1.999998 7.555000 171.100028 129.266071 5.801139 
1.999998 7.545000 171.100028 129.094971 5.801139 
1.999998 7.535000 171.100028 128.923871 5.801139 
1.999998 7.525000 171.100028 128.752771 5.801139 
1.999998 7.515000 171.100028 128.581671 5.801139 
1.999998 7.505000 171.100028 128.410571 5.801139 
1.999998 7.495000 171.100028 128.239471 5.801139 
1.999998 7.485000 171.100028 128.068371 5.801139 
1.999998 7.475000 171.100028 127.897271 5.801139 
1.999998 7.465000 171.100028 127.726171 5.801139 
1.999998 7.455000 171.100028 127.555071 5.801139 
1.999998 7.445000 171.100028 127.383971 5.801139 
1.999998 7.435000 171.100028 127.212871 5.801139 
1.999998 7.425000 171.100028 127.041771 5.801139 
1.999998 7.415000 171.100028 126.870671 5.801139 
1.999998 7.405000 171.100028 126.699571 5.801139 
1.999998 7.395000 171.100028 126.528471 5.801139 
1.999998 7.385000 171.100028 126.357371 5.801139 
1.999998 7.375000 171.100028 126.186271 5.801139 
1.999998 7.365000 171.100028 126.015171 5.801139 
1.999998 7.355000 171.100028 125.844071 5.801139 
1.999998 7.345000 171.100028 125.672971 5.801139 
1.999998 7.335000 171.100028 125.501871 5.801139 
1.999998 7.325000 171.100028 125.330771 5.801139 
1.999998 7.315000 171.100028 125.159671 5.801139 
1.999998 7.305000 171.100028 124.988571 5.801139 
1.999998 7.295000 171.100028 124.817471 5.801139 
1.999998 7.285000 171.100028 124.646371 5.801139 
1.999998 7.275000 171.100028 124.475271 5.801139 
1.999998 7.265000 171.100028 124.304171 5.801139 
1.999998 7.255000 171.100028 124.133071 5.801139 
1.999998 7.245000 171.100028 123.961971 5.801139 
1.999998 7.235000 171.100028 123.790871 5.801139 
1.999998 7.225000 171.100028 123.619771 5.801139 
1.999998 7.215000 171.100028 123.448671 5.801139 
1.999998 7.205000 171.100028 123.277570 5.801139 
1.999998 7.195000 171.100028 123.106470 5.801139 
1.999998 7.185000 171.100028 122.935370 5.801139 
1.999998 7.175000 171.100028 122.764270 5.801139 
1.999998 7.165000 171.100028 122.593170 5.801139 
1.999998 7.155000 171.100028 122.422070 5.801139 
1.999998 7.145000 171.100028 122.250970 5.801139 
1.999998 7.135000 171.100028 122.079870 5.801139 
1.999998 7.125000 171.100028 121.908770 5.801139 
1.999998 7.115000 171.100028 121.737670 5.801139 
1.999998 7.105000 171.100028 121.566570 5.801139 
1.999998 7.095000 171.100028 121.395470 5.801139 
1.999998 7.085000 171.100028 121.224370 5.801139 
1.999998 7.075000 171.100028 121.053270 5.801139 
1.999998 7.065000 171.100028 120.882170 5.801139 
1.999998 7.055000 171.100028 120.711070 5.801139 
1.999998 7.045000 171.100028 120.539970 5.801139 
1.999998 7.035000 171.100028 120.368870 5.801139 
1.999998 7.025000 171.100028 120.197770 5.801139 
1.999998 7.015000 171.100028 120.026670 5.801139 
1.999998 7.005000 171.100028 119.855570 5.801139 
1.999998 6.995000 171.100028 119.684470 5.801139 
1.999998 6.985000 171.100028 119.513370 5.801139 
1.999998 6.975000 171.100028 119.342270 5.801139 
1.999998 6.965000 171.100028 119.171170 5.801139 
1.999998 6.955000 171.100028 119.000070 5.801139 
1.999998 6.945000 171.100028 118.828970 5.801139 
1.999998 6.935000 171.100028 118.657870 5.801139 
1.999998 6.925000 171.100028 118.486770 5.801139 
1.999998 6.915000 171.100028 118.315670 5.801139 
1.999998 6.905000 171.100028 118.144570 5.801139 
1.999998 6.895000 171.100028 117.973470 5.801139 
1.999998 6.885000 171.100028 117.802370 5.801139 
1.999998 6.875000 171.100028 117.631270 5.801139 
1.999998 6.865000 171.100028 117.460170 5.801139 
1.999998 6.855000 171.100028 117.289070 5.801139 
1.999998 6.845000 171.100028 117.117969 5.801139 
1.999998 6.835000 171.100028 116.946869 5.801139 
1.999998 6.825000 171.100028 116.775769 5.801139 
1.999998 6.815000 171.100028 116.604669 5.801139 
1.999998 6.805000 171.100028 116.433569 5.801139 
1.999998 6.795000 171.100028 116.262469 5.801139 
1.999998 6.785000 171.100028 116.091369 5.801139 
1.999998 6.775000 171.100028 115.920269 5.801139 
1.999998 6.765000 171.100028 115.749169 5.801139 
1.999998 6.755000 171.100028 115.578069 5.801139 
1.999998 6.745000 171.100028 115.406969 5.801139 
1.999998 6.735000 171.100028 115.235869 5.801139 
1.999998 6.725000 171.100028 115.064769 5.801139 
1.999998 6.715000 171.100028 114.893669 5.801139 
1.999998 6.705000 171.100028 114.722569 5.801139 
1.999998 6.695000 171.100028 114.551469 5.801139 
1.999998 6.685000 171.100028 114.380369 5.801139 
1.999998 6.675000 171.100028 114.209269 5.801139 
1.999998 6.665000 171.100028 114.038169 5.801139 
1.999998 6.655000 171.100028 113.867069 5.801139 
1.999998 6.645000 171.100028 113.695969 5.801139 
1.999998 6.635000 171.100028 113.524869 5.801139 
1.999998 6.625000 171.100028 113.353769 5.801139 
1.999998 6.615000 171.100028 113.182669 5.801139 
1.999998 6.605000 171.100028 113.011569 5.801139 
1.999998 6.595000 171.100028 112.840469 5.801139 
1.999998 6.585000 171.100028 112.669369 5.801139 
1.999998 6.575000 171.100028 112.498269 5.801139 
1.999998 6.565000 171.100028 112.327169 5.801139 
1.999998 6.555000 171.100028 112.156069 5.801139 
1.999998 6.545000 171.100028 111.984969 5.801139 
1.999998 6.535000 171.100028 111.813869 5.801139 
1.999998 6.525000 171.100028 111.642769 5.801139 
1.999998 6.515000 171.100028 111.471669 5.801139 
1.999998 6.505000 171.100028 111.300569 5.801139 
1.999998 6.495000 171.100028 111.129468 5.801139 
1.999998 6.485000 171.100028 110.958368 5.801139 
1.999998 6.475000 171.100028 110.787268 5.801139 
1.999998 6.465000 171.100028 110.616168 5.801139 
1.999998 6.455000 171.100028 110.445068 5.801139 
1.999998 6.445000 171.100028 110.273968 5.801139 
1.999998 6.435000 171.100028 110.102868 5.801139 
1.999998 6.425000 171.100028 109.931768 5.801139 
1.999998 6.415000 171.100028 109.760668 5.801139 
1.999998 6.405000 171.100028 109.589568 5.801139 
1.999998 6.395000 171.100028 109.418468 5.801139 
1.999998 6.385000 171.100028 109.247368 5.801139 
1.999998 6.375000 171.100028 109.076268 5.801139 
1.999998 6.365000 171.100028 108.905168 5.801139 
1.999998 6.355000 171.100028 108.734068 5.801139 
1.999998 6.345000 171.100028 108.562968 5.801139 
1.999998 6.335000 171.100028 108.391868 5.801139 
1.999998 6.325000 171.100028 108.220768 5.801139 
1.999998 6.315000 171.100028 108.049668 5.801139 
1.999998 6.305000 171.100028 107.878568 5.801139 
1.999998 6.295000 171.100028 107.707468 5.801139 
1.999998 6.285000 171.100028 107.536368 5.801139 
1.999998 6.275000 171.100028 107.365268 5.801139 
1.999998 6.265000 171.100028 107.194168 5.801139 
1.999998 6.255000 171.100028 107.023068 5.801139 
1.999998 6.245000 171.100028 106.851968 5.801139 
1.999998 6.235000 171.100028 106.680868 5.801139 
1.999998 6.225000 171.100028 106.509768 5.801139 
1.999998 6.215000 171.100028 106.338668 5.801139 
1.999998 6.205000 171.100028 106.167568 5.801139 
1.999998 6.195000 171.100028 105.996468 5.801139 
1.999998 6.185000 171.100028 105.825368 5.801139 
1.999998 6.175000 171.100028 105.654268 5.801139 
1.999998 6.165000 171.100028 105.483168 5.801139 
1.999998 6.155000 171.100028 105.312068 5.801139 
1.999998 6.145000 171.100028 105.140967 5.801139 
1.999998 6.135000 171.100028 104.969867 5.801139 
1.999998 6.125000 171.100028 104.798767 5.801139 
1.999998 6.115000 171.100028 104.627667 5.801139 
1.999998 6.105000 171.100028 104.456567 5.801139 
1.999998 6.095000 171.100028 104.285467 5.801139 
1.999998 6.085000 171.100028 104.114367 5.801139 
1.999998 6.075000 171.100028 103.943267 5.801139 
1.999998 6.065000 171.100028 103.772167 5.801139 
1.999998 6.055000 171.100028 103.601067 5.801139 
1.999998 6.045000 171.100028 103.429967 5.801139 
1.999998 6.035000 171.100028 103.258867 5.801139 
1.999998 6.025000 171.100028 103.087767 5.801139 
1.999998 6.015000 171.100028 102.916667 5.801139 
1.999998 6.005000 171.100028 102.745567 5.801139 
1.999998 5.995000 171.100028 102.574467 5.801139 
1.999998 5.985000 171.100028 102.403367 5.801139 
1.999998 5.975000 171.100028 102.232267 5.801139 
1.999998 5.965000 171.100028 102.061167 5.801139 
1.999998 5.955000 171.100028 101.890067 5.801139 
1.999998 5.945000 171.100028 101.718967 5.801139 
1.999998 5.935000 171.100028 101.547867 5.801139 
1.999998 5.925000 171.100028 101.376767 5.801139 
1.999998 5.915000 171.100028 101.205667 5.801139 
1.999998 5.905000 171.100028 101.034567 5.801139 
1.999998 5.895000 171.100028 100.863467 5.801139 
1.999998 5.885000 171.100028 100.692367 5.801139 
1.999998 5.875000 171.100028 100.521267 5.801139 
1.999998 5.865000 171.100028 100.350167 5.801139 
1.999998 5.855000 171.100028 100.179067 5.801139 
1.999998 5.845000 171.100028 100.007967 5.801139 
1.999998 5.835000 171.100028 99.836867 5.801139 
1.999998 5.825000 171.100028 99.665767 5.801139 
1.999998 5.815000 171.100028 99.494667 5.801139 
1.999998 5.805000 171.100028 99.323567 5.801139 
1.999989 5.795000 171.100028 99.152466 5.204459 
1.999989 5.785000 171.100028 98.981366 5.204459 
1.999989 5.775000 171.100028 98.810266 5.204459 
1.999989 5.765000 171.100028 98.639166 5.204459 
1.999989 5.755000 171.100028 98.468066 5.204459 
1.999989 5.745000 171.100028 98.296966 5.204459 
1.999989 5.735000 171.100028 98.125866 5.204459 
1.999989 5.725000 171.100028 97.954766 5.204459 
1.999989 5.715000 171.100028 97.783666 5.204459 
1.999989 5.705000 171.100028 97.612566 5.204459 
1.999989 5.695000 171.100028 97.441466 5.204459 
1.999989 5.685000 171.100028 97.270366 5.204459 
1.999989 5.675000 171.100028 97.099266 5.204459 
1.999989 5.665000 171.100028 96.928166 5.204459 
1.999989 5.655000 171.100028 96.757066 5.204459 
1.999989 5.645000 171.100028 96.585966 5.204459 
1.999989 5.635000 171.100028 96.414866 5.204459 
1.999989 5.625000 171.100028 96.243766 5.204459 
1.999989 5.615000 171.100028 96.072666 5.204459 
1.999989 5.605000 171.100028 95.901566 5.204459 
1.999989 5.595000 171.100028 95.730466 5.204459 
1.999989 5.585000 171.100028 95.559366 5.204459 
1.999989 5.575000 171.100028 95.388266 5.204459 
1.999989 5.565000 171.100028 95.217166 5.204459 
1.999989 5.555000 171.100028 95.046066 5.204459 
1.999989 5.545000 171.100028 94.874966 5.204459 
1.999989 5.535000 171.100028 94.703866 5.204459 
1.999989 5.525000 171.100028 94.532766 5.204459 
1.999989 5.515000 171.100028 94.361666 5.204459 
1.999989 5.505000 171.100028 94.190566 5.204459 
1.999989 5.495000 171.100028 94.019466 5.204459 
1.999989 5.485000 171.100028 93.848366 5.204459 
1.999989 5.475000 171.100028 93.677266 5.204459 
1.999989 5.465000 171.100028 93.506166 5.204459 
1.999989 5.455000 171.100028 93.335066 5.204459 
1.999989 5.445000 171.100028 93.163965 5.204459 
1.999989 5.435000 171.100028 92.992865 5.204459 
1.999989 5.425000 171.100028 92.821765 5.204459 
1.999989 5.415000 171.100028 92.650665 5.204459 
1.999989 5.405000 171.100028 92.479565 5.204459 
1.999989 5.395000 171.100028 92.308465 5.204459 
1.999989 5.385000 171.100028 92.137365 5.204459 
1.999989 5.375000 171.100028 91.966265 5.204459 
1.999989 5.365000 171.100028 91.795165 5.204459 
1.999989 5.355000 171.100028 91.624065 5.204459 
1.999989 5.345000 171.100028 91.452965 5.204459 
1.999989 5.335000 171.100028 91.281865 5.204459 
1.999989 5.325000 171.100028 91.110765 5.204459 
1.999989 5.315000 171.100028 90.939665 5.204459 
1.999989 5.305000 171.100028 90.768565 5.204459 
1.999989 5.295000 171.100028 90.597465 5.204459 
1.999989 5.285000 171.100028 90.426365 5.204459 
1.999989 5.275000 171.100028 90.255265 5.204459 
1.999989 5.265000 171.100028 90.084165 5.204459 
1.999989 5.255000 171.100028 89.913065 5.204459 
1.999989 5.245000 171.100028 89.741965 5.204459 
1.999989 5.235000 171.100028 89.570865 5.204459 
1.999989 5.225000 171.100028 89.399765 5.204459 
1.999989 5.215000 171.100028 89.228665 5.204459 
1.999971 5.195000 171.100028 88.886465 4.894709 
1.999971 5.185000 171.100028 88.715365 4.894709 
1.999971 5.175000 171.100028 88.544265 4.894709 
1.999971 5.165000 171.100028 88.373165 4.894709 
1.999971 5.155000 171.100028 88.202065 4.894709 
1.999971 5.145000 171.100028 88.030965 4.894709 
1.999971 5.135000 171.100028 87.859865 4.894709 
1.999971 5.125000 171.100028 87.688765 4.894709 
1.999971 5.115000 171.100028 87.517665 4.894709 
1.999971 5.105000 171.100028 87.346565 4.894709 
1.999971 5.095000 171.100028 87.175464 4.894709 
1.999971 5.085000 171.100028 87.004364 4.894709 
1.999971 5.075000 171.100028 86.833264 4.894709 
1.999971 5.065000 171.100028 86.662164 4.894709 
1.999971 5.055000 171.100028 86.491064 4.894709 
1.999971 5.045000 171.100028 86.319964 4.894709 
1.999971 5.035000 171.100028 86.148864 4.894709 
1.999971 5.025000 171.100028 85.977764 4.894709 
1.999971 5.015000 171.100028 85.806664 4.894709 
1.999971 5.005000 171.100028 85.635564 4.894709 
1.999971 4.995000 171.100028 85.464464 4.894709 
1.999971 4.985000 171.100028 85.293364 4.894709 
1.999971 4.975000 171.100028 85.122264 4.894709 
1.999971 4.965000 171.100028 84.951164 4.894709 
1.999971 4.955000 171.100028 84.780064 4.894709 
1.999971 4.945000 171.100028 84.608964 4.894709 
1.999971 4.935000 171.100028 84.437864 4.894709 
1.999971 4.925000 171.100028 84.266764 4.894709 
1.999971 4.915000 171.100028 84.095664 4.894709 
1.999971 4.905000 171.100028 83.924564 4.894709 
1.999944 4.885000 171.100028 83.582364 4.684034 
1.999944 4.875000 171.100028 83.411264 4.684034 
1.999944 4.865000 171.100028 83.240164 4.684034 
1.999944 4.855000 171.100028 83.069064 4.684034 
1.999944 4.845000 171.100028 82.897964 4.684034 
1.999944 4.835000 171.100028 82.726864 4.684034 
1.999944 4.825000 171.100028 82.555764 4.684034 
1.999944 4.815000 171.100028 82.384664 4.684034 
1.999944 4.805000 171.100028 82.213564 4.684034 
1.999944 4.795000 171.100028 82.042464 4.684034 
1.999944 4.785000 171.100028 81.871364 4.684034 
1.999944 4.775000 171.100028 81.700264 4.684034 
1.999944 4.765000 171.100028 81.529164 4.684034 
1.999944 4.755000 171.100028 81.358064 4.684034 
1.999944 4.745000 171.100028 81.186964 4.684034 
1.999944 4.735000 171.100028 81.015863 4.684034 
1.999944 4.725000 171.100028 80.844763 4.684034 
1.999944 4.715000 171.100028 80.673663 4.684034 
1.999944 4.705000 171.100028 80.502563 4.684034 
1.999944 4.695000 171.100028 80.331463 4.684034 
1.999944 4.685000 171.100028 80.160363 4.684034 
1.999910 4.675000 171.100028 79.989263 4.524183 
1.999910 4.665000 171.100028 79.818163 4.524183 
1.999910 4.655000 171.100028 79.647063 4.524183 
1.999910 4.645000 171.100028 79.475963 4.524183 
1.999910 4.635000 171.100028 79.304863 4.524183 
1.999910 4.625000 171.100028 79.133763 4.524183 
1.999910 4.615000 171.100028 78.962663 4.524183 
1.999910 4.605000 171.100028 78.791563 4.524183 
1.999910 4.595000 171.100028 78.620463 4.524183 
1.999910 4.585000 171.100028 78.449363 4.524183 
1.999910 4.575000 171.100028 78.278263 4.524183 
1.999910 4.565000 171.100028 78.107163 4.524183 
1.999910 4.555000 171.100028 77.936063 4.524183 
1.999910 4.545000 171.100028 77.764963 4.524183 
1.999910 4.535000 171.100028 77.593863 4.524183 
1.999910 4.525000 171.100028 77.422763 4.524183 
1.999867 4.515000 171.100028 77.251663 4.395335 
1.999867 4.505000 171.100028 77.080563 4.395335 
1.999867 4.495000 171.100028 76.909463 4.395335 
1.999867 4.485000 171.100028 76.738363 4.395335 
1.999867 4.475000 171.100028 76.567263 4.395335 
1.999867 4.465000 171.100028 76.396163 4.395335 
1.999867 4.455000 171.100028 76.225063 4.395335 
1.999867 4.445000 171.100028 76.053963 4.395335 
1.999867 4.435000 171.100028 75.882863 4.395335 
1.999867 4.425000 171.100028 75.711763 4.395335 
1.999867 4.415000 171.100028 75.540663 4.395335 
1.999867 4.405000 171.100028 75.369563 4.395335 
1.999816 4.395000 171.100028 75.198463 4.287393 
1.999816 4.385000 171.100028 75.027362 4.287393 
1.999816 4.375000 171.100028 74.856262 4.287393 
1.999816 4.365000 171.100028 74.685162 4.287393 
1.999816 4.355000 171.100028 74.514062 4.287393 
1.999816 4.345000 171.100028 74.342962 4.287393 
1.999816 4.335000 171.100028 74.171862 4.287393 
1.999816 4.325000 171.100028 74.000762 4.287393 
1.999816 4.315000 171.100028 73.829662 4.287393 
1.999816 4.305000 171.100028 73.658562 4.287393 
1.999816 4.295000 171.100028 73.487462 4.287393 
1.999756 4.285000 171.100028 73.316362 4.194507 
1.999756 4.275000 171.100028 73.145262 4.194507 
1.999756 4.265000 171.100028 72.974162 4.194507 
1.999756 4.255000 171.100028 72.803062 4.194507 
1.999756 4.245000 171.100028 72.631962 4.194507 
1.999756 4.235000 171.100028 72.460862 4.194507 
1.999756 4.225000 171.100028 72.289762 4.194507 
1.999756 4.215000 171.100028 72.118662 4.194507 
1.999756 4.205000 171.100028 71.947562 4.194507 
1.999756 4.195000 171.100028 71.776462 4.194507 
1.999689 4.185000 171.100028 71.605362 4.112985 
1.999689 4.175000 171.100028 71.434262 4.112985 
1.999689 4.165000 171.100028 71.263162 4.112985 
1.999689 4.155000 171.100028 71.092062 4.112985 
1.999689 4.145000 171.100028 70.920962 4.112985 
1.999689 4.135000 171.100028 70.749862 4.112985 
1.999689 4.125000 171.100028 70.578762 4.112985 
1.999689 4.115000 171.100028 70.407662 4.112985 
1.999613 4.105000 171.100028 70.236562 4.040344 
1.999613 4.095000 171.100028 70.065462 4.040344 
1.999613 4.085000 171.100028 69.894362 4.040344 
1.999613 4.075000 171.100028 69.723262 4.040344 
1.999613 4.065000 171.100028 69.552162 4.040344 
1.999613 4.055000 171.100028 69.381062 4.040344 
1.999613 4.045000 171.100028 69.209962 4.040344 
1.999529 4.035000 171.100028 69.038861 3.974836 
1.999529 4.025000 171.100028 68.867761 3.974836 
1.999529 4.015000 171.100028 68.696661 3.974836 
1.999529 4.005000 171.100028 68.525561 3.974836 
1.999529 3.995000 171.100028 68.354461 3.974836 
1.999529 3.985000 171.100028 68.183361 3.974836 
1.999529 3.975000 171.100028 68.012261 3.974836 
1.999437 3.965000 171.100028 67.841161 3.915183 
1.999437 3.955000 171.100028 67.670061 3.915183 
1.999437 3.945000 171.100028 67.498961 3.915183 
1.999437 3.935000 171.100028 67.327861 3.915183 
1.999437 3.925000 171.100028 67.156761 3.915183 
1.999336 3.915000 171.100028 66.985661 3.860423 
1.999336 3.905000 171.100028 66.814561 3.860423 
1.999336 3.895000 171.100028 66.643461 3.860423 
1.999336 3.885000 171.100028 66.472361 3.860423 
1.999336 3.875000 171.100028 66.301261 3.860423 
1.999336 3.865000 171.100028 66.130161 3.860423 
1.999227 3.855000 171.100028 65.959061 3.809810 
1.999227 3.845000 171.100028 65.787961 3.809810 
1.999227 3.835000 171.100028 65.616861 3.809810 
1.999227 3.825000 171.100028 65.445761 3.809810 
1.999227 3.815000 171.100028 65.274661 3.809810 
1.999110 3.805000 171.100028 65.103561 3.762761 
1.999110 3.795000 171.100028 64.932461 3.762761 
1.999110 3.785000 171.100028 64.761361 3.762761 
1.999110 3.775000 171.100028 64.590261 3.762761 
1.999110 3.765000 171.100028 64.419161 3.762761 
1.998985 3.755000 171.100028 64.248061 3.718803 
1.998985 3.745000 171.100028 64.076961 3.718803 
1.998985 3.735000 171.100028 63.905861 3.718803 
1.998985 3.725000 171.100028 63.734761 3.718803 
1.998852 3.715000 171.100028 63.563661 3.677556 
1.998852 3.705000 171.100028 63.392561 3.677556 
1.998852 3.695000 171.100028 63.221461 3.677556 
1.998852 3.685000 171.100028 63.050360 3.677556 
1.998710 3.675000 171.100028 62.879260 3.638702 
1.998710 3.665000 171.100028 62.708160 3.638702 
1.998710 3.655000 171.100028 62.537060 3.638702 
1.998710 3.645000 171.100028 62.365960 3.638702 
1.998560 3.635000 171.100028 62.194860 3.601977 
1.998560 3.625000 171.100028 62.023760 3.601977 
1.998560 3.615000 171.100028 61.852660 3.601977 
1.998560 3.605000 171.100028 61.681560 3.601977 
1.998401 3.595000 171.100028 61.510460 3.567161 
1.998401 3.585000 171.100028 61.339360 3.567161 
1.998401 3.575000 171.100028 61.168260 3.567161 
1.998235 3.565000 171.100028 60.997160 3.534062 
1.998235 3.555000 171.100028 60.826060 3.534062 
1.998235 3.545000 171.100028 60.654960 3.534062 
1.998235 3.535000 171.100028 60.483860 3.534062 
1.998060 3.525000 171.100028 60.312760 3.502518 
1.998060 3.515000 171.100028 60.141660 3.502518 
1.998060 3.505000 171.100028 59.970560 3.502518 
1.997877 3.495000 171.100028 59.799460 3.472390 
1.997877 3.485000 171.100028 59.628360 3.472390 
1.997877 3.475000 171.100028 59.457260 3.472390 
1.997685 3.465000 171.100028 59.286160 3.443554 
1.997685 3.455000 171.100028 59.115060 3.443554 
1.997685 3.445000 171.100028 58.943960 3.443554 
1.997486 3.435000 171.100028 58.772860 3.415903 
1.997486 3.425000 171.100028 58.601760 3.415903 
1.997278 3.415000 171.100028 58.430660 3.389342 
1.997278 3.405000 171.100028 58.259560 3.389342 
1.997278 3.395000 171.100028 58.088460 3.389342 
1.997062 3.385000 171.100028 57.917360 3.363789 
1.997062 3.375000 171.100028 57.746260 3.363789 
1.997062 3.365000 171.100028 57.575160 3.363789 
1.996837 3.355000 171.100028 57.404060 3.339169 
1.996837 3.345000 171.100028 57.232960 3.339169 
1.996605 3.335000 171.100028 57.061859 3.315415 
1.996605 3.325000 171.100028 56.890759 3.315415 
1.996364 3.315000 171.100028 56.719659 3.292468 
1.996364 3.305000 171.100028 56.548559 3.292468 
1.996364 3.295000 171.100028 56.377459 3.292468 
1.996115 3.285000 171.100028 56.206359 3.270273 
1.996115 3.275000 171.100028 56.035259 3.270273 
1.995857 3.265000 171.100028 55.864159 3.248783 
1.995857 3.255000 171.100028 55.693059 3.248783 
1.995592 3.245000 171.100028 55.521959 3.227954 
1.995592 3.235000 171.100028 55.350859 3.227954 
1.995318 3.225000 171.100028 55.179759 3.207745 
1.995318 3.215000 171.100028 55.008659 3.207745 
1.995035 3.205000 171.100028 54.837559 3.188120 
1.995035 3.195000 171.100028 54.666459 3.188120 
1.994745 3.185000 171.100028 54.495359 3.169045 
1.994745 3.175000 171.100028 54.324259 3.169045 
1.994446 3.165000 171.100028 54.153159 3.150490 
1.994446 3.155000 171.100028 53.982059 3.150490 
1.994139 3.145000 171.100028 53.810959 3.132427 
1.994139 3.135000 171.100028 53.639859 3.132427 
1.993823 3.125000 171.100028 53.468759 3.114830 
1.993823 3.115000 171.100028 53.297659 3.114830 
1.993500 3.105000 171.100028 53.126559 3.097675 
1.993168 3.095000 171.100028 52.955459 3.080939 
1.993168 3.085000 171.100028 52.784359 3.080939 
1.992828 3.075000 171.100028 52.613259 3.064602 
1.992828 3.065000 171.100028 52.442159 3.064602 
1.992479 3.055000 171.100028 52.271059 3.048645 
1.992122 3.045000 171.100028 52.099959 3.033050 
1.992122 3.035000 171.100028 51.928859 3.033050 
1.991757 3.025000 171.100028 51.757759 3.017801 
1.991384 3.015000 171.100028 51.586659 3.002882 
1.991384 3.005000 171.100028 51.415559 3.002882 
1.991002 2.995000 171.100028 51.244459 2.988279 
1.990612 2.985000 171.100028 51.073358 2.973978 
1.990612 2.975000 171.100028 50.902258 2.973978 
1.990214 2.965000 171.100028 50.731158 2.959967 
1.989808 2.955000 171.100028 50.560058 2.946232 
1.989393 2.945000 171.100028 50.388958 2.932765 
1.989393 2.935000 171.100028 50.217858 2.932765 
1.988970 2.925000 171.100028 50.046758 2.919553 
1.988538 2.915000 171.100028 49.875658 2.906587 
1.988098 2.905000 171.100028 49.704558 2.893857 
1.988098 2.895000 171.100028 49.533458 2.893857 
1.987650 2.885000 171.100028 49.362358 2.881355 
1.987194 2.875000 171.100028 49.191258 2.869072 
1.986729 2.865000 171.100028 49.020158 2.857000 
1.986256 2.855000 171.100028 48.849058 2.845132 
1.985775 2.845000 171.100028 48.677958 2.833460 
1.985775 2.835000 171.100028 48.506858 2.833460 
1.985285 2.825000 171.100028 48.335758 2.821979 
1.984787 2.815000 171.100028 48.164658 2.810680 
1.984281 2.805000 171.100028 47.993558 2.799559 
1.983766 2.795000 171.100028 47.822458 2.788610 
1.983243 2.785000 171.100028 47.651358 2.777826 
1.982712 2.775000 171.100028 47.480258 2.767203 
1.982172 2.765000 171.100028 47.309158 2.756735 
1.981624 2.755000 171.100028 47.138058 2.746418 
1.981068 2.745000 171.100028 46.966958 2.736248 
1.980503 2.735000 171.100028 46.795858 2.726219 
1.979930 2.725000 171.100028 46.624758 2.716327 
1.979349 2.715000 171.100028 46.453658 2.706569 
1.978759 2.705000 171.100028 46.282558 2.696940 
1.978161 2.695000 171.100028 46.111458 2.687438 
1.977554 2.685000 171.100028 45.940358 2.678058 
1.976939 2.675000 171.100028 45.769258 2.668797 
1.976316 2.665000 171.100028 45.598158 2.659651 
1.975684 2.655000 171.100028 45.427058 2.650618 
1.975044 2.645000 171.100028 45.255958 2.641695 
1.974396 2.635000 171.100028 45.084857 2.632878 
1.973739 2.625000 171.100028 44.913757 2.624165 
1.972401 2.615000 171.100028 44.742657 2.607039 
1.971719 2.605000 171.100028 44.571557 2.598622 
1.971028 2.595000 171.100028 44.400457 2.590298 
1.970330 2.585000 171.100028 44.229357 2.582066 
1.969623 2.575000 171.100028 44.058257 2.573923 
1.968183 2.565000 171.100028 43.887157 2.557895 
1.967451 2.555000 171.100028 43.716057 2.550006 
1.966710 2.545000 171.100028 43.544957 2.542198 
1.965961 2.535000 171.100028 43.373857 2.534470 
1.964437 2.525000 171.100028 43.202757 2.519241 
1.963662 2.515000 171.100028 43.031657 2.511739 
1.962879 2.505000 171.100028 42.860557 2.504308 
1.961288 2.495000 171.100028 42.689457 2.489657 
1.960480 2.485000 171.100028 42.518357 2.482433 
1.958838 2.475000 171.100028 42.347257 2.468181 
1.958004 2.465000 171.100028 42.176157 2.461150 
1.957162 2.455000 171.100028 42.005057 2.454182 
1.955452 2.445000 171.100028 41.833957 2.440425 
1.954584 2.435000 171.100028 41.662857 2.433634 
1.952823 2.425000 171.100028 41.491757 2.420221 
1.951930 2.415000 171.100028 41.320657 2.413597 
1.950118 2.405000 171.100028 41.149557 2.400509 
1.949199 2.395000 171.100028 40.978457 2.394042 
1.947336 2.385000 171.100028 40.807357 2.381259 
1.946392 2.375000 171.100028 40.636257 2.374941 
1.944478 2.365000 171.100028 40.465157 2.362446 
1.942529 2.355000 171.100028 40.294057 2.350133 
1.941542 2.345000 171.100028 40.122957 2.344044 
1.939542 2.335000 171.100028 39.951857 2.331993 
1.937508 2.325000 171.100028 39.780757 2.320109 
1.936478 2.315000 171.100028 39.609657 2.314228 
1.934393 2.305000 171.100028 39.438557 2.302583 
1.932273 2.295000 171.100028 39.267457 2.291090 
1.930118 2.285000 171.100028 39.096357 2.279744 
1.929028 2.275000 171.100028 38.925256 2.274125 
1.926821 2.265000 171.100028 38.754156 2.262989 
1.924580 2.255000 171.100028 38.583056 2.251989 
1.922304 2.245000 171.100028 38.411956 2.241118 
1.919994 2.235000 171.100028 38.240856 2.230373 
1.917649 2.225000 171.100028 38.069756 2.219750 
1.916463 2.215000 171.100028 37.898656 2.214483 
1.914066 2.205000 171.100028 37.727556 2.204034 
1.911633 2.195000 171.100028 37.556456 2.193697 
1.909166 2.185000 171.100028 37.385356 2.183469 
1.906664 2.175000 171.100028 37.214256 2.173345 
1.904126 2.165000 171.100028 37.043156 2.163323 
1.901554 2.155000 171.100028 36.872056 2.153399 
1.898946 2.145000 171.100028 36.700956 2.143570 
1.896303 2.135000 171.100028 36.529856 2.133833 
1.893625 2.125000 171.100028 36.358756 2.124185 
1.890911 2.115000 171.100028 36.187656 2.114624 
1.886774 2.105000 171.100028 36.016556 2.100439 
1.883972 2.095000 171.100028 35.845456 2.091083 
1.881134 2.085000 171.100028 35.674356 2.081804 
1.878260 2.075000 171.100028 35.503256 2.072601 
1.875350 2.065000 171.100028 35.332156 2.063471 
1.872405 2.055000 171.100028 35.161056 2.054411 
1.867920 2.045000 171.100028 34.989956 2.040949 
1.864884 2.035000 171.100028 34.818856 2.032057 
1.861813 2.025000 171.100028 34.647756 2.023228 
1.858706 2.015000 171.100028 34.476656 2.014461 
1.853976 2.005000 171.100028 34.305556 2.001421 
1.850778 1.995000 171.100028 34.134456 1.992800 
1.847544 1.985000 171.100028 33.963356 1.984234 
1.842623 1.975000 171.100028 33.792256 1.971484 
1.839297 1.965000 171.100028 33.621156 1.963049 
1.835934 1.955000 171.100028 33.450056 1.954663 
1.830821 1.945000 171.100028 33.278956 1.942174 
1.827366 1.935000 171.100028 33.107856 1.933905 
1.822114 1.925000 171.100028 32.936755 1.921584 
1.818567 1.915000 171.100028 32.765655 1.913424 
1.813175 1.905000 171.100028 32.594555 1.901259 
1.809534 1.895000 171.100028 32.423455 1.893198 
1.804002 1.885000 171.100028 32.252355 1.881177 
1.800267 1.875000 171.100028 32.081255 1.873208 
1.794594 1.865000 171.100028 31.910155 1.861318 
1.790765 1.855000 171.100028 31.739055 1.853433 
1.784949 1.845000 171.100028 31.567955 1.841664 
1.781025 1.835000 171.100028 31.396855 1.833855 
1.775066 1.825000 171.100028 31.225755 1.822197 
1.771045 1.815000 171.100028 31.054655 1.814458 
1.764942 1.805000 171.100028 30.883555 1.802900 
1.758752 1.795000 171.100028 30.712455 1.791396 
1.754577 1.785000 171.100028 30.541355 1.783757 
1.748241 1.775000 171.100028 30.370255 1.772339 
1.743968 1.765000 171.100028 30.199155 1.764753 
1.737485 1.755000 171.100028 30.028055 1.753410 
1.730913 1.745000 171.100028 29.856955 1.742110 
1.726483 1.735000 171.100028 29.685855 1.734597 
1.719762 1.725000 171.100028 29.514755 1.723359 
1.712951 1.715000 171.100028 29.343655 1.712154 
1.708360 1.705000 171.100028 29.172555 1.704701 
1.701399 1.695000 171.100028 29.001455 1.693546 
1.694346 1.685000 171.100028 28.830355 1.682416 
1.687202 1.675000 171.100028 28.659255 1.671309 
1.682388 1.665000 171.100028 28.488155 1.663916 
1.675089 1.655000 171.100028 28.317055 1.652842 
1.667698 1.645000 171.100028 28.145955 1.641784 
1.662719 1.635000 171.100028 27.974855 1.634419 
1.655171 1.625000 171.100028 27.803755 1.623381 
1.647530 1.615000 171.100028 27.632655 1.612352 
1.639793 1.605000 171.100028 27.461555 1.601329 
1.634583 1.595000 171.100028 27.290455 1.593983 
1.626687 1.585000 171.100028 27.119355 1.582964 
1.618694 1.575000 171.100028 26.948254 1.571946 
1.613312 1.565000 171.100028 26.777154 1.564598 
1.605158 1.555000 171.100028 26.606054 1.553572 
1.596906 1.545000 171.100028 26.434954 1.542539 
1.588555 1.535000 171.100028 26.263854 1.531496 
1.582932 1.525000 171.100028 26.092754 1.524128 
1.574415 1.515000 171.100028 25.921654 1.513062 
1.565798 1.505000 171.100028 25.750554 1.501980 
1.559997 1.495000 171.100028 25.579454 1.494582 
1.551211 1.485000 171.100028 25.408354 1.483466 
1.542323 1.475000 171.100028 25.237254 1.472326 
1.536340 1.465000 171.100028 25.066154 1.464886 
1.527280 1.455000 171.100028 24.895054 1.453701 
1.518115 1.445000 171.100028 24.723954 1.442486 
1.511947 1.435000 171.100028 24.552854 1.434990 
1.502607 1.425000 171.100028 24.381754 1.423718 
1.493161 1.415000 171.100028 24.210654 1.412407 
1.486804 1.405000 171.100028 24.039554 1.404844 
1.477179 1.395000 171.100028 23.868454 1.393464 
1.467445 1.385000 171.100028 23.697354 1.382039 
1.460896 1.375000 171.100028 23.526254 1.374395 
1.450979 1.365000 171.100028 23.355154 1.362887 
1.440951 1.355000 171.100028 23.184054 1.351326 
1.434204 1.345000 171.100028 23.012954 1.343588 
1.423990 1.335000 171.100028 22.841854 1.331931 
1.417117 1.325000 171.100028 22.670754 1.324126 
1.406713 1.315000 171.100028 22.499654 1.312365 
1.399713 1.305000 171.100028 22.328554 1.304488 
1.389117 1.295000 171.100028 22.157454 1.292613 
1.381987 1.285000 171.100028 21.986354 1.284657 
1.371195 1.275000 171.100028 21.815254 1.272659 
1.363935 1.265000 171.100028 21.644154 1.264617 
1.352944 1.255000 171.100028 21.473054 1.252487 
1.345550 1.245000 171.100028 21.301954 1.244353 
1.334358 1.235000 171.100028 21.130854 1.232079 
1.326828 1.225000 171.100028 20.959753 1.223846 
1.315431 1.215000 171.100028 20.788653 1.211418 
1.307764 1.205000 171.100028 20.617553 1.203079 
1.300040 1.195000 171.100028 20.446453 1.194694 
1.288350 1.185000 171.100028 20.275353 1.182031 
1.280485 1.175000 171.100028 20.104253 1.173529 
1.272563 1.165000 171.100028 19.933153 1.164977 
1.260572 1.155000 171.100028 19.762053 1.152054 
1.252506 1.145000 171.100028 19.590953 1.143372 
1.244380 1.135000 171.100028 19.419853 1.134636 
1.232081 1.125000 171.100028 19.248753 1.121426 
1.223807 1.115000 171.100028 19.077653 1.112547 
1.215472 1.105000 171.100028 18.906553 1.103608 
1.207076 1.095000 171.100028 18.735453 1.094607 
1.194368 1.085000 171.100028 18.564353 1.080985 
1.185818 1.075000 171.100028 18.393253 1.071822 
1.177206 1.065000 171.100028 18.222153 1.062591 
1.168531 1.055000 171.100028 18.051053 1.053290 
1.159791 1.045000 171.100028 17.879953 1.043917 
1.150988 1.035000 171.100028 17.708853 1.034470 
1.142120 1.025000 171.100028 17.537753 1.024947 
1.128695 1.015000 171.100028 17.366653 1.010515 
1.119663 1.005000 171.100028 17.195553 1.000793 
1.110563 0.995000 171.100028 17.024453 0.990986 
1.101396 0.985000 171.100028 16.853353 0.981094 
1.092161 0.975000 171.100028 16.682253 0.971112 
1.082858 0.965000 171.100028 16.511153 0.961039 
1.073485 0.955000 171.100028 16.340053 0.950872 
1.064041 0.945000 171.100028 16.168953 0.940609 
1.054527 0.935000 171.100028 15.997853 0.930245 
1.044942 0.925000 171.100028 15.826753 0.919779 
1.040122 0.915000 171.100028 15.655653 0.914506 
1.030427 0.905000 171.100028 15.484553 0.903880 
1.020660 0.895000 171.100028 15.313453 0.893143 
1.010818 0.885000 171.100028 15.142353 0.882293 
1.000901 0.875000 171.100028 14.971252 0.871324 
0.990909 0.865000 171.100028 14.800152 0.860235 
0.985884 0.855000 171.100028 14.629052 0.854643 
0.975776 0.845000 171.100028 14.457952 0.843365 
0.965590 0.835000 171.100028 14.286852 0.831955 
0.955325 0.825000 171.100028 14.115752 0.820410 
0.950163 0.815000 171.100028 13.944652 0.814585 
0.939778 0.805000 171.100028 13.773552 0.802828 
0.929313 0.795000 171.100028 13.602452 0.790925 
0.924049 0.785000 171.100028 13.431352 0.784916 
0.913459 0.775000 171.100028 13.260252 0.772783 
0.902786 0.765000 171.100028 13.089152 0.760490 
0.897418 0.755000 171.100028 12.918052 0.754282 
0.886617 0.745000 171.100028 12.746952 0.741740 
0.875730 0.735000 171.100028 12.575852 0.729023 
0.870253 0.725000 171.100028 12.404752 0.722598 
0.859234 0.715000 171.100028 12.233652 0.709608 
0.853692 0.705000 171.100028 12.062552 0.703043 
0.842538 0.695000 171.100028 11.891452 0.689765 
0.836927 0.685000 171.100028 11.720352 0.683052 
0.825636 0.675000 171.100028 11.549252 0.669470 
0.819956 0.665000 171.100028 11.378152 0.662600 
0.808525 0.655000 171.100028 11.207052 0.648696 
0.802774 0.645000 171.100028 11.035952 0.641661 
0.796999 0.635000 171.100028 10.864852 0.634567 
0.785376 0.625000 171.100028 10.693752 0.620204 
0.779528 0.615000 171.100028 10.522652 0.612932 
0.767757 0.605000 171.100028 10.351552 0.598200 
0.761834 0.595000 171.100028 10.180452 0.590737 
0.755886 0.585000 171.100028 10.009352 0.583209 
0.743913 0.575000 171.100028 9.838252 0.567948 
0.737888 0.565000 171.100028 9.667152 0.560212 
0.731837 0.555000 171.100028 9.496052 0.552405 
0.725759 0.545000 171.100028 9.324952 0.544524 
0.713524 0.535000 171.100028 9.153852 0.528535 
0.707366 0.525000 171.100028 8.982751 0.520423 
0.701181 0.515000 171.100028 8.811651 0.512232 
0.694968 0.505000 171.100028 8.640551 0.503958 
0.682459 0.495000 171.100028 8.469451 0.487156 
0.676163 0.485000 171.100028 8.298351 0.478623 
0.669837 0.475000 171.100028 8.127251 0.470001 
0.663484 0.465000 171.100028 7.956151 0.461286 
0.657101 0.455000 171.100028 7.785051 0.452477 
0.650689 0.445000 171.100028 7.613951 0.443570 
0.644247 0.435000 171.100028 7.442851 0.434564 
0.631274 0.425000 171.100028 7.271751 0.416243 
0.624742 0.415000 171.100028 7.100651 0.406923 
0.618179 0.405000 171.100028 6.929551 0.397493 
0.611586 0.395000 171.100028 6.758451 0.387950 
0.604961 0.385000 171.100028 6.587351 0.378290 
0.598304 0.375000 171.100028 6.416251 0.368511 
0.591615 0.365000 171.100028 6.245151 0.358610 
0.584895 0.355000 171.100028 6.074051 0.348582 
0.578141 0.345000 171.100028 5.902951 0.338425 
0.571354 0.335000 171.100028 5.731851 0.328134 
0.564534 0.325000 171.100028 5.560751 0.317706 
0.557681 0.315000 171.100028 5.389651 0.307137 
0.550793 0.305000 171.100028 5.218551 0.296422 
0.543871 0.295000 171.100028 5.047451 0.285557 
0.536914 0.285000 171.100028 4.876351 0.274537 
0.536914 0.275000 171.100028 4.705251 0.274537 
0.529921 0.265000 171.100028 4.534151 0.263358 
0.522893 0.255000 171.100028 4.363051 0.252014 
0.515829 0.245000 171.100028 4.191951 0.240500 
0.508728 0.235000 171.100028 4.020851 0.228811 
0.501591 0.225000 171.100028 3.849751 0.216940 
0.494416 0.215000 171.100028 3.678651 0.204881 
0.494416 0.205000 171.100028 3.507551 0.204881 
0.487203 0.195000 171.100028 3.336451 0.192629 
0.479951 0.185000 171.100028 3.165351 0.180175 
0.472661 0.175000 171.100028 2.994250 0.167514 
0.465331 0.165000 171.100028 2.823150 0.154637 
0.465331 0.155000 171.100028 2.652050 0.154637 
0.457962 0.145000 171.100028 2.480950 0.141537 
0.450552 0.135000 171.100028 2.309850 0.128205 
0.443101 0.125000 171.100028 2.138750 0.114632 
0.443101 0.115000 171.100028 1.967650 0.114632 
0.435608 0.105000 171.100028 1.796550 0.100808 
0.428074 0.095000 171.100028 1.625450 0.086725 
0.420496 0.085000 171.100028 1.454350 0.072371 
0.420496 0.075000 171.100028 1.283250 0.072371 
0.412876 0.065000 171.100028 1.112150 0.057735 
0.405211 0.055000 171.100028 0.941050 0.042806 
0.405211 0.045000 171.100028 0.769950 0.042806 
0.397502 0.035000 171.100028 0.598850 0.027570 
0.389747 0.025000 171.100028 0.427750 0.012014 
0.389747 0.015000 171.100028 0.256650 0.012014 
