1.999998 9.985000 2.837007 2.832751 5.614792 
1.999998 9.975000 2.837007 2.829914 5.614792 
1.999998 9.965000 2.837007 2.827077 5.614792 
1.999998 9.955000 2.837007 2.824240 5.614792 
1.999998 9.945000 2.837007 2.821403 5.614792 
1.999998 9.935000 2.837007 2.818566 5.614792 
1.999998 9.925000 2.837007 2.815729 5.614792 
1.999998 9.915000 2.837007 2.812892 5.614792 
1.999998 9.905000 2.837007 2.810055 5.614792 
1.999998 9.895000 2.837007 2.807218 5.614792 
1.999998 9.885000 2.837007 2.804381 5.614792 
1.999998 9.875000 2.837007 2.801544 5.614792 
1.999998 9.865000 2.837007 2.798707 5.614792 
1.999998 9.855000 2.837007 2.795870 5.614792 
1.999998 9.845000 2.837007 2.793033 5.614792 
1.999998 9.835000 2.837007 2.790196 5.614792 
1.999998 9.825000 2.837007 2.787359 5.614792 
1.999998 9.815000 2.837007 2.784522 5.614792 
1.999998 9.805000 2.837007 2.781685 5.614792 
1.999998 9.795000 2.837007 2.778848 5.614792 
1.999998 9.785000 2.837007 2.776011 5.614792 
1.999998 9.775000 2.837007 2.773174 5.614792 
1.999998 9.765000 2.837007 2.770337 5.614792 
1.999998 9.755000 2.837007 2.767500 5.614792 
1.999998 9.745000 2.837007 2.764663 5.614792 
1.999998 9.735000 2.837007 2.761826 5.614792 
1.999998 9.725000 2.837007 2.758989 5.614792 
1.999998 9.715000 2.837007 2.756152 5.614792 
1.999998 9.705000 2.837007 2.753315 5.614792 
1.999998 9.695000 2.837007 2.750478 5.614792 
1.999998 9.685000 2.837007 2.747641 5.614792 
1.999998 9.675000 2.837007 2.744804 5.614792 
1.999998 9.665000 2.837007 2.741967 5.614792 
1.999998 9.655000 2.837007 2.739130 5.614792 
1.999998 9.645000 2.837007 2.736293 5.614792 
1.999998 9.635000 2.837007 2.733456 5.614792 
1.999998 9.625000 2.837007 2.730619 5.614792 
1.999998 9.615000 2.837007 2.727782 5.614792 
1.999998 9.605000 2.837007 2.724945 5.614792 
1.999998 9.595000 2.837007 2.722108 5.614792 
1.999998 9.585000 2.837007 2.719271 5.614792 
1.999998 9.575000 2.837007 2.716434 5.614792 
1.999998 9.565000 2.837007 2.713597 5.614792 
1.999998 9.555000 2.837007 2.710760 5.614792 
1.999998 9.545000 2.837007 2.707923 5.614792 
1.999998 9.535000 2.837007 2.705086 5.614792 
1.999998 9.525000 2.837007 2.702249 5.614792 
1.999998 9.515000 2.837007 2.699412 5.614792 
1.999998 9.505000 2.837007 2.696575 5.614792 
1.999998 9.495000 2.837007 2.693738 5.614792 
1.999998 9.485000 2.837007 2.690901 5.614792 
1.999998 9.475000 2.837007 2.688064 5.614792 
1.999998 9.465000 2.837007 2.685227 5.614792 
1.999998 9.455000 2.837007 2.682390 5.614792 
1.999998 9.445000 2.837007 2.679553 5.614792 
1.999998 9.435000 2.837007 2.676716 5.614792 
1.999998 9.425000 2.837007 2.673879 5.614792 
1.999998 9.415000 2.837007 2.671042 5.614792 
1.999998 9.405000 2.837007 2.668205 5.614792 
1.999998 9.395000 2.837007 2.665368 5.614792 
1.999998 9.385000 2.837007 2.662531 5.614792 
1.999998 9.375000 2.837007 2.659694 5.614792 
1.999998 9.365000 2.837007 2.656857 5.614792 
1.999998 9.355000 2.837007 2.654020 5.614792 
1.999998 9.345000 2.837007 2.651183 5.614792 
1.999998 9.335000 2.837007 2.648346 5.614792 
1.999998 9.325000 2.837007 2.645509 5.614792 
1.999998 9.315000 2.837007 2.642672 5.614792 
1.999998 9.305000 2.837007 2.639835 5.614792 
1.999998 9.295000 2.837007 2.636998 5.614792 
1.999998 9.285000 2.837007 2.634161 5.614792 
1.999998 9.275000 2.837007 2.631324 5.614792 
1.999998 9.265000 2.837007 2.628487 5.614792 
1.999998 9.255000 2.837007 2.625650 5.614792 
1.999998 9.245000 2.837007 2.622813 5.614792 
1.999998 9.235000 2.837007 2.619976 5.614792 
1.999998 9.225000 2.837007 2.617139 5.614792 
1.999998 9.215000 2.837007 2.614302 5.614792 
1.999998 9.205000 2.837007 2.611465 5.614792 
1.999998 9.195000 2.837007 2.608628 5.614792 
1.999998 9.185000 2.837007 2.605791 5.614792 
1.999998 9.175000 2.837007 2.602954 5.614792 
1.999998 9.165000 2.837007 2.600117 5.614792 
1.999998 9.155000 2.837007 2.597280 5.614792 
1.999998 9.145000 2.837007 2.594443 5.614792 
1.999998 9.135000 2.837007 2.591606 5.614792 
1.999998 9.125000 2.837007 2.588769 5.614792 
1.999998 9.115000 2.837007 2.585932 5.614792 
1.999998 9.105000 2.837007 2.583095 5.614792 
1.999998 9.095000 2.837007 2.580258 5.614792 
1.999998 9.085000 2.837007 2.577421 5.614792 
1.999998 9.075000 2.837007 2.574584 5.614792 
1.999998 9.065000 2.837007 2.571747 5.614792 
1.999998 9.055000 2.837007 2.568910 5.614792 
1.999998 9.045000 2.837007 2.566073 5.614792 
1.999998 9.035000 2.837007 2.563236 5.614792 
1.999998 9.025000 2.837007 2.560399 5.614792 
1.999998 9.015000 2.837007 2.557562 5.614792 
1.999998 9.005000 2.837007 2.554725 5.614792 
1.999998 8.995000 2.837007 2.551888 5.614792 
1.999998 8.985000 2.837007 2.549051 5.614792 
1.999998 8.975000 2.837007 2.546214 5.614792 
1.999998 8.965000 2.837007 2.543377 5.614792 
1.999998 8.955000 2.837007 2.540540 5.614792 
1.999998 8.945000 2.837007 2.537703 5.614792 
1.999998 8.935000 2.837007 2.534866 5.614792 
1.999998 8.925000 2.837007 2.532029 5.614792 
1.999998 8.915000 2.837007 2.529192 5.614792 
1.999998 8.905000 2.837007 2.526355 5.614792 
1.999998 8.895000 2.837007 2.523518 5.614792 
1.999998 8.885000 2.837007 2.520681 5.614792 
1.999998 8.875000 2.837007 2.517844 5.614792 
1.999998 8.865000 2.837007 2.515007 5.614792 
1.999998 8.855000 2.837007 2.512170 5.614792 
1.999998 8.845000 2.837007 2.509333 5.614792 
1.999998 8.835000 2.837007 2.506496 5.614792 
1.999998 8.825000 2.837007 2.503659 5.614792 
1.999998 8.815000 2.837007 2.500822 5.614792 
1.999998 8.805000 2.837007 2.497984 5.614792 
1.999998 8.795000 2.837007 2.495147 5.614792 
1.999998 8.785000 2.837007 2.492310 5.614792 
1.999998 8.775000 2.837007 2.489473 5.614792 
1.999998 8.765000 2.837007 2.486636 5.614792 
1.999998 8.755000 2.837007 2.483799 5.614792 
1.999998 8.745000 2.837007 2.480962 5.614792 
1.999998 8.735000 2.837007 2.478125 5.614792 
1.999998 8.725000 2.837007 2.475288 5.614792 
1.999998 8.715000 2.837007 2.472451 5.614792 
1.999998 8.705000 2.837007 2.469614 5.614792 
1.999998 8.695000 2.837007 2.466777 5.614792 
1.999998 8.685000 2.837007 2.463940 5.614792 
1.999998 8.675000 2.837007 2.461103 5.614792 
1.999998 8.665000 2.837007 2.458266 5.614792 
1.999998 8.655000 2.837007 2.455429 5.614792 
1.999998 8.645000 2.837007 2.452592 5.614792 
1.999998 8.635000 2.837007 2.449755 5.614792 
1.999998 8.625000 2.837007 2.446918 5.614792 
1.999998 8.615000 2.837007 2.444081 5.614792 
1.999998 8.605000 2.837007 2.441244 5.614792 
1.999998 8.595000 2.837007 2.438407 5.614792 
1.999998 8.585000 2.837007 2.435570 5.614792 
1.999998 8.575000 2.837007 2.432733 5.614792 
1.999998 8.565000 2.837007 2.429896 5.614792 
1.999998 8.555000 2.837007 2.427059 5.614792 
1.999998 8.545000 2.837007 2.424222 5.614792 
1.999998 8.535000 2.837007 2.421385 5.614792 
1.999998 8.525000 2.837007 2.418548 5.614792 
1.999998 8.515000 2.837007 2.415711 5.614792 
1.999998 8.505000 2.837007 2.412874 5.614792 
1.999998 8.495000 2.837007 2.410037 5.614792 
1.999998 8.485000 2.837007 2.407200 5.614792 
1.999998 8.475000 2.837007 2.404363 5.614792 
1.999998 8.465000 2.837007 2.401526 5.614792 
1.999998 8.455000 2.837007 2.398689 5.614792 
1.999998 8.445000 2.837007 2.395852 5.614792 
1.999998 8.435000 2.837007 2.393015 5.614792 
1.999998 8.425000 2.837007 2.390178 5.614792 
1.999998 8.415000 2.837007 2.387341 5.614792 
1.999998 8.405000 2.837007 2.384504 5.614792 
1.999998 8.395000 2.837007 2.381667 5.614792 
1.999998 8.385000 2.837007 2.378830 5.614792 
1.999998 8.375000 2.837007 2.375993 5.614792 
1.999998 8.365000 2.837007 2.373156 5.614792 
1.999998 8.355000 2.837007 2.370319 5.614792 
1.999998 8.345000 2.837007 2.367482 5.614792 
1.999998 8.335000 2.837007 2.364645 5.614792 
1.999998 8.325000 2.837007 2.361808 5.614792 
1.999998 8.315000 2.837007 2.358971 5.614792 
1.999998 8.305000 2.837007 2.356134 5.614792 
1.999998 8.295000 2.837007 2.353297 5.614792 
1.999998 8.285000 2.837007 2.350460 5.614792 
1.999998 8.275000 2.837007 2.347623 5.614792 
1.999998 8.265000 2.837007 2.344786 5.614792 
1.999998 8.255000 2.837007 2.341949 5.614792 
1.999998 8.245000 2.837007 2.339112 5.614792 
1.999998 8.235000 2.837007 2.336275 5.614792 
1.999998 8.225000 2.837007 2.333438 5.614792 
1.999998 8.215000 2.837007 2.330601 5.614792 
1.999998 8.205000 2.837007 2.327764 5.614792 
1.999998 8.195000 2.837007 2.324927 5.614792 
1.999998 8.185000 2.837007 2.322090 5.614792 
1.999998 8.175000 2.837007 2.319253 5.614792 
1.999998 8.165000 2.837007 2.316416 5.614792 
1.999998 8.155000 2.837007 2.313579 5.614792 
1.999998 8.145000 2.837007 2.310742 5.614792 
1.999998 8.135000 2.837007 2.307905 5.614792 
1.999998 8.125000 2.837007 2.305068 5.614792 
1.999998 8.115000 2.837007 2.302231 5.614792 
1.999998 8.105000 2.837007 2.299394 5.614792 
1.999998 8.095000 2.837007 2.296557 5.614792 
1.999998 8.085000 2.837007 2.293720 5.614792 
1.999998 8.075000 2.837007 2.290883 5.614792 
1.999998 8.065000 2.837007 2.288046 5.614792 
1.999998 8.055000 2.837007 2.285209 5.614792 
1.999998 8.045000 2.837007 2.282372 5.614792 
1.999998 8.035000 2.837007 2.279535 5.614792 
1.999998 8.025000 2.837007 2.276698 5.614792 
1.999998 8.015000 2.837007 2.273861 5.614792 
1.999998 8.005000 2.837007 2.271024 5.614792 
1.999998 7.995000 2.837007 2.268187 5.614792 
1.999998 7.985000 2.837007 2.265350 5.614792 
1.999998 7.975000 2.837007 2.262513 5.614792 
1.999998 7.965000 2.837007 2.259676 5.614792 
1.999998 7.955000 2.837007 2.256839 5.614792 
1.999998 7.945000 2.837007 2.254002 5.614792 
1.999998 7.935000 2.837007 2.251165 5.614792 
1.999998 7.925000 2.837007 2.248328 5.614792 
1.999998 7.915000 2.837007 2.245491 5.614792 
1.999998 7.905000 2.837007 2.242654 5.614792 
1.999998 7.895000 2.837007 2.239817 5.614792 
1.999998 7.885000 2.837007 2.236980 5.614792 
1.999998 7.875000 2.837007 2.234143 5.614792 
1.999998 7.865000 2.837007 2.231306 5.614792 
1.999998 7.855000 2.837007 2.228469 5.614792 
1.999998 7.845000 2.837007 2.225632 5.614792 
1.999998 7.835000 2.837007 2.222795 5.614792 
1.999998 7.825000 2.837007 2.219958 5.614792 
1.999998 7.815000 2.837007 2.217121 5.614792 
1.999998 7.805000 2.837007 2.214284 5.614792 
1.999998 7.795000 2.837007 2.211447 5.614792 
1.999998 7.785000 2.837007 2.208610 5.614792 
1.999998 7.775000 2.837007 2.205773 5.614792 
1.999998 7.765000 2.837007 2.202936 5.614792 
1.999998 7.755000 2.837007 2.200099 5.614792 
1.999998 7.745000 2.837007 2.197262 5.614792 
1.999998 7.735000 2.837007 2.194425 5.614792 
1.999998 7.725000 2.837007 2.191588 5.614792 
1.999998 7.715000 2.837007 2.188751 5.614792 
1.999998 7.705000 2.837007 2.185914 5.614792 
1.999998 7.695000 2.837007 2.183077 5.614792 
1.999998 7.685000 2.837007 2.180240 5.614792 
1.999998 7.675000 2.837007 2.177403 5.614792 
1.999998 7.665000 2.837007 2.174566 5.614792 
1.999998 7.655000 2.837007 2.171729 5.614792 
1.999998 7.645000 2.837007 2.168892 5.614792 
1.999998 7.635000 2.837007 2.166055 5.614792 
1.999998 7.625000 2.837007 2.163218 5.614792 
1.999998 7.615000 2.837007 2.160381 5.614792 
1.999998 7.605000 2.837007 2.157544 5.614792 
1.999998 7.595000 2.837007 2.154707 5.614792 
1.999998 7.585000 2.837007 2.151870 5.614792 
1.999998 7.575000 2.837007 2.149033 5.614792 
1.999998 7.565000 2.837007 2.146196 5.614792 
1.999998 7.555000 2.837007 2.143359 5.614792 
1.999998 7.545000 2.837007 2.140522 5.614792 
1.999998 7.535000 2.837007 2.137685 5.614792 
1.999998 7.525000 2.837007 2.134848 5.614792 
1.999998 7.515000 2.837007 2.132011 5.614792 
1.999998 7.505000 2.837007 2.129174 5.614792 
1.999998 7.495000 2.837007 2.126337 5.614792 
1.999998 7.485000 2.837007 2.123500 5.614792 
1.999998 7.475000 2.837007 2.120663 5.614792 
1.999998 7.465000 2.837007 2.117826 5.614792 
1.999998 7.455000 2.837007 2.114989 5.614792 
1.999998 7.445000 2.837007 2.112152 5.614792 
1.999998 7.435000 2.837007 2.109315 5.614792 
1.999998 7.425000 2.837007 2.106478 5.614792 
1.999998 7.415000 2.837007 2.103641 5.614792 
1.999998 7.405000 2.837007 2.100804 5.614792 
1.999998 7.395000 2.837007 2.097967 5.614792 
1.999998 7.385000 2.837007 2.095130 5.614792 
1.999998 7.375000 2.837007 2.092293 5.614792 
1.999998 7.365000 2.837007 2.089456 5.614792 
1.999998 7.355000 2.837007 2.086619 5.614792 
1.999998 7.345000 2.837007 2.083782 5.614792 
1.999998 7.335000 2.837007 2.080944 5.614792 
1.999998 7.325000 2.837007 2.078107 5.614792 
1.999998 7.315000 2.837007 2.075270 5.614792 
1.999998 7.305000 2.837007 2.072433 5.614792 
1.999998 7.295000 2.837007 2.069596 5.614792 
1.999998 7.285000 2.837007 2.066759 5.614792 
1.999998 7.275000 2.837007 2.063922 5.614792 
1.999998 7.265000 2.837007 2.061085 5.614792 
1.999998 7.255000 2.837007 2.058248 5.614792 
1.999998 7.245000 2.837007 2.055411 5.614792 
1.999998 7.235000 2.837007 2.052574 5.614792 
1.999998 7.225000 2.837007 2.049737 5.614792 
1.999998 7.215000 2.837007 2.046900 5.614792 
1.999998 7.205000 2.837007 2.044063 5.614792 
1.999998 7.195000 2.837007 2.041226 5.614792 
1.999998 7.185000 2.837007 2.038389 5.614792 
1.999998 7.175000 2.837007 2.035552 5.614792 
1.999998 7.165000 2.837007 2.032715 5.614792 
1.999998 7.155000 2.837007 2.029878 5.614792 
1.999998 7.145000 2.837007 2.027041 5.614792 
1.999998 7.135000 2.837007 2.024204 5.614792 
1.999998 7.125000 2.837007 2.021367 5.614792 
1.999998 7.115000 2.837007 2.018530 5.614792 
1.999998 7.105000 2.837007 2.015693 5.614792 
1.999998 7.095000 2.837007 2.012856 5.614792 
1.999998 7.085000 2.837007 2.010019 5.614792 
1.999998 7.075000 2.837007 2.007182 5.614792 
1.999998 7.065000 2.837007 2.004345 5.614792 
1.999998 7.055000 2.837007 2.001508 5.614792 
1.999998 7.045000 2.837007 1.998671 5.614792 
1.999998 7.035000 2.837007 1.995834 5.614792 
1.999998 7.025000 2.837007 1.992997 5.614792 
1.999998 7.015000 2.837007 1.990160 5.614792 
1.999998 7.005000 2.837007 1.987323 5.614792 
1.999998 6.995000 2.837007 1.984486 5.614792 
1.999998 6.985000 2.837007 1.981649 5.614792 
1.999998 6.975000 2.837007 1.978812 5.614792 
1.999998 6.965000 2.837007 1.975975 5.614792 
1.999998 6.955000 2.837007 1.973138 5.614792 
1.999998 6.945000 2.837007 1.970301 5.614792 
1.999998 6.935000 2.837007 1.967464 5.614792 
1.999998 6.925000 2.837007 1.964627 5.614792 
1.999998 6.915000 2.837007 1.961790 5.614792 
1.999998 6.905000 2.837007 1.958953 5.614792 
1.999998 6.895000 2.837007 1.956116 5.614792 
1.999998 6.885000 2.837007 1.953279 5.614792 
1.999998 6.875000 2.837007 1.950442 5.614792 
1.999998 6.865000 2.837007 1.947605 5.614792 
1.999998 6.855000 2.837007 1.944768 5.614792 
1.999998 6.845000 2.837007 1.941931 5.614792 
1.999998 6.835000 2.837007 1.939094 5.614792 
1.999998 6.825000 2.837007 1.936257 5.614792 
1.999998 6.815000 2.837007 1.933420 5.614792 
1.999998 6.805000 2.837007 1.930583 5.614792 
1.999998 6.795000 2.837007 1.927746 5.614792 
1.999998 6.785000 2.837007 1.924909 5.614792 
1.999998 6.775000 2.837007 1.922072 5.614792 
1.999998 6.765000 2.837007 1.919235 5.614792 
1.999998 6.755000 2.837007 1.916398 5.614792 
1.999998 6.745000 2.837007 1.913561 5.614792 
1.999998 6.735000 2.837007 1.910724 5.614792 
1.999998 6.725000 2.837007 1.907887 5.614792 
1.999998 6.715000 2.837007 1.905050 5.614792 
1.999998 6.705000 2.837007 1.902213 5.614792 
1.999998 6.695000 2.837007 1.899376 5.614792 
1.999998 6.685000 2.837007 1.896539 5.614792 
1.999998 6.675000 2.837007 1.893702 5.614792 
1.999998 6.665000 2.837007 1.890865 5.614792 
1.999998 6.655000 2.837007 1.888028 5.614792 
1.999998 6.645000 2.837007 1.885191 5.614792 
1.999998 6.635000 2.837007 1.882354 5.614792 
1.999998 6.625000 2.837007 1.879517 5.614792 
1.999998 6.615000 2.837007 1.876680 5.614792 
1.999998 6.605000 2.837007 1.873843 5.614792 
1.999998 6.595000 2.837007 1.871006 5.614792 
1.999998 6.585000 2.837007 1.868169 5.614792 
1.999998 6.575000 2.837007 1.865332 5.614792 
1.999998 6.565000 2.837007 1.862495 5.614792 
1.999998 6.555000 2.837007 1.859658 5.614792 
1.999998 6.545000 2.837007 1.856821 5.614792 
1.999998 6.535000 2.837007 1.853984 5.614792 
1.999998 6.525000 2.837007 1.851147 5.614792 
1.999998 6.515000 2.837007 1.848310 5.614792 
1.999998 6.505000 2.837007 1.845473 5.614792 
1.999998 6.495000 2.837007 1.842636 5.614792 
1.999998 6.485000 2.837007 1.839799 5.614792 
1.999998 6.475000 2.837007 1.836962 5.614792 
1.999998 6.465000 2.837007 1.834125 5.614792 
1.999998 6.455000 2.837007 1.831288 5.614792 
1.999998 6.445000 2.837007 1.828451 5.614792 
1.999998 6.435000 2.837007 1.825614 5.614792 
1.999998 6.425000 2.837007 1.822777 5.614792 
1.999998 6.415000 2.837007 1.819940 5.614792 
1.999998 6.405000 2.837007 1.817103 5.614792 
1.999998 6.395000 2.837007 1.814266 5.614792 
1.999998 6.385000 2.837007 1.811429 5.614792 
1.999998 6.375000 2.837007 1.808592 5.614792 
1.999998 6.365000 2.837007 1.805755 5.614792 
1.999998 6.355000 2.837007 1.802918 5.614792 
1.999998 6.345000 2.837007 1.800081 5.614792 
1.999998 6.335000 2.837007 1.797244 5.614792 
1.999998 6.325000 2.837007 1.794407 5.614792 
1.999998 6.315000 2.837007 1.791570 5.614792 
1.999998 6.305000 2.837007 1.788733 5.614792 
1.999998 6.295000 2.837007 1.785896 5.614792 
1.999998 6.285000 2.837007 1.783059 5.614792 
1.999998 6.275000 2.837007 1.780222 5.614792 
1.999998 6.265000 2.837007 1.777385 5.614792 
1.999998 6.255000 2.837007 1.774548 5.614792 
1.999998 6.245000 2.837007 1.771711 5.614792 
1.999998 6.235000 2.837007 1.768874 5.614792 
1.999998 6.225000 2.837007 1.766037 5.614792 
1.999998 6.215000 2.837007 1.763200 5.614792 
1.999998 6.205000 2.837007 1.760363 5.614792 
1.999998 6.195000 2.837007 1.757526 5.614792 
1.999998 6.185000 2.837007 1.754689 5.614792 
1.999998 6.175000 2.837007 1.751852 5.614792 
1.999998 6.165000 2.837007 1.749015 5.614792 
1.999998 6.155000 2.837007 1.746178 5.614792 
1.999998 6.145000 2.837007 1.743341 5.614792 
1.999998 6.135000 2.837007 1.740504 5.614792 
1.999998 6.125000 2.837007 1.737667 5.614792 
1.999998 6.115000 2.837007 1.734830 5.614792 
1.999998 6.105000 2.837007 1.731993 5.614792 
1.999998 6.095000 2.837007 1.729156 5.614792 
1.999998 6.085000 2.837007 1.726319 5.614792 
1.999998 6.075000 2.837007 1.723482 5.614792 
1.999998 6.065000 2.837007 1.720645 5.614792 
1.999998 6.055000 2.837007 1.717808 5.614792 
1.999998 6.045000 2.837007 1.714971 5.614792 
1.999998 6.035000 2.837007 1.712134 5.614792 
1.999998 6.025000 2.837007 1.709297 5.614792 
1.999998 6.015000 2.837007 1.706460 5.614792 
1.999998 6.005000 2.837007 1.703623 5.614792 
1.999998 5.995000 2.837007 1.700786 5.614792 
1.999998 5.985000 2.837007 1.697949 5.614792 
1.999998 5.975000 2.837007 1.695112 5.614792 
1.999998 5.965000 2.837007 1.692275 5.614792 
1.999998 5.955000 2.837007 1.689438 5.614792 
1.999998 5.945000 2.837007 1.686601 5.614792 
1.999998 5.935000 2.837007 1.683764 5.614792 
1.999998 5.925000 2.837007 1.680927 5.614792 
1.999998 5.915000 2.837007 1.678090 5.614792 
1.999998 5.905000 2.837007 1.675253 5.614792 
1.999998 5.895000 2.837007 1.672416 5.614792 
1.999998 5.885000 2.837007 1.669579 5.614792 
1.999998 5.875000 2.837007 1.666742 5.614792 
1.999998 5.865000 2.837007 1.663904 5.614792 
1.999998 5.855000 2.837007 1.661067 5.614792 
1.999998 5.845000 2.837007 1.658230 5.614792 
1.999998 5.835000 2.837007 1.655393 5.614792 
1.999998 5.825000 2.837007 1.652556 5.614792 
1.999998 5.815000 2.837007 1.649719 5.614792 
1.999998 5.805000 2.837007 1.646882 5.614792 
1.999998 5.795000 2.837007 1.644045 5.614792 
1.999998 5.785000 2.837007 1.641208 5.614792 
1.999998 5.775000 2.837007 1.638371 5.614792 
1.999998 5.765000 2.837007 1.635534 5.614792 
1.999998 5.755000 2.837007 1.632697 5.614792 
1.999998 5.745000 2.837007 1.629860 5.614792 
1.999998 5.735000 2.837007 1.627023 5.614792 
1.999998 5.725000 2.837007 1.624186 5.614792 
1.999998 5.715000 2.837007 1.621349 5.614792 
1.999998 5.705000 2.837007 1.618512 5.614792 
1.999998 5.695000 2.837007 1.615675 5.614792 
1.999998 5.685000 2.837007 1.612838 5.614792 
1.999998 5.675000 2.837007 1.610001 5.614792 
1.999998 5.665000 2.837007 1.607164 5.614792 
1.999998 5.655000 2.837007 1.604327 5.614792 
1.999998 5.645000 2.837007 1.601490 5.614792 
1.999998 5.635000 2.837007 1.598653 5.614792 
1.999998 5.625000 2.837007 1.595816 5.614792 
1.999986 5.605000 2.837007 1.590142 4.991247 
1.999986 5.595000 2.837007 1.587305 4.991247 
1.999986 5.585000 2.837007 1.584468 4.991247 
1.999986 5.575000 2.837007 1.581631 4.991247 
1.999986 5.565000 2.837007 1.578794 4.991247 
1.999986 5.555000 2.837007 1.575957 4.991247 
1.999986 5.545000 2.837007 1.573120 4.991247 
1.999986 5.535000 2.837007 1.570283 4.991247 
1.999986 5.525000 2.837007 1.567446 4.991247 
1.999986 5.515000 2.837007 1.564609 4.991247 
1.999986 5.505000 2.837007 1.561772 4.991247 
1.999986 5.495000 2.837007 1.558935 4.991247 
1.999986 5.485000 2.837007 1.556098 4.991247 
1.999986 5.475000 2.837007 1.553261 4.991247 
1.999986 5.465000 2.837007 1.550424 4.991247 
1.999986 5.455000 2.837007 1.547587 4.991247 
1.999986 5.445000 2.837007 1.544750 4.991247 
1.999986 5.435000 2.837007 1.541913 4.991247 
1.999986 5.425000 2.837007 1.539076 4.991247 
1.999986 5.415000 2.837007 1.536239 4.991247 
1.999986 5.405000 2.837007 1.533402 4.991247 
1.999986 5.395000 2.837007 1.530565 4.991247 
1.999986 5.385000 2.837007 1.527728 4.991247 
1.999986 5.375000 2.837007 1.524891 4.991247 
1.999986 5.365000 2.837007 1.522054 4.991247 
1.999986 5.355000 2.837007 1.519217 4.991247 
1.999986 5.345000 2.837007 1.516380 4.991247 
1.999986 5.335000 2.837007 1.513543 4.991247 
1.999986 5.325000 2.837007 1.510706 4.991247 
1.999986 5.315000 2.837007 1.507869 4.991247 
1.999986 5.305000 2.837007 1.505032 4.991247 
1.999986 5.295000 2.837007 1.502195 4.991247 
1.999986 5.285000 2.837007 1.499358 4.991247 
1.999986 5.275000 2.837007 1.496521 4.991247 
1.999986 5.265000 2.837007 1.493684 4.991247 
1.999986 5.255000 2.837007 1.490847 4.991247 
1.999986 5.245000 2.837007 1.488010 4.991247 
1.999986 5.235000 2.837007 1.485173 4.991247 
1.999986 5.225000 2.837007 1.482336 4.991247 
1.999986 5.215000 2.837007 1.479499 4.991247 
1.999986 5.205000 2.837007 1.476662 4.991247 
1.999986 5.195000 2.837007 1.473825 4.991247 
1.999986 5.185000 2.837007 1.470988 4.991247 
1.999986 5.175000 2.837007 1.468151 4.991247 
1.999986 5.165000 2.837007 1.465314 4.991247 
1.999986 5.155000 2.837007 1.462477 4.991247 
1.999986 5.145000 2.837007 1.459640 4.991247 
1.999986 5.135000 2.837007 1.456803 4.991247 
1.999986 5.125000 2.837007 1.453966 4.991247 
1.999986 5.115000 2.837007 1.451129 4.991247 
1.999986 5.105000 2.837007 1.448292 4.991247 
1.999986 5.095000 2.837007 1.445455 4.991247 
1.999986 5.085000 2.837007 1.442618 4.991247 
1.999986 5.075000 2.837007 1.439781 4.991247 
1.999986 5.065000 2.837007 1.436944 4.991247 
1.999986 5.055000 2.837007 1.434107 4.991247 
1.999986 5.045000 2.837007 1.431270 4.991247 
1.999986 5.035000 2.837007 1.428433 4.991247 
1.999986 5.025000 2.837007 1.425596 4.991247 
1.999986 5.015000 2.837007 1.422759 4.991247 
1.999986 5.005000 2.837007 1.419922 4.991247 
1.999986 4.995000 2.837007 1.417085 4.991247 
1.999963 4.985000 2.837007 1.414248 4.674769 
1.999963 4.975000 2.837007 1.411411 4.674769 
1.999963 4.965000 2.837007 1.408574 4.674769 
1.999963 4.955000 2.837007 1.405737 4.674769 
1.999963 4.945000 2.837007 1.402900 4.674769 
1.999963 4.935000 2.837007 1.400063 4.674769 
1.999963 4.925000 2.837007 1.397226 4.674769 
1.999963 4.915000 2.837007 1.394389 4.674769 
1.999963 4.905000 2.837007 1.391552 4.674769 
1.999963 4.895000 2.837007 1.388715 4.674769 
1.999963 4.885000 2.837007 1.385878 4.674769 
1.999963 4.875000 2.837007 1.383041 4.674769 
1.999963 4.865000 2.837007 1.380204 4.674769 
1.999963 4.855000 2.837007 1.377367 4.674769 
1.999963 4.845000 2.837007 1.374530 4.674769 
1.999963 4.835000 2.837007 1.371693 4.674769 
1.999963 4.825000 2.837007 1.368856 4.674769 
1.999963 4.815000 2.837007 1.366019 4.674769 
1.999963 4.805000 2.837007 1.363182 4.674769 
1.999963 4.795000 2.837007 1.360345 4.674769 
1.999963 4.785000 2.837007 1.357508 4.674769 
1.999963 4.775000 2.837007 1.354671 4.674769 
1.999963 4.765000 2.837007 1.351834 4.674769 
1.999963 4.755000 2.837007 1.348997 4.674769 
1.999963 4.745000 2.837007 1.346160 4.674769 
1.999963 4.735000 2.837007 1.343323 4.674769 
1.999963 4.725000 2.837007 1.340486 4.674769 
1.999963 4.715000 2.837007 1.337649 4.674769 
1.999963 4.705000 2.837007 1.334812 4.674769 
1.999963 4.695000 2.837007 1.331975 4.674769 
1.999963 4.685000 2.837007 1.329138 4.674769 
1.999963 4.675000 2.837007 1.326301 4.674769 
1.999929 4.665000 2.837007 1.323464 4.461032 
1.999929 4.655000 2.837007 1.320627 4.461032 
1.999929 4.645000 2.837007 1.317790 4.461032 
1.999929 4.635000 2.837007 1.314953 4.461032 
1.999929 4.625000 2.837007 1.312116 4.461032 
1.999929 4.615000 2.837007 1.309279 4.461032 
1.999929 4.605000 2.837007 1.306442 4.461032 
1.999929 4.595000 2.837007 1.303605 4.461032 
1.999929 4.585000 2.837007 1.300768 4.461032 
1.999929 4.575000 2.837007 1.297931 4.461032 
1.999929 4.565000 2.837007 1.295094 4.461032 
1.999929 4.555000 2.837007 1.292257 4.461032 
1.999929 4.545000 2.837007 1.289420 4.461032 
1.999929 4.535000 2.837007 1.286583 4.461032 
1.999929 4.525000 2.837007 1.283746 4.461032 
1.999929 4.515000 2.837007 1.280909 4.461032 
1.999929 4.505000 2.837007 1.278072 4.461032 
1.999929 4.495000 2.837007 1.275235 4.461032 
1.999929 4.485000 2.837007 1.272398 4.461032 
1.999929 4.475000 2.837007 1.269561 4.461032 
1.999929 4.465000 2.837007 1.266724 4.461032 
1.999884 4.455000 2.837007 1.263887 4.299428 
1.999884 4.445000 2.837007 1.261050 4.299428 
1.999884 4.435000 2.837007 1.258213 4.299428 
1.999884 4.425000 2.837007 1.255376 4.299428 
1.999884 4.415000 2.837007 1.252539 4.299428 
1.999884 4.405000 2.837007 1.249702 4.299428 
1.999884 4.395000 2.837007 1.246864 4.299428 
1.999884 4.385000 2.837007 1.244027 4.299428 
1.999884 4.375000 2.837007 1.241190 4.299428 
1.999884 4.365000 2.837007 1.238353 4.299428 
1.999884 4.355000 2.837007 1.235516 4.299428 
1.999884 4.345000 2.837007 1.232679 4.299428 
1.999884 4.335000 2.837007 1.229842 4.299428 
1.999884 4.325000 2.837007 1.227005 4.299428 
1.999884 4.315000 2.837007 1.224168 4.299428 
1.999884 4.305000 2.837007 1.221331 4.299428 
1.999828 4.295000 2.837007 1.218494 4.169442 
1.999828 4.285000 2.837007 1.215657 4.169442 
1.999828 4.275000 2.837007 1.212820 4.169442 
1.999828 4.265000 2.837007 1.209983 4.169442 
1.999828 4.255000 2.837007 1.207146 4.169442 
1.999828 4.245000 2.837007 1.204309 4.169442 
1.999828 4.235000 2.837007 1.201472 4.169442 
1.999828 4.225000 2.837007 1.198635 4.169442 
1.999828 4.215000 2.837007 1.195798 4.169442 
1.999828 4.205000 2.837007 1.192961 4.169442 
1.999828 4.195000 2.837007 1.190124 4.169442 
1.999828 4.185000 2.837007 1.187287 4.169442 
1.999828 4.175000 2.837007 1.184450 4.169442 
1.999762 4.165000 2.837007 1.181613 4.060701 
1.999762 4.155000 2.837007 1.178776 4.060701 
1.999762 4.145000 2.837007 1.175939 4.060701 
1.999762 4.135000 2.837007 1.173102 4.060701 
1.999762 4.125000 2.837007 1.170265 4.060701 
1.999762 4.115000 2.837007 1.167428 4.060701 
1.999762 4.105000 2.837007 1.164591 4.060701 
1.999762 4.095000 2.837007 1.161754 4.060701 
1.999762 4.085000 2.837007 1.158917 4.060701 
1.999762 4.075000 2.837007 1.156080 4.060701 
1.999762 4.065000 2.837007 1.153243 4.060701 
1.999684 4.055000 2.837007 1.150406 3.967221 
1.999684 4.045000 2.837007 1.147569 3.967221 
1.999684 4.035000 2.837007 1.144732 3.967221 
1.999684 4.025000 2.837007 1.141895 3.967221 
1.999684 4.015000 2.837007 1.139058 3.967221 
1.999684 4.005000 2.837007 1.136221 3.967221 
1.999684 3.995000 2.837007 1.133384 3.967221 
1.999684 3.985000 2.837007 1.130547 3.967221 
1.999684 3.975000 2.837007 1.127710 3.967221 
1.999596 3.965000 2.837007 1.124873 3.885239 
1.999596 3.955000 2.837007 1.122036 3.885239 
1.999596 3.945000 2.837007 1.119199 3.885239 
1.999596 3.935000 2.837007 1.116362 3.885239 
1.999596 3.925000 2.837007 1.113525 3.885239 
1.999596 3.915000 2.837007 1.110688 3.885239 
1.999596 3.905000 2.837007 1.107851 3.885239 
1.999596 3.895000 2.837007 1.105014 3.885239 
1.999497 3.885000 2.837007 1.102177 3.812230 
1.999497 3.875000 2.837007 1.099340 3.812230 
1.999497 3.865000 2.837007 1.096503 3.812230 
1.999497 3.855000 2.837007 1.093666 3.812230 
1.999497 3.845000 2.837007 1.090829 3.812230 
1.999497 3.835000 2.837007 1.087992 3.812230 
1.999497 3.825000 2.837007 1.085155 3.812230 
1.999497 3.815000 2.837007 1.082318 3.812230 
1.999388 3.805000 2.837007 1.079481 3.746420 
1.999388 3.795000 2.837007 1.076644 3.746420 
1.999388 3.785000 2.837007 1.073807 3.746420 
1.999388 3.775000 2.837007 1.070970 3.746420 
1.999388 3.765000 2.837007 1.068133 3.746420 
1.999388 3.755000 2.837007 1.065296 3.746420 
1.999267 3.745000 2.837007 1.062459 3.686514 
1.999267 3.735000 2.837007 1.059622 3.686514 
1.999267 3.725000 2.837007 1.056785 3.686514 
1.999267 3.715000 2.837007 1.053948 3.686514 
1.999267 3.705000 2.837007 1.051111 3.686514 
1.999267 3.695000 2.837007 1.048274 3.686514 
1.999136 3.685000 2.837007 1.045437 3.631536 
1.999136 3.675000 2.837007 1.042600 3.631536 
1.999136 3.665000 2.837007 1.039763 3.631536 
1.999136 3.655000 2.837007 1.036926 3.631536 
1.999136 3.645000 2.837007 1.034089 3.631536 
1.999136 3.635000 2.837007 1.031252 3.631536 
1.998993 3.625000 2.837007 1.028415 3.580736 
1.998993 3.615000 2.837007 1.025578 3.580736 
1.998993 3.605000 2.837007 1.022741 3.580736 
1.998993 3.595000 2.837007 1.019904 3.580736 
1.998993 3.585000 2.837007 1.017067 3.580736 
1.998840 3.575000 2.837007 1.014230 3.533520 
1.998840 3.565000 2.837007 1.011393 3.533520 
1.998840 3.555000 2.837007 1.008556 3.533520 
1.998840 3.545000 2.837007 1.005719 3.533520 
1.998840 3.535000 2.837007 1.002882 3.533520 
1.998677 3.525000 2.837007 1.000045 3.489414 
1.998677 3.515000 2.837007 0.997208 3.489414 
1.998677 3.505000 2.837007 0.994371 3.489414 
1.998677 3.495000 2.837007 0.991534 3.489414 
1.998502 3.485000 2.837007 0.988697 3.448033 
1.998502 3.475000 2.837007 0.985860 3.448033 
1.998502 3.465000 2.837007 0.983023 3.448033 
1.998502 3.455000 2.837007 0.980186 3.448033 
1.998316 3.445000 2.837007 0.977349 3.409057 
1.998316 3.435000 2.837007 0.974512 3.409057 
1.998316 3.425000 2.837007 0.971675 3.409057 
1.998316 3.415000 2.837007 0.968838 3.409057 
1.998120 3.405000 2.837007 0.966001 3.372221 
1.998120 3.395000 2.837007 0.963164 3.372221 
1.998120 3.385000 2.837007 0.960327 3.372221 
1.998120 3.375000 2.837007 0.957490 3.372221 
1.997913 3.365000 2.837007 0.954653 3.337300 
1.997913 3.355000 2.837007 0.951816 3.337300 
1.997913 3.345000 2.837007 0.948979 3.337300 
1.997695 3.335000 2.837007 0.946142 3.304104 
1.997695 3.325000 2.837007 0.943305 3.304104 
1.997695 3.315000 2.837007 0.940468 3.304104 
1.997695 3.305000 2.837007 0.937631 3.304104 
1.997466 3.295000 2.837007 0.934794 3.272468 
1.997466 3.285000 2.837007 0.931957 3.272468 
1.997466 3.275000 2.837007 0.929120 3.272468 
1.997226 3.265000 2.837007 0.926283 3.242253 
1.997226 3.255000 2.837007 0.923446 3.242253 
1.997226 3.245000 2.837007 0.920609 3.242253 
1.996976 3.235000 2.837007 0.917772 3.213333 
1.996976 3.225000 2.837007 0.914935 3.213333 
1.996976 3.215000 2.837007 0.912098 3.213333 
1.996714 3.205000 2.837007 0.909261 3.185602 
1.996714 3.195000 2.837007 0.906424 3.185602 
1.996442 3.185000 2.837007 0.903587 3.158965 
1.996442 3.175000 2.837007 0.900750 3.158965 
1.996442 3.165000 2.837007 0.897913 3.158965 
1.996159 3.155000 2.837007 0.895076 3.133337 
1.996159 3.145000 2.837007 0.892239 3.133337 
1.996159 3.135000 2.837007 0.889402 3.133337 
1.995865 3.125000 2.837007 0.886565 3.108644 
1.995865 3.115000 2.837007 0.883728 3.108644 
1.995561 3.105000 2.837007 0.880891 3.084819 
1.995561 3.095000 2.837007 0.878054 3.084819 
1.995561 3.085000 2.837007 0.875217 3.084819 
1.995245 3.075000 2.837007 0.872380 3.061802 
1.995245 3.065000 2.837007 0.869543 3.061802 
1.994919 3.055000 2.837007 0.866706 3.039539 
1.994919 3.045000 2.837007 0.863869 3.039539 
1.994581 3.035000 2.837007 0.861032 3.017981 
1.994581 3.025000 2.837007 0.858195 3.017981 
1.994233 3.015000 2.837007 0.855358 2.997084 
1.994233 3.005000 2.837007 0.852521 2.997084 
1.993874 2.995000 2.837007 0.849684 2.976809 
1.993874 2.985000 2.837007 0.846847 2.976809 
1.993504 2.975000 2.837007 0.844010 2.957117 
1.993504 2.965000 2.837007 0.841173 2.957117 
1.993124 2.955000 2.837007 0.838336 2.937977 
1.993124 2.945000 2.837007 0.835499 2.937977 
1.992732 2.935000 2.837007 0.832661 2.919356 
1.992732 2.925000 2.837007 0.829824 2.919356 
1.992330 2.915000 2.837007 0.826987 2.901227 
1.992330 2.905000 2.837007 0.824150 2.901227 
1.991916 2.895000 2.837007 0.821313 2.883564 
1.991916 2.885000 2.837007 0.818476 2.883564 
1.991492 2.875000 2.837007 0.815639 2.866342 
1.991057 2.865000 2.837007 0.812802 2.849539 
1.991057 2.855000 2.837007 0.809965 2.849539 
1.990611 2.845000 2.837007 0.807128 2.833136 
1.990611 2.835000 2.837007 0.804291 2.833136 
1.990154 2.825000 2.837007 0.801454 2.817112 
1.989686 2.815000 2.837007 0.798617 2.801449 
1.989686 2.805000 2.837007 0.795780 2.801449 
1.989208 2.795000 2.837007 0.792943 2.786132 
1.988718 2.785000 2.837007 0.790106 2.771144 
1.988718 2.775000 2.837007 0.787269 2.771144 
1.988218 2.765000 2.837007 0.784432 2.756472 
1.987707 2.755000 2.837007 0.781595 2.742101 
1.987707 2.745000 2.837007 0.778758 2.742101 
1.987184 2.735000 2.837007 0.775921 2.728018 
1.986651 2.725000 2.837007 0.773084 2.714213 
1.986651 2.715000 2.837007 0.770247 2.714213 
1.986107 2.705000 2.837007 0.767410 2.700673 
1.985552 2.695000 2.837007 0.764573 2.687388 
1.984986 2.685000 2.837007 0.761736 2.674348 
1.984986 2.675000 2.837007 0.758899 2.674348 
1.984410 2.665000 2.837007 0.756062 2.661543 
1.983822 2.655000 2.837007 0.753225 2.648966 
1.983223 2.645000 2.837007 0.750388 2.636606 
1.982614 2.635000 2.837007 0.747551 2.624457 
1.982614 2.625000 2.837007 0.744714 2.624457 
1.981993 2.615000 2.837007 0.741877 2.612511 
1.981361 2.605000 2.837007 0.739040 2.600760 
1.980719 2.595000 2.837007 0.736203 2.589199 
1.980066 2.585000 2.837007 0.733366 2.577819 
1.979401 2.575000 2.837007 0.730529 2.566616 
1.978726 2.565000 2.837007 0.727692 2.555583 
1.978040 2.555000 2.837007 0.724855 2.544715 
1.978040 2.545000 2.837007 0.722018 2.544715 
1.977342 2.535000 2.837007 0.719181 2.534007 
1.976634 2.525000 2.837007 0.716344 2.523453 
1.975915 2.515000 2.837007 0.713507 2.513049 
1.975185 2.505000 2.837007 0.710670 2.502789 
1.974443 2.495000 2.837007 0.707833 2.492671 
1.973691 2.485000 2.837007 0.704996 2.482688 
1.972928 2.475000 2.837007 0.702159 2.472839 
1.972154 2.465000 2.837007 0.699322 2.463117 
1.971368 2.455000 2.837007 0.696485 2.453521 
1.970572 2.445000 2.837007 0.693648 2.444045 
1.969765 2.435000 2.837007 0.690811 2.434687 
1.968117 2.425000 2.837007 0.687974 2.416313 
1.967276 2.415000 2.837007 0.685137 2.407289 
1.966425 2.405000 2.837007 0.682300 2.398371 
1.965562 2.395000 2.837007 0.679463 2.389556 
1.964689 2.385000 2.837007 0.676626 2.380840 
1.963804 2.375000 2.837007 0.673789 2.372222 
1.962908 2.365000 2.837007 0.670952 2.363699 
1.961083 2.355000 2.837007 0.668115 2.346927 
1.960154 2.345000 2.837007 0.665278 2.338674 
1.959214 2.335000 2.837007 0.662441 2.330506 
1.958263 2.325000 2.837007 0.659604 2.322422 
1.957300 2.315000 2.837007 0.656767 2.314420 
1.955342 2.305000 2.837007 0.653930 2.298652 
1.954346 2.295000 2.837007 0.651093 2.290883 
1.953339 2.285000 2.837007 0.648256 2.283188 
1.951291 2.275000 2.837007 0.645419 2.268013 
1.950251 2.265000 2.837007 0.642582 2.260530 
1.949199 2.255000 2.837007 0.639745 2.253114 
1.947062 2.245000 2.837007 0.636908 2.238480 
1.945977 2.235000 2.837007 0.634071 2.231258 
1.944880 2.225000 2.837007 0.631234 2.224098 
1.942654 2.215000 2.837007 0.628397 2.209957 
1.941523 2.205000 2.837007 0.625560 2.202975 
1.939229 2.195000 2.837007 0.622723 2.189178 
1.938065 2.185000 2.837007 0.619886 2.182361 
1.935703 2.175000 2.837007 0.617049 2.168887 
1.934506 2.165000 2.837007 0.614212 2.162227 
1.932076 2.155000 2.837007 0.611375 2.149055 
1.930844 2.145000 2.837007 0.608538 2.142541 
1.928346 2.135000 2.837007 0.605701 2.129654 
1.927081 2.125000 2.837007 0.602864 2.123279 
1.924515 2.115000 2.837007 0.600027 2.110660 
1.923215 2.105000 2.837007 0.597190 2.104415 
1.920581 2.095000 2.837007 0.594353 2.092049 
1.917901 2.085000 2.837007 0.591516 2.079844 
1.916544 2.075000 2.837007 0.588679 2.073799 
1.913796 2.065000 2.837007 0.585842 2.061823 
1.911001 2.055000 2.837007 0.583005 2.049993 
1.909587 2.045000 2.837007 0.580168 2.044131 
1.906724 2.035000 2.837007 0.577331 2.032510 
1.903815 2.025000 2.837007 0.574494 2.021022 
1.900859 2.015000 2.837007 0.571657 2.009661 
1.899364 2.005000 2.837007 0.568820 2.004028 
1.896339 1.995000 2.837007 0.565983 1.992851 
1.893268 1.985000 2.837007 0.563146 1.981791 
1.890150 1.975000 2.837007 0.560309 1.970844 
1.886985 1.965000 2.837007 0.557472 1.960006 
1.885385 1.955000 2.837007 0.554635 1.954627 
1.882151 1.945000 2.837007 0.551798 1.943944 
1.878869 1.935000 2.837007 0.548961 1.933362 
1.875541 1.925000 2.837007 0.546124 1.922875 
1.872165 1.915000 2.837007 0.543287 1.912481 
1.868742 1.905000 2.837007 0.540450 1.902176 
1.865272 1.895000 2.837007 0.537613 1.891957 
1.861754 1.885000 2.837007 0.534776 1.881822 
1.858189 1.875000 2.837007 0.531939 1.871768 
1.854576 1.865000 2.837007 0.529102 1.861790 
1.850916 1.855000 2.837007 0.526265 1.851888 
1.847207 1.845000 2.837007 0.523428 1.842058 
1.843450 1.835000 2.837007 0.520591 1.832298 
1.839645 1.825000 2.837007 0.517754 1.822604 
1.835792 1.815000 2.837007 0.514917 1.812976 
1.831891 1.805000 2.837007 0.512080 1.803410 
1.827940 1.795000 2.837007 0.509243 1.793905 
1.823941 1.785000 2.837007 0.506406 1.784457 
1.817851 1.775000 2.837007 0.503569 1.770390 
1.813730 1.765000 2.837007 0.500732 1.761079 
1.809559 1.755000 2.837007 0.497895 1.751818 
1.805339 1.745000 2.837007 0.495058 1.742607 
1.801070 1.735000 2.837007 0.492221 1.733442 
1.796751 1.725000 2.837007 0.489384 1.724323 
1.790178 1.715000 2.837007 0.486547 1.710725 
1.785734 1.705000 2.837007 0.483710 1.701711 
1.781240 1.695000 2.837007 0.480873 1.692736 
1.776695 1.685000 2.837007 0.478036 1.683798 
1.772100 1.675000 2.837007 0.475199 1.674897 
1.765112 1.665000 2.837007 0.472362 1.661608 
1.760390 1.655000 2.837007 0.469525 1.652789 
1.755616 1.645000 2.837007 0.466688 1.644001 
1.748359 1.635000 2.837007 0.463851 1.630872 
1.743457 1.625000 2.837007 0.461014 1.622153 
1.738503 1.615000 2.837007 0.458177 1.613460 
1.733496 1.605000 2.837007 0.455340 1.604790 
1.725889 1.595000 2.837007 0.452503 1.591828 
1.720752 1.585000 2.837007 0.449666 1.583212 
1.715562 1.575000 2.837007 0.446829 1.574616 
1.707678 1.565000 2.837007 0.443992 1.561755 
1.702355 1.555000 2.837007 0.441155 1.553201 
1.696979 1.545000 2.837007 0.438318 1.544662 
1.688814 1.535000 2.837007 0.435481 1.531878 
1.683304 1.525000 2.837007 0.432644 1.523370 
1.677739 1.515000 2.837007 0.429807 1.514872 
1.669289 1.505000 2.837007 0.426970 1.502143 
1.663588 1.495000 2.837007 0.424133 1.493666 
1.654932 1.485000 2.837007 0.421296 1.480962 
1.649092 1.475000 2.837007 0.418459 1.472498 
1.643197 1.465000 2.837007 0.415621 1.464038 
1.634249 1.455000 2.837007 0.412784 1.451351 
1.628213 1.445000 2.837007 0.409947 1.442894 
1.622121 1.435000 2.837007 0.407110 1.434435 
1.612875 1.425000 2.837007 0.404273 1.421744 
1.606640 1.415000 2.837007 0.401436 1.413279 
1.600347 1.405000 2.837007 0.398599 1.404809 
1.590799 1.395000 2.837007 0.395762 1.392092 
1.584361 1.385000 2.837007 0.392925 1.383604 
1.574594 1.375000 2.837007 0.390088 1.370856 
1.568009 1.365000 2.837007 0.387251 1.362345 
1.561364 1.355000 2.837007 0.384414 1.353821 
1.551285 1.345000 2.837007 0.381577 1.341011 
1.544490 1.335000 2.837007 0.378740 1.332452 
1.537635 1.325000 2.837007 0.375903 1.323878 
1.527238 1.315000 2.837007 0.373066 1.310984 
1.520229 1.305000 2.837007 0.370229 1.302364 
1.513159 1.295000 2.837007 0.367392 1.293725 
1.502438 1.285000 2.837007 0.364555 1.280724 
1.495211 1.275000 2.837007 0.361718 1.272029 
1.487922 1.265000 2.837007 0.358881 1.263308 
1.480569 1.255000 2.837007 0.356044 1.254562 
1.469420 1.245000 2.837007 0.353207 1.241392 
1.461906 1.235000 2.837007 0.350370 1.232575 
1.454328 1.225000 2.837007 0.347533 1.223728 
1.446684 1.215000 2.837007 0.344696 1.214849 
1.435095 1.205000 2.837007 0.341859 1.201468 
1.427286 1.195000 2.837007 0.339022 1.192504 
1.419410 1.185000 2.837007 0.336185 1.183502 
1.411467 1.175000 2.837007 0.333348 1.174462 
1.399424 1.165000 2.837007 0.330511 1.160828 
1.391310 1.155000 2.837007 0.327674 1.151686 
1.383127 1.145000 2.837007 0.324837 1.142500 
1.374874 1.135000 2.837007 0.322000 1.133269 
1.366551 1.125000 2.837007 0.319163 1.123991 
1.358157 1.115000 2.837007 0.316326 1.114665 
1.345433 1.105000 2.837007 0.313489 1.100581 
1.336861 1.095000 2.837007 0.310652 1.091125 
1.328215 1.085000 2.837007 0.307815 1.081615 
1.319497 1.075000 2.837007 0.304978 1.072049 
1.310705 1.065000 2.837007 0.302141 1.062423 
1.301838 1.055000 2.837007 0.299304 1.052738 
1.292896 1.045000 2.837007 0.296467 1.042990 
1.283879 1.035000 2.837007 0.293630 1.033177 
1.274785 1.025000 2.837007 0.290793 1.023298 
1.265614 1.015000 2.837007 0.287956 1.013350 
1.256365 1.005000 2.837007 0.285119 1.003331 
1.247039 0.995000 2.837007 0.282282 0.993239 
1.237633 0.985000 2.837007 0.279445 0.983071 
1.228147 0.975000 2.837007 0.276608 0.972825 
1.218580 0.965000 2.837007 0.273771 0.962498 
1.208932 0.955000 2.837007 0.270934 0.952088 
1.199203 0.945000 2.837007 0.268097 0.941592 
1.189390 0.935000 2.837007 0.265260 0.931007 
1.179493 0.925000 2.837007 0.262423 0.920330 
1.174513 0.915000 2.837007 0.259586 0.914956 
1.164489 0.905000 2.837007 0.256749 0.904136 
1.154379 0.895000 2.837007 0.253912 0.893217 
1.144182 0.885000 2.837007 0.251075 0.882196 
1.133898 0.875000 2.837007 0.248238 0.871068 
1.123525 0.865000 2.837007 0.245401 0.859831 
1.118304 0.855000 2.837007 0.242564 0.854170 
1.107796 0.845000 2.837007 0.239727 0.842762 
1.097197 0.835000 2.837007 0.236890 0.831235 
1.086505 0.825000 2.837007 0.234053 0.819586 
1.081124 0.815000 2.837007 0.231216 0.813713 
1.070292 0.805000 2.837007 0.228379 0.801871 
1.059365 0.795000 2.837007 0.225542 0.789896 
1.053866 0.785000 2.837007 0.222705 0.783857 
1.042794 0.775000 2.837007 0.219868 0.771672 
1.031624 0.765000 2.837007 0.217031 0.759342 
1.026002 0.755000 2.837007 0.214194 0.753121 
1.014683 0.745000 2.837007 0.211357 0.740562 
1.008985 0.735000 2.837007 0.208520 0.734224 
0.997514 0.725000 2.837007 0.205683 0.721425 
0.991740 0.715000 2.837007 0.202846 0.714963 
0.980113 0.705000 2.837007 0.200009 0.701911 
0.968382 0.695000 2.837007 0.197172 0.688681 
0.962476 0.685000 2.837007 0.194335 0.681997 
0.950583 0.675000 2.837007 0.191498 0.668489 
0.944596 0.665000 2.837007 0.188661 0.661662 
0.938582 0.655000 2.837007 0.185824 0.654786 
0.926470 0.645000 2.837007 0.182987 0.640882 
0.920372 0.635000 2.837007 0.180150 0.633851 
0.908090 0.625000 2.837007 0.177313 0.619628 
0.901907 0.615000 2.837007 0.174476 0.612433 
0.889453 0.605000 2.837007 0.171639 0.597873 
0.883182 0.595000 2.837007 0.168802 0.590504 
0.876881 0.585000 2.837007 0.165965 0.583075 
0.864190 0.575000 2.837007 0.163128 0.568031 
0.857799 0.565000 2.837007 0.160291 0.560413 
0.851377 0.555000 2.837007 0.157454 0.552730 
0.844925 0.545000 2.837007 0.154617 0.544979 
0.831926 0.535000 2.837007 0.151780 0.529271 
0.825380 0.525000 2.837007 0.148943 0.521310 
0.818801 0.515000 2.837007 0.146106 0.513276 
0.805547 0.505000 2.837007 0.143269 0.496982 
0.798871 0.495000 2.837007 0.140432 0.488718 
0.792162 0.485000 2.837007 0.137595 0.480374 
0.785420 0.475000 2.837007 0.134758 0.471948 
0.778643 0.465000 2.837007 0.131921 0.463438 
0.771833 0.455000 2.837007 0.129084 0.454842 
0.758109 0.445000 2.837007 0.126247 0.437384 
0.751195 0.435000 2.837007 0.123410 0.428518 
0.744245 0.425000 2.837007 0.120573 0.419557 
0.737260 0.415000 2.837007 0.117736 0.410498 
0.730238 0.405000 2.837007 0.114899 0.401340 
0.723180 0.395000 2.837007 0.112062 0.392080 
0.716085 0.385000 2.837007 0.109225 0.382715 
0.708954 0.375000 2.837007 0.106388 0.373243 
0.701784 0.365000 2.837007 0.103551 0.363660 
0.694576 0.355000 2.837007 0.100714 0.353964 
0.687330 0.345000 2.837007 0.097877 0.344151 
0.680046 0.335000 2.837007 0.095040 0.334218 
0.672722 0.325000 2.837007 0.092203 0.324162 
0.665358 0.315000 2.837007 0.089366 0.313979 
0.657954 0.305000 2.837007 0.086529 0.303666 
0.650509 0.295000 2.837007 0.083692 0.293219 
0.643024 0.285000 2.837007 0.080855 0.282634 
0.635496 0.275000 2.837007 0.078018 0.271907 
0.627927 0.265000 2.837007 0.075181 0.261033 
0.620315 0.255000 2.837007 0.072344 0.250008 
0.612660 0.245000 2.837007 0.069507 0.238828 
0.604961 0.235000 2.837007 0.066670 0.227486 
0.597218 0.225000 2.837007 0.063833 0.215979 
0.589431 0.215000 2.837007 0.060996 0.204300 
0.589431 0.205000 2.837007 0.058159 0.204300 
0.581598 0.195000 2.837007 0.055322 0.192445 
0.573719 0.185000 2.837007 0.052485 0.180406 
0.565793 0.175000 2.837007 0.049648 0.168178 
0.557820 0.165000 2.837007 0.046811 0.155754 
0.549799 0.155000 2.837007 0.043974 0.143127 
0.549799 0.145000 2.837007 0.041137 0.143127 
0.541730 0.135000 2.837007 0.038300 0.130290 
0.533611 0.125000 2.837007 0.035463 0.117235 
0.525443 0.115000 2.837007 0.032626 0.103954 
0.525443 0.105000 2.837007 0.029789 0.103954 
0.517224 0.095000 2.837007 0.026952 0.090438 
0.508953 0.085000 2.837007 0.024115 0.076679 
0.500630 0.075000 2.837007 0.021278 0.062667 
0.500630 0.065000 2.837007 0.018441 0.062667 
0.492254 0.055000 2.837007 0.015604 0.048390 
0.483825 0.045000 2.837007 0.012767 0.033840 
0.483825 0.035000 2.837007 0.009930 0.033840 
0.475340 0.025000 2.837007 0.007093 0.019004 
0.466800 0.015000 2.837007 0.004256 0.003869 
