1.999998 9.985000 13.168219 13.148467 6.638180 
1.999998 9.975000 13.168219 13.135299 6.638180 
1.999998 9.965000 13.168219 13.122130 6.638180 
1.999998 9.955000 13.168219 13.108962 6.638180 
1.999998 9.945000 13.168219 13.095794 6.638180 
1.999998 9.935000 13.168219 13.082626 6.638180 
1.999998 9.925000 13.168219 13.069457 6.638180 
1.999998 9.915000 13.168219 13.056289 6.638180 
1.999998 9.905000 13.168219 13.043121 6.638180 
1.999998 9.895000 13.168219 13.029953 6.638180 
1.999998 9.885000 13.168219 13.016785 6.638180 
1.999998 9.875000 13.168219 13.003616 6.638180 
1.999998 9.865000 13.168219 12.990448 6.638180 
1.999998 9.855000 13.168219 12.977280 6.638180 
1.999998 9.845000 13.168219 12.964112 6.638180 
1.999998 9.835000 13.168219 12.950944 6.638180 
1.999998 9.825000 13.168219 12.937775 6.638180 
1.999998 9.815000 13.168219 12.924607 6.638180 
1.999998 9.805000 13.168219 12.911439 6.638180 
1.999998 9.795000 13.168219 12.898271 6.638180 
1.999998 9.785000 13.168219 12.885102 6.638180 
1.999998 9.775000 13.168219 12.871934 6.638180 
1.999998 9.765000 13.168219 12.858766 6.638180 
1.999998 9.755000 13.168219 12.845598 6.638180 
1.999998 9.745000 13.168219 12.832430 6.638180 
1.999998 9.735000 13.168219 12.819261 6.638180 
1.999998 9.725000 13.168219 12.806093 6.638180 
1.999998 9.715000 13.168219 12.792925 6.638180 
1.999998 9.705000 13.168219 12.779757 6.638180 
1.999998 9.695000 13.168219 12.766588 6.638180 
1.999998 9.685000 13.168219 12.753420 6.638180 
1.999998 9.675000 13.168219 12.740252 6.638180 
1.999998 9.665000 13.168219 12.727084 6.638180 
1.999998 9.655000 13.168219 12.713916 6.638180 
1.999998 9.645000 13.168219 12.700747 6.638180 
1.999998 9.635000 13.168219 12.687579 6.638180 
1.999998 9.625000 13.168219 12.674411 6.638180 
1.999998 9.615000 13.168219 12.661243 6.638180 
1.999998 9.605000 13.168219 12.648074 6.638180 
1.999998 9.595000 13.168219 12.634906 6.638180 
1.999998 9.585000 13.168219 12.621738 6.638180 
1.999998 9.575000 13.168219 12.608570 6.638180 
1.999998 9.565000 13.168219 12.595402 6.638180 
1.999998 9.555000 13.168219 12.582233 6.638180 
1.999998 9.545000 13.168219 12.569065 6.638180 
1.999998 9.535000 13.168219 12.555897 6.638180 
1.999998 9.525000 13.168219 12.542729 6.638180 
1.999998 9.515000 13.168219 12.529561 6.638180 
1.999998 9.505000 13.168219 12.516392 6.638180 
1.999998 9.495000 13.168219 12.503224 6.638180 
1.999998 9.485000 13.168219 12.490056 6.638180 
1.999998 9.475000 13.168219 12.476888 6.638180 
1.999998 9.465000 13.168219 12.463719 6.638180 
1.999998 9.455000 13.168219 12.450551 6.638180 
1.999998 9.445000 13.168219 12.437383 6.638180 
1.999998 9.435000 13.168219 12.424215 6.638180 
1.999998 9.425000 13.168219 12.411047 6.638180 
1.999998 9.415000 13.168219 12.397878 6.638180 
1.999998 9.405000 13.168219 12.384710 6.638180 
1.999998 9.395000 13.168219 12.371542 6.638180 
1.999998 9.385000 13.168219 12.358374 6.638180 
1.999998 9.375000 13.168219 12.345205 6.638180 
1.999998 9.365000 13.168219 12.332037 6.638180 
1.999998 9.355000 13.168219 12.318869 6.638180 
1.999998 9.345000 13.168219 12.305701 6.638180 
1.999998 9.335000 13.168219 12.292533 6.638180 
1.999998 9.325000 13.168219 12.279364 6.638180 
1.999998 9.315000 13.168219 12.266196 6.638180 
1.999998 9.305000 13.168219 12.253028 6.638180 
1.999998 9.295000 13.168219 12.239860 6.638180 
1.999998 9.285000 13.168219 12.226691 6.638180 
1.999998 9.275000 13.168219 12.213523 6.638180 
1.999998 9.265000 13.168219 12.200355 6.638180 
1.999998 9.255000 13.168219 12.187187 6.638180 
1.999998 9.245000 13.168219 12.174019 6.638180 
1.999998 9.235000 13.168219 12.160850 6.638180 
1.999998 9.225000 13.168219 12.147682 6.638180 
1.999998 9.215000 13.168219 12.134514 6.638180 
1.999998 9.205000 13.168219 12.121346 6.638180 
1.999998 9.195000 13.168219 12.108178 6.638180 
1.999998 9.185000 13.168219 12.095009 6.638180 
1.999998 9.175000 13.168219 12.081841 6.638180 
1.999998 9.165000 13.168219 12.068673 6.638180 
1.999998 9.155000 13.168219 12.055505 6.638180 
1.999998 9.145000 13.168219 12.042336 6.638180 
1.999998 9.135000 13.168219 12.029168 6.638180 
1.999998 9.125000 13.168219 12.016000 6.638180 
1.999998 9.115000 13.168219 12.002832 6.638180 
1.999998 9.105000 13.168219 11.989664 6.638180 
1.999998 9.095000 13.168219 11.976495 6.638180 
1.999998 9.085000 13.168219 11.963327 6.638180 
1.999998 9.075000 13.168219 11.950159 6.638180 
1.999998 9.065000 13.168219 11.936991 6.638180 
1.999998 9.055000 13.168219 11.923822 6.638180 
1.999998 9.045000 13.168219 11.910654 6.638180 
1.999998 9.035000 13.168219 11.897486 6.638180 
1.999998 9.025000 13.168219 11.884318 6.638180 
1.999998 9.015000 13.168219 11.871150 6.638180 
1.999998 9.005000 13.168219 11.857981 6.638180 
1.999998 8.995000 13.168219 11.844813 6.638180 
1.999998 8.985000 13.168219 11.831645 6.638180 
1.999998 8.975000 13.168219 11.818477 6.638180 
1.999998 8.965000 13.168219 11.805308 6.638180 
1.999998 8.955000 13.168219 11.792140 6.638180 
1.999998 8.945000 13.168219 11.778972 6.638180 
1.999998 8.935000 13.168219 11.765804 6.638180 
1.999998 8.925000 13.168219 11.752636 6.638180 
1.999998 8.915000 13.168219 11.739467 6.638180 
1.999998 8.905000 13.168219 11.726299 6.638180 
1.999998 8.895000 13.168219 11.713131 6.638180 
1.999998 8.885000 13.168219 11.699963 6.638180 
1.999998 8.875000 13.168219 11.686794 6.638180 
1.999998 8.865000 13.168219 11.673626 6.638180 
1.999998 8.855000 13.168219 11.660458 6.638180 
1.999998 8.845000 13.168219 11.647290 6.638180 
1.999998 8.835000 13.168219 11.634122 6.638180 
1.999998 8.825000 13.168219 11.620953 6.638180 
1.999998 8.815000 13.168219 11.607785 6.638180 
1.999998 8.805000 13.168219 11.594617 6.638180 
1.999998 8.795000 13.168219 11.581449 6.638180 
1.999998 8.785000 13.168219 11.568281 6.638180 
1.999998 8.775000 13.168219 11.555112 6.638180 
1.999998 8.765000 13.168219 11.541944 6.638180 
1.999998 8.755000 13.168219 11.528776 6.638180 
1.999998 8.745000 13.168219 11.515608 6.638180 
1.999998 8.735000 13.168219 11.502439 6.638180 
1.999998 8.725000 13.168219 11.489271 6.638180 
1.999998 8.715000 13.168219 11.476103 6.638180 
1.999998 8.705000 13.168219 11.462935 6.638180 
1.999998 8.695000 13.168219 11.449767 6.638180 
1.999998 8.685000 13.168219 11.436598 6.638180 
1.999998 8.675000 13.168219 11.423430 6.638180 
1.999998 8.665000 13.168219 11.410262 6.638180 
1.999998 8.655000 13.168219 11.397094 6.638180 
1.999998 8.645000 13.168219 11.383925 6.638180 
1.999998 8.635000 13.168219 11.370757 6.638180 
1.999998 8.625000 13.168219 11.357589 6.638180 
1.999998 8.615000 13.168219 11.344421 6.638180 
1.999998 8.605000 13.168219 11.331253 6.638180 
1.999998 8.595000 13.168219 11.318084 6.638180 
1.999998 8.585000 13.168219 11.304916 6.638180 
1.999998 8.575000 13.168219 11.291748 6.638180 
1.999998 8.565000 13.168219 11.278580 6.638180 
1.999998 8.555000 13.168219 11.265411 6.638180 
1.999998 8.545000 13.168219 11.252243 6.638180 
1.999998 8.535000 13.168219 11.239075 6.638180 
1.999998 8.525000 13.168219 11.225907 6.638180 
1.999998 8.515000 13.168219 11.212739 6.638180 
1.999998 8.505000 13.168219 11.199570 6.638180 
1.999998 8.495000 13.168219 11.186402 6.638180 
1.999998 8.485000 13.168219 11.173234 6.638180 
1.999998 8.475000 13.168219 11.160066 6.638180 
1.999998 8.465000 13.168219 11.146898 6.638180 
1.999998 8.455000 13.168219 11.133729 6.638180 
1.999998 8.445000 13.168219 11.120561 6.638180 
1.999998 8.435000 13.168219 11.107393 6.638180 
1.999998 8.425000 13.168219 11.094225 6.638180 
1.999998 8.415000 13.168219 11.081056 6.638180 
1.999998 8.405000 13.168219 11.067888 6.638180 
1.999998 8.395000 13.168219 11.054720 6.638180 
1.999998 8.385000 13.168219 11.041552 6.638180 
1.999998 8.375000 13.168219 11.028384 6.638180 
1.999998 8.365000 13.168219 11.015215 6.638180 
1.999998 8.355000 13.168219 11.002047 6.638180 
1.999998 8.345000 13.168219 10.988879 6.638180 
1.999998 8.335000 13.168219 10.975711 6.638180 
1.999998 8.325000 13.168219 10.962542 6.638180 
1.999998 8.315000 13.168219 10.949374 6.638180 
1.999998 8.305000 13.168219 10.936206 6.638180 
1.999998 8.295000 13.168219 10.923038 6.638180 
1.999998 8.285000 13.168219 10.909870 6.638180 
1.999998 8.275000 13.168219 10.896701 6.638180 
1.999998 8.265000 13.168219 10.883533 6.638180 
1.999998 8.255000 13.168219 10.870365 6.638180 
1.999998 8.245000 13.168219 10.857197 6.638180 
1.999998 8.235000 13.168219 10.844028 6.638180 
1.999998 8.225000 13.168219 10.830860 6.638180 
1.999998 8.215000 13.168219 10.817692 6.638180 
1.999998 8.205000 13.168219 10.804524 6.638180 
1.999998 8.195000 13.168219 10.791356 6.638180 
1.999998 8.185000 13.168219 10.778187 6.638180 
1.999998 8.175000 13.168219 10.765019 6.638180 
1.999998 8.165000 13.168219 10.751851 6.638180 
1.999998 8.155000 13.168219 10.738683 6.638180 
1.999998 8.145000 13.168219 10.725514 6.638180 
1.999998 8.135000 13.168219 10.712346 6.638180 
1.999998 8.125000 13.168219 10.699178 6.638180 
1.999998 8.115000 13.168219 10.686010 6.638180 
1.999998 8.105000 13.168219 10.672842 6.638180 
1.999998 8.095000 13.168219 10.659673 6.638180 
1.999998 8.085000 13.168219 10.646505 6.638180 
1.999998 8.075000 13.168219 10.633337 6.638180 
1.999998 8.065000 13.168219 10.620169 6.638180 
1.999998 8.055000 13.168219 10.607001 6.638180 
1.999998 8.045000 13.168219 10.593832 6.638180 
1.999998 8.035000 13.168219 10.580664 6.638180 
1.999998 8.025000 13.168219 10.567496 6.638180 
1.999998 8.015000 13.168219 10.554328 6.638180 
1.999998 8.005000 13.168219 10.541159 6.638180 
1.999998 7.995000 13.168219 10.527991 6.638180 
1.999998 7.985000 13.168219 10.514823 6.638180 
1.999998 7.975000 13.168219 10.501655 6.638180 
1.999998 7.965000 13.168219 10.488487 6.638180 
1.999998 7.955000 13.168219 10.475318 6.638180 
1.999998 7.945000 13.168219 10.462150 6.638180 
1.999998 7.935000 13.168219 10.448982 6.638180 
1.999998 7.925000 13.168219 10.435814 6.638180 
1.999998 7.915000 13.168219 10.422645 6.638180 
1.999998 7.905000 13.168219 10.409477 6.638180 
1.999998 7.895000 13.168219 10.396309 6.638180 
1.999998 7.885000 13.168219 10.383141 6.638180 
1.999998 7.875000 13.168219 10.369973 6.638180 
1.999998 7.865000 13.168219 10.356804 6.638180 
1.999998 7.855000 13.168219 10.343636 6.638180 
1.999998 7.845000 13.168219 10.330468 6.638180 
1.999998 7.835000 13.168219 10.317300 6.638180 
1.999998 7.825000 13.168219 10.304131 6.638180 
1.999998 7.815000 13.168219 10.290963 6.638180 
1.999998 7.805000 13.168219 10.277795 6.638180 
1.999998 7.795000 13.168219 10.264627 6.638180 
1.999998 7.785000 13.168219 10.251459 6.638180 
1.999998 7.775000 13.168219 10.238290 6.638180 
1.999998 7.765000 13.168219 10.225122 6.638180 
1.999998 7.755000 13.168219 10.211954 6.638180 
1.999998 7.745000 13.168219 10.198786 6.638180 
1.999998 7.735000 13.168219 10.185618 6.638180 
1.999998 7.725000 13.168219 10.172449 6.638180 
1.999998 7.715000 13.168219 10.159281 6.638180 
1.999998 7.705000 13.168219 10.146113 6.638180 
1.999998 7.695000 13.168219 10.132945 6.638180 
1.999998 7.685000 13.168219 10.119776 6.638180 
1.999998 7.675000 13.168219 10.106608 6.638180 
1.999998 7.665000 13.168219 10.093440 6.638180 
1.999998 7.655000 13.168219 10.080272 6.638180 
1.999998 7.645000 13.168219 10.067104 6.638180 
1.999998 7.635000 13.168219 10.053935 6.638180 
1.999998 7.625000 13.168219 10.040767 6.638180 
1.999998 7.615000 13.168219 10.027599 6.638180 
1.999998 7.605000 13.168219 10.014431 6.638180 
1.999998 7.595000 13.168219 10.001262 6.638180 
1.999998 7.585000 13.168219 9.988094 6.638180 
1.999998 7.575000 13.168219 9.974926 6.638180 
1.999998 7.565000 13.168219 9.961758 6.638180 
1.999998 7.555000 13.168219 9.948590 6.638180 
1.999998 7.545000 13.168219 9.935421 6.638180 
1.999998 7.535000 13.168219 9.922253 6.638180 
1.999998 7.525000 13.168219 9.909085 6.638180 
1.999998 7.515000 13.168219 9.895917 6.638180 
1.999998 7.505000 13.168219 9.882748 6.638180 
1.999998 7.495000 13.168219 9.869580 6.638180 
1.999998 7.485000 13.168219 9.856412 6.638180 
1.999998 7.475000 13.168219 9.843244 6.638180 
1.999998 7.465000 13.168219 9.830076 6.638180 
1.999998 7.455000 13.168219 9.816907 6.638180 
1.999998 7.445000 13.168219 9.803739 6.638180 
1.999998 7.435000 13.168219 9.790571 6.638180 
1.999998 7.425000 13.168219 9.777403 6.638180 
1.999998 7.415000 13.168219 9.764234 6.638180 
1.999998 7.405000 13.168219 9.751066 6.638180 
1.999998 7.395000 13.168219 9.737898 6.638180 
1.999998 7.385000 13.168219 9.724730 6.638180 
1.999998 7.375000 13.168219 9.711562 6.638180 
1.999998 7.365000 13.168219 9.698393 6.638180 
1.999998 7.355000 13.168219 9.685225 6.638180 
1.999998 7.345000 13.168219 9.672057 6.638180 
1.999998 7.335000 13.168219 9.658889 6.638180 
1.999998 7.325000 13.168219 9.645721 6.638180 
1.999998 7.315000 13.168219 9.632552 6.638180 
1.999998 7.305000 13.168219 9.619384 6.638180 
1.999998 7.295000 13.168219 9.606216 6.638180 
1.999998 7.285000 13.168219 9.593048 6.638180 
1.999998 7.275000 13.168219 9.579879 6.638180 
1.999998 7.265000 13.168219 9.566711 6.638180 
1.999998 7.255000 13.168219 9.553543 6.638180 
1.999998 7.245000 13.168219 9.540375 6.638180 
1.999998 7.235000 13.168219 9.527207 6.638180 
1.999998 7.225000 13.168219 9.514038 6.638180 
1.999998 7.215000 13.168219 9.500870 6.638180 
1.999998 7.205000 13.168219 9.487702 6.638180 
1.999998 7.195000 13.168219 9.474534 6.638180 
1.999998 7.185000 13.168219 9.461365 6.638180 
1.999998 7.175000 13.168219 9.448197 6.638180 
1.999998 7.165000 13.168219 9.435029 6.638180 
1.999998 7.155000 13.168219 9.421861 6.638180 
1.999998 7.145000 13.168219 9.408693 6.638180 
1.999998 7.135000 13.168219 9.395524 6.638180 
1.999998 7.125000 13.168219 9.382356 6.638180 
1.999998 7.115000 13.168219 9.369188 6.638180 
1.999998 7.105000 13.168219 9.356020 6.638180 
1.999998 7.095000 13.168219 9.342851 6.638180 
1.999998 7.085000 13.168219 9.329683 6.638180 
1.999998 7.075000 13.168219 9.316515 6.638180 
1.999998 7.065000 13.168219 9.303347 6.638180 
1.999998 7.055000 13.168219 9.290179 6.638180 
1.999998 7.045000 13.168219 9.277010 6.638180 
1.999998 7.035000 13.168219 9.263842 6.638180 
1.999998 7.025000 13.168219 9.250674 6.638180 
1.999998 7.015000 13.168219 9.237506 6.638180 
1.999998 7.005000 13.168219 9.224338 6.638180 
1.999998 6.995000 13.168219 9.211169 6.638180 
1.999998 6.985000 13.168219 9.198001 6.638180 
1.999998 6.975000 13.168219 9.184833 6.638180 
1.999998 6.965000 13.168219 9.171665 6.638180 
1.999998 6.955000 13.168219 9.158496 6.638180 
1.999998 6.945000 13.168219 9.145328 6.638180 
1.999998 6.935000 13.168219 9.132160 6.638180 
1.999998 6.925000 13.168219 9.118992 6.638180 
1.999998 6.915000 13.168219 9.105824 6.638180 
1.999998 6.905000 13.168219 9.092655 6.638180 
1.999998 6.895000 13.168219 9.079487 6.638180 
1.999998 6.885000 13.168219 9.066319 6.638180 
1.999998 6.875000 13.168219 9.053151 6.638180 
1.999998 6.865000 13.168219 9.039982 6.638180 
1.999998 6.855000 13.168219 9.026814 6.638180 
1.999998 6.845000 13.168219 9.013646 6.638180 
1.999998 6.835000 13.168219 9.000478 6.638180 
1.999998 6.825000 13.168219 8.987310 6.638180 
1.999998 6.815000 13.168219 8.974141 6.638180 
1.999998 6.805000 13.168219 8.960973 6.638180 
1.999998 6.795000 13.168219 8.947805 6.638180 
1.999998 6.785000 13.168219 8.934637 6.638180 
1.999998 6.775000 13.168219 8.921468 6.638180 
1.999998 6.765000 13.168219 8.908300 6.638180 
1.999998 6.755000 13.168219 8.895132 6.638180 
1.999998 6.745000 13.168219 8.881964 6.638180 
1.999998 6.735000 13.168219 8.868796 6.638180 
1.999998 6.725000 13.168219 8.855627 6.638180 
1.999998 6.715000 13.168219 8.842459 6.638180 
1.999998 6.705000 13.168219 8.829291 6.638180 
1.999998 6.695000 13.168219 8.816123 6.638180 
1.999998 6.685000 13.168219 8.802954 6.638180 
1.999998 6.675000 13.168219 8.789786 6.638180 
1.999998 6.665000 13.168219 8.776618 6.638180 
1.999998 6.655000 13.168219 8.763450 6.638180 
1.999998 6.645000 13.168219 8.750282 6.638180 
1.999986 6.635000 13.168219 8.737113 6.014635 
1.999986 6.625000 13.168219 8.723945 6.014635 
1.999986 6.615000 13.168219 8.710777 6.014635 
1.999986 6.605000 13.168219 8.697609 6.014635 
1.999986 6.595000 13.168219 8.684441 6.014635 
1.999986 6.585000 13.168219 8.671272 6.014635 
1.999986 6.575000 13.168219 8.658104 6.014635 
1.999986 6.565000 13.168219 8.644936 6.014635 
1.999986 6.555000 13.168219 8.631768 6.014635 
1.999986 6.545000 13.168219 8.618599 6.014635 
1.999986 6.535000 13.168219 8.605431 6.014635 
1.999986 6.525000 13.168219 8.592263 6.014635 
1.999986 6.515000 13.168219 8.579095 6.014635 
1.999986 6.505000 13.168219 8.565927 6.014635 
1.999986 6.495000 13.168219 8.552758 6.014635 
1.999986 6.485000 13.168219 8.539590 6.014635 
1.999986 6.475000 13.168219 8.526422 6.014635 
1.999986 6.465000 13.168219 8.513254 6.014635 
1.999986 6.455000 13.168219 8.500085 6.014635 
1.999986 6.445000 13.168219 8.486917 6.014635 
1.999986 6.435000 13.168219 8.473749 6.014635 
1.999986 6.425000 13.168219 8.460581 6.014635 
1.999986 6.415000 13.168219 8.447413 6.014635 
1.999986 6.405000 13.168219 8.434244 6.014635 
1.999986 6.395000 13.168219 8.421076 6.014635 
1.999986 6.385000 13.168219 8.407908 6.014635 
1.999986 6.375000 13.168219 8.394740 6.014635 
1.999986 6.365000 13.168219 8.381571 6.014635 
1.999986 6.355000 13.168219 8.368403 6.014635 
1.999986 6.345000 13.168219 8.355235 6.014635 
1.999986 6.335000 13.168219 8.342067 6.014635 
1.999986 6.325000 13.168219 8.328899 6.014635 
1.999986 6.315000 13.168219 8.315730 6.014635 
1.999986 6.305000 13.168219 8.302562 6.014635 
1.999986 6.295000 13.168219 8.289394 6.014635 
1.999986 6.285000 13.168219 8.276226 6.014635 
1.999986 6.275000 13.168219 8.263058 6.014635 
1.999986 6.265000 13.168219 8.249889 6.014635 
1.999986 6.255000 13.168219 8.236721 6.014635 
1.999986 6.245000 13.168219 8.223553 6.014635 
1.999986 6.235000 13.168219 8.210385 6.014635 
1.999986 6.225000 13.168219 8.197216 6.014635 
1.999986 6.215000 13.168219 8.184048 6.014635 
1.999986 6.205000 13.168219 8.170880 6.014635 
1.999986 6.195000 13.168219 8.157712 6.014635 
1.999986 6.185000 13.168219 8.144544 6.014635 
1.999986 6.175000 13.168219 8.131375 6.014635 
1.999986 6.165000 13.168219 8.118207 6.014635 
1.999986 6.155000 13.168219 8.105039 6.014635 
1.999986 6.145000 13.168219 8.091871 6.014635 
1.999986 6.135000 13.168219 8.078702 6.014635 
1.999986 6.125000 13.168219 8.065534 6.014635 
1.999986 6.115000 13.168219 8.052366 6.014635 
1.999986 6.105000 13.168219 8.039198 6.014635 
1.999986 6.095000 13.168219 8.026030 6.014635 
1.999986 6.085000 13.168219 8.012861 6.014635 
1.999986 6.075000 13.168219 7.999693 6.014635 
1.999986 6.065000 13.168219 7.986525 6.014635 
1.999986 6.055000 13.168219 7.973357 6.014635 
1.999986 6.045000 13.168219 7.960188 6.014635 
1.999986 6.035000 13.168219 7.947020 6.014635 
1.999986 6.025000 13.168219 7.933852 6.014635 
1.999963 6.005000 13.168219 7.907516 5.698156 
1.999963 5.995000 13.168219 7.894347 5.698156 
1.999963 5.985000 13.168219 7.881179 5.698156 
1.999963 5.975000 13.168219 7.868011 5.698156 
1.999963 5.965000 13.168219 7.854843 5.698156 
1.999963 5.955000 13.168219 7.841674 5.698156 
1.999963 5.945000 13.168219 7.828506 5.698156 
1.999963 5.935000 13.168219 7.815338 5.698156 
1.999963 5.925000 13.168219 7.802170 5.698156 
1.999963 5.915000 13.168219 7.789002 5.698156 
1.999963 5.905000 13.168219 7.775833 5.698156 
1.999963 5.895000 13.168219 7.762665 5.698156 
1.999963 5.885000 13.168219 7.749497 5.698156 
1.999963 5.875000 13.168219 7.736329 5.698156 
1.999963 5.865000 13.168219 7.723161 5.698156 
1.999963 5.855000 13.168219 7.709992 5.698156 
1.999963 5.845000 13.168219 7.696824 5.698156 
1.999963 5.835000 13.168219 7.683656 5.698156 
1.999963 5.825000 13.168219 7.670488 5.698156 
1.999963 5.815000 13.168219 7.657319 5.698156 
1.999963 5.805000 13.168219 7.644151 5.698156 
1.999963 5.795000 13.168219 7.630983 5.698156 
1.999963 5.785000 13.168219 7.617815 5.698156 
1.999963 5.775000 13.168219 7.604647 5.698156 
1.999963 5.765000 13.168219 7.591478 5.698156 
1.999963 5.755000 13.168219 7.578310 5.698156 
1.999963 5.745000 13.168219 7.565142 5.698156 
1.999963 5.735000 13.168219 7.551974 5.698156 
1.999963 5.725000 13.168219 7.538805 5.698156 
1.999963 5.715000 13.168219 7.525637 5.698156 
1.999963 5.705000 13.168219 7.512469 5.698156 
1.999929 5.695000 13.168219 7.499301 5.484420 
1.999929 5.685000 13.168219 7.486133 5.484420 
1.999929 5.675000 13.168219 7.472964 5.484420 
1.999929 5.665000 13.168219 7.459796 5.484420 
1.999929 5.655000 13.168219 7.446628 5.484420 
1.999929 5.645000 13.168219 7.433460 5.484420 
1.999929 5.635000 13.168219 7.420291 5.484420 
1.999929 5.625000 13.168219 7.407123 5.484420 
1.999929 5.615000 13.168219 7.393955 5.484420 
1.999929 5.605000 13.168219 7.380787 5.484420 
1.999929 5.595000 13.168219 7.367619 5.484420 
1.999929 5.585000 13.168219 7.354450 5.484420 
1.999929 5.575000 13.168219 7.341282 5.484420 
1.999929 5.565000 13.168219 7.328114 5.484420 
1.999929 5.555000 13.168219 7.314946 5.484420 
1.999929 5.545000 13.168219 7.301778 5.484420 
1.999929 5.535000 13.168219 7.288609 5.484420 
1.999929 5.525000 13.168219 7.275441 5.484420 
1.999929 5.515000 13.168219 7.262273 5.484420 
1.999929 5.505000 13.168219 7.249105 5.484420 
1.999929 5.495000 13.168219 7.235936 5.484420 
1.999929 5.485000 13.168219 7.222768 5.484420 
1.999884 5.475000 13.168219 7.209600 5.322816 
1.999884 5.465000 13.168219 7.196432 5.322816 
1.999884 5.455000 13.168219 7.183264 5.322816 
1.999884 5.445000 13.168219 7.170095 5.322816 
1.999884 5.435000 13.168219 7.156927 5.322816 
1.999884 5.425000 13.168219 7.143759 5.322816 
1.999884 5.415000 13.168219 7.130591 5.322816 
1.999884 5.405000 13.168219 7.117422 5.322816 
1.999884 5.395000 13.168219 7.104254 5.322816 
1.999884 5.385000 13.168219 7.091086 5.322816 
1.999884 5.375000 13.168219 7.077918 5.322816 
1.999884 5.365000 13.168219 7.064750 5.322816 
1.999884 5.355000 13.168219 7.051581 5.322816 
1.999884 5.345000 13.168219 7.038413 5.322816 
1.999884 5.335000 13.168219 7.025245 5.322816 
1.999884 5.325000 13.168219 7.012077 5.322816 
1.999828 5.315000 13.168219 6.998908 5.192830 
1.999828 5.305000 13.168219 6.985740 5.192830 
1.999828 5.295000 13.168219 6.972572 5.192830 
1.999828 5.285000 13.168219 6.959404 5.192830 
1.999828 5.275000 13.168219 6.946236 5.192830 
1.999828 5.265000 13.168219 6.933067 5.192830 
1.999828 5.255000 13.168219 6.919899 5.192830 
1.999828 5.245000 13.168219 6.906731 5.192830 
1.999828 5.235000 13.168219 6.893563 5.192830 
1.999828 5.225000 13.168219 6.880395 5.192830 
1.999828 5.215000 13.168219 6.867226 5.192830 
1.999828 5.205000 13.168219 6.854058 5.192830 
1.999828 5.195000 13.168219 6.840890 5.192830 
1.999762 5.185000 13.168219 6.827722 5.084088 
1.999762 5.175000 13.168219 6.814553 5.084088 
1.999762 5.165000 13.168219 6.801385 5.084088 
1.999762 5.155000 13.168219 6.788217 5.084088 
1.999762 5.145000 13.168219 6.775049 5.084088 
1.999762 5.135000 13.168219 6.761881 5.084088 
1.999762 5.125000 13.168219 6.748712 5.084088 
1.999762 5.115000 13.168219 6.735544 5.084088 
1.999762 5.105000 13.168219 6.722376 5.084088 
1.999762 5.095000 13.168219 6.709208 5.084088 
1.999762 5.085000 13.168219 6.696039 5.084088 
1.999685 5.075000 13.168219 6.682871 4.990609 
1.999685 5.065000 13.168219 6.669703 4.990609 
1.999685 5.055000 13.168219 6.656535 4.990609 
1.999685 5.045000 13.168219 6.643367 4.990609 
1.999685 5.035000 13.168219 6.630198 4.990609 
1.999685 5.025000 13.168219 6.617030 4.990609 
1.999685 5.015000 13.168219 6.603862 4.990609 
1.999685 5.005000 13.168219 6.590694 4.990609 
1.999685 4.995000 13.168219 6.577525 4.990609 
1.999596 4.985000 13.168219 6.564357 4.908626 
1.999596 4.975000 13.168219 6.551189 4.908626 
1.999596 4.965000 13.168219 6.538021 4.908626 
1.999596 4.955000 13.168219 6.524853 4.908626 
1.999596 4.945000 13.168219 6.511684 4.908626 
1.999596 4.935000 13.168219 6.498516 4.908626 
1.999596 4.925000 13.168219 6.485348 4.908626 
1.999596 4.915000 13.168219 6.472180 4.908626 
1.999497 4.905000 13.168219 6.459011 4.835618 
1.999497 4.895000 13.168219 6.445843 4.835618 
1.999497 4.885000 13.168219 6.432675 4.835618 
1.999497 4.875000 13.168219 6.419507 4.835618 
1.999497 4.865000 13.168219 6.406339 4.835618 
1.999497 4.855000 13.168219 6.393170 4.835618 
1.999497 4.845000 13.168219 6.380002 4.835618 
1.999388 4.835000 13.168219 6.366834 4.769808 
1.999388 4.825000 13.168219 6.353666 4.769808 
1.999388 4.815000 13.168219 6.340498 4.769808 
1.999388 4.805000 13.168219 6.327329 4.769808 
1.999388 4.795000 13.168219 6.314161 4.769808 
1.999388 4.785000 13.168219 6.300993 4.769808 
1.999388 4.775000 13.168219 6.287825 4.769808 
1.999267 4.765000 13.168219 6.274656 4.709902 
1.999267 4.755000 13.168219 6.261488 4.709902 
1.999267 4.745000 13.168219 6.248320 4.709902 
1.999267 4.735000 13.168219 6.235152 4.709902 
1.999267 4.725000 13.168219 6.221984 4.709902 
1.999267 4.715000 13.168219 6.208815 4.709902 
1.999136 4.705000 13.168219 6.195647 4.654924 
1.999136 4.695000 13.168219 6.182479 4.654924 
1.999136 4.685000 13.168219 6.169311 4.654924 
1.999136 4.675000 13.168219 6.156142 4.654924 
1.999136 4.665000 13.168219 6.142974 4.654924 
1.999136 4.655000 13.168219 6.129806 4.654924 
1.998994 4.645000 13.168219 6.116638 4.604123 
1.998994 4.635000 13.168219 6.103470 4.604123 
1.998994 4.625000 13.168219 6.090301 4.604123 
1.998994 4.615000 13.168219 6.077133 4.604123 
1.998994 4.605000 13.168219 6.063965 4.604123 
1.998841 4.595000 13.168219 6.050797 4.556908 
1.998841 4.585000 13.168219 6.037628 4.556908 
1.998841 4.575000 13.168219 6.024460 4.556908 
1.998841 4.565000 13.168219 6.011292 4.556908 
1.998677 4.555000 13.168219 5.998124 4.512802 
1.998677 4.545000 13.168219 5.984956 4.512802 
1.998677 4.535000 13.168219 5.971787 4.512802 
1.998677 4.525000 13.168219 5.958619 4.512802 
1.998677 4.515000 13.168219 5.945451 4.512802 
1.998502 4.505000 13.168219 5.932283 4.471421 
1.998502 4.495000 13.168219 5.919115 4.471421 
1.998502 4.485000 13.168219 5.905946 4.471421 
1.998502 4.475000 13.168219 5.892778 4.471421 
1.998316 4.465000 13.168219 5.879610 4.432445 
1.998316 4.455000 13.168219 5.866442 4.432445 
1.998316 4.445000 13.168219 5.853273 4.432445 
1.998316 4.435000 13.168219 5.840105 4.432445 
1.998120 4.425000 13.168219 5.826937 4.395609 
1.998120 4.415000 13.168219 5.813769 4.395609 
1.998120 4.405000 13.168219 5.800601 4.395609 
1.997913 4.395000 13.168219 5.787432 4.360688 
1.997913 4.385000 13.168219 5.774264 4.360688 
1.997913 4.375000 13.168219 5.761096 4.360688 
1.997913 4.365000 13.168219 5.747928 4.360688 
1.997695 4.355000 13.168219 5.734759 4.327491 
1.997695 4.345000 13.168219 5.721591 4.327491 
1.997695 4.335000 13.168219 5.708423 4.327491 
1.997466 4.325000 13.168219 5.695255 4.295856 
1.997466 4.315000 13.168219 5.682087 4.295856 
1.997466 4.305000 13.168219 5.668918 4.295856 
1.997226 4.295000 13.168219 5.655750 4.265640 
1.997226 4.285000 13.168219 5.642582 4.265640 
1.997226 4.275000 13.168219 5.629414 4.265640 
1.996976 4.265000 13.168219 5.616245 4.236721 
1.996976 4.255000 13.168219 5.603077 4.236721 
1.996976 4.245000 13.168219 5.589909 4.236721 
1.996715 4.235000 13.168219 5.576741 4.208990 
1.996715 4.225000 13.168219 5.563573 4.208990 
1.996715 4.215000 13.168219 5.550404 4.208990 
1.996442 4.205000 13.168219 5.537236 4.182353 
1.996442 4.195000 13.168219 5.524068 4.182353 
1.996442 4.185000 13.168219 5.510900 4.182353 
1.996159 4.175000 13.168219 5.497731 4.156725 
1.996159 4.165000 13.168219 5.484563 4.156725 
1.995866 4.155000 13.168219 5.471395 4.132032 
1.995866 4.145000 13.168219 5.458227 4.132032 
1.995866 4.135000 13.168219 5.445059 4.132032 
1.995561 4.125000 13.168219 5.431890 4.108207 
1.995561 4.115000 13.168219 5.418722 4.108207 
1.995245 4.105000 13.168219 5.405554 4.085190 
1.995245 4.095000 13.168219 5.392386 4.085190 
1.994919 4.085000 13.168219 5.379218 4.062926 
1.994919 4.075000 13.168219 5.366049 4.062926 
1.994919 4.065000 13.168219 5.352881 4.062926 
1.994582 4.055000 13.168219 5.339713 4.041369 
1.994582 4.045000 13.168219 5.326545 4.041369 
1.994233 4.035000 13.168219 5.313376 4.020472 
1.994233 4.025000 13.168219 5.300208 4.020472 
1.993874 4.015000 13.168219 5.287040 4.000197 
1.993874 4.005000 13.168219 5.273872 4.000197 
1.993505 3.995000 13.168219 5.260704 3.980505 
1.993505 3.985000 13.168219 5.247535 3.980505 
1.993124 3.975000 13.168219 5.234367 3.961364 
1.993124 3.965000 13.168219 5.221199 3.961364 
1.992732 3.955000 13.168219 5.208031 3.942744 
1.992732 3.945000 13.168219 5.194862 3.942744 
1.992330 3.935000 13.168219 5.181694 3.924615 
1.992330 3.925000 13.168219 5.168526 3.924615 
1.991917 3.915000 13.168219 5.155358 3.906951 
1.991492 3.905000 13.168219 5.142190 3.889730 
1.991492 3.895000 13.168219 5.129021 3.889730 
1.991057 3.885000 13.168219 5.115853 3.872927 
1.991057 3.875000 13.168219 5.102685 3.872927 
1.990611 3.865000 13.168219 5.089517 3.856524 
1.990155 3.855000 13.168219 5.076348 3.840499 
1.990155 3.845000 13.168219 5.063180 3.840499 
1.989687 3.835000 13.168219 5.050012 3.824837 
1.989687 3.825000 13.168219 5.036844 3.824837 
1.989208 3.815000 13.168219 5.023676 3.809520 
1.988719 3.805000 13.168219 5.010507 3.794532 
1.988719 3.795000 13.168219 4.997339 3.794532 
1.988218 3.785000 13.168219 4.984171 3.779860 
1.987707 3.775000 13.168219 4.971003 3.765488 
1.987185 3.765000 13.168219 4.957835 3.751406 
1.987185 3.755000 13.168219 4.944666 3.751406 
1.986652 3.745000 13.168219 4.931498 3.737601 
1.986108 3.735000 13.168219 4.918330 3.724061 
1.986108 3.725000 13.168219 4.905162 3.724061 
1.985553 3.715000 13.168219 4.891993 3.710776 
1.984987 3.705000 13.168219 4.878825 3.697736 
1.984410 3.695000 13.168219 4.865657 3.684931 
1.984410 3.685000 13.168219 4.852489 3.684931 
1.983823 3.675000 13.168219 4.839321 3.672354 
1.983224 3.665000 13.168219 4.826152 3.659994 
1.982614 3.655000 13.168219 4.812984 3.647845 
1.981994 3.645000 13.168219 4.799816 3.635899 
1.981362 3.635000 13.168219 4.786648 3.624148 
1.981362 3.625000 13.168219 4.773479 3.624148 
1.980720 3.615000 13.168219 4.760311 3.612587 
1.980067 3.605000 13.168219 4.747143 3.601207 
1.979402 3.595000 13.168219 4.733975 3.590004 
1.978727 3.585000 13.168219 4.720807 3.578971 
1.978041 3.575000 13.168219 4.707638 3.568103 
1.977343 3.565000 13.168219 4.694470 3.557395 
1.976635 3.555000 13.168219 4.681302 3.546841 
1.975916 3.545000 13.168219 4.668134 3.536437 
1.975186 3.535000 13.168219 4.654965 3.526178 
1.974445 3.525000 13.168219 4.641797 3.516059 
1.973692 3.515000 13.168219 4.628629 3.506077 
1.972929 3.505000 13.168219 4.615461 3.496227 
1.972155 3.495000 13.168219 4.602293 3.486505 
1.971370 3.485000 13.168219 4.589124 3.476909 
1.970574 3.475000 13.168219 4.575956 3.467433 
1.969766 3.465000 13.168219 4.562788 3.458076 
1.968948 3.455000 13.168219 4.549620 3.448833 
1.968118 3.445000 13.168219 4.536451 3.439701 
1.967278 3.435000 13.168219 4.523283 3.430677 
1.966427 3.425000 13.168219 4.510115 3.421759 
1.965564 3.415000 13.168219 4.496947 3.412944 
1.964690 3.405000 13.168219 4.483779 3.404229 
1.962910 3.395000 13.168219 4.470610 3.387087 
1.962003 3.385000 13.168219 4.457442 3.378656 
1.961085 3.375000 13.168219 4.444274 3.370315 
1.960156 3.365000 13.168219 4.431106 3.362062 
1.959216 3.355000 13.168219 4.417938 3.353895 
1.957302 3.345000 13.168219 4.404769 3.337809 
1.956329 3.335000 13.168219 4.391601 3.329886 
1.955344 3.325000 13.168219 4.378433 3.322041 
1.954348 3.315000 13.168219 4.365265 3.314271 
1.952323 3.305000 13.168219 4.352096 3.298953 
1.951294 3.295000 13.168219 4.338928 3.291401 
1.950253 3.285000 13.168219 4.325760 3.283918 
1.948139 3.275000 13.168219 4.312592 3.269153 
1.947065 3.265000 13.168219 4.299424 3.261868 
1.945980 3.255000 13.168219 4.286255 3.254647 
1.943775 3.245000 13.168219 4.273087 3.240387 
1.942657 3.235000 13.168219 4.259919 3.233346 
1.940385 3.225000 13.168219 4.246751 3.219438 
1.939232 3.215000 13.168219 4.233582 3.212567 
1.936893 3.205000 13.168219 4.220414 3.198987 
1.935707 3.195000 13.168219 4.207246 3.192276 
1.933300 3.185000 13.168219 4.194078 3.179005 
1.932079 3.175000 13.168219 4.180910 3.172444 
1.929604 3.165000 13.168219 4.167741 3.159464 
1.928350 3.155000 13.168219 4.154573 3.153044 
1.925807 3.145000 13.168219 4.141405 3.140337 
1.924519 3.135000 13.168219 4.128237 3.134050 
1.921907 3.125000 13.168219 4.115068 3.121601 
1.919251 3.115000 13.168219 4.101900 3.109316 
1.917905 3.105000 13.168219 4.088732 3.103233 
1.915180 3.095000 13.168219 4.075564 3.091182 
1.912409 3.085000 13.168219 4.062396 3.079280 
1.911006 3.075000 13.168219 4.049227 3.073383 
1.908166 3.065000 13.168219 4.036059 3.061693 
1.905280 3.055000 13.168219 4.022891 3.050139 
1.903819 3.045000 13.168219 4.009723 3.044412 
1.900864 3.035000 13.168219 3.996555 3.033051 
1.897862 3.025000 13.168219 3.983386 3.021815 
1.894814 3.015000 13.168219 3.970218 3.010697 
1.891720 3.005000 13.168219 3.957050 2.999694 
1.890155 2.995000 13.168219 3.943882 2.994235 
1.886991 2.985000 13.168219 3.930713 2.983396 
1.883780 2.975000 13.168219 3.917545 2.972663 
1.880522 2.965000 13.168219 3.904377 2.962031 
1.877217 2.955000 13.168219 3.891209 2.951497 
1.873865 2.945000 13.168219 3.878041 2.941057 
1.870466 2.935000 13.168219 3.864872 2.930708 
1.867020 2.925000 13.168219 3.851704 2.920447 
1.863526 2.915000 13.168219 3.838536 2.910271 
1.859985 2.905000 13.168219 3.825368 2.900176 
1.856396 2.895000 13.168219 3.812199 2.890161 
1.852759 2.885000 13.168219 3.799031 2.880221 
1.849075 2.875000 13.168219 3.785863 2.870355 
1.845342 2.865000 13.168219 3.772695 2.860561 
1.841562 2.855000 13.168219 3.759527 2.850834 
1.837733 2.845000 13.168219 3.746358 2.841174 
1.833856 2.835000 13.168219 3.733190 2.831577 
1.829930 2.825000 13.168219 3.720022 2.822042 
1.825956 2.815000 13.168219 3.706854 2.812566 
1.821933 2.805000 13.168219 3.693685 2.803147 
1.817861 2.795000 13.168219 3.680517 2.793782 
1.813739 2.785000 13.168219 3.667349 2.784471 
1.807465 2.775000 13.168219 3.654181 2.770599 
1.803221 2.765000 13.168219 3.641013 2.761411 
1.798927 2.755000 13.168219 3.627844 2.752270 
1.794583 2.745000 13.168219 3.614676 2.743172 
1.790189 2.735000 13.168219 3.601508 2.734118 
1.783505 2.725000 13.168219 3.588340 2.720612 
1.778985 2.715000 13.168219 3.575171 2.711656 
1.774416 2.705000 13.168219 3.562003 2.702737 
1.769795 2.695000 13.168219 3.548835 2.693852 
1.762769 2.685000 13.168219 3.535667 2.680589 
1.758022 2.675000 13.168219 3.522499 2.671785 
1.753222 2.665000 13.168219 3.509330 2.663012 
1.748372 2.655000 13.168219 3.496162 2.654266 
1.740999 2.645000 13.168219 3.482994 2.641198 
1.736019 2.635000 13.168219 3.469826 2.632517 
1.730987 2.625000 13.168219 3.456658 2.623859 
1.723341 2.615000 13.168219 3.443489 2.610913 
1.718178 2.605000 13.168219 3.430321 2.602307 
1.712962 2.595000 13.168219 3.417153 2.593720 
1.705038 2.585000 13.168219 3.403985 2.580871 
1.699689 2.575000 13.168219 3.390816 2.572325 
1.694287 2.565000 13.168219 3.377648 2.563793 
1.686082 2.555000 13.168219 3.364480 2.551018 
1.680545 2.545000 13.168219 3.351312 2.542516 
1.674953 2.535000 13.168219 3.338144 2.534023 
1.666463 2.525000 13.168219 3.324975 2.521300 
1.660734 2.515000 13.168219 3.311807 2.512827 
1.654950 2.505000 13.168219 3.298639 2.504359 
1.646170 2.495000 13.168219 3.285471 2.491665 
1.640247 2.485000 13.168219 3.272302 2.483206 
1.634268 2.475000 13.168219 3.259134 2.474749 
1.625193 2.465000 13.168219 3.245966 2.462063 
1.619073 2.455000 13.168219 3.232798 2.453604 
1.609785 2.445000 13.168219 3.219630 2.440911 
1.603521 2.435000 13.168219 3.206461 2.432443 
1.597200 2.425000 13.168219 3.193293 2.423971 
1.587609 2.415000 13.168219 3.180125 2.411249 
1.581142 2.405000 13.168219 3.166957 2.402757 
1.574616 2.395000 13.168219 3.153788 2.394256 
1.564717 2.385000 13.168219 3.140620 2.381485 
1.558042 2.375000 13.168219 3.127452 2.372955 
1.551308 2.365000 13.168219 3.114284 2.364411 
1.541094 2.355000 13.168219 3.101116 2.351568 
1.534209 2.345000 13.168219 3.087947 2.342986 
1.527262 2.335000 13.168219 3.074779 2.334386 
1.516728 2.325000 13.168219 3.061611 2.321449 
1.509627 2.315000 13.168219 3.048443 2.312799 
1.502464 2.305000 13.168219 3.035275 2.304127 
1.491601 2.295000 13.168219 3.022106 2.291075 
1.484281 2.285000 13.168219 3.008938 2.282342 
1.476896 2.275000 13.168219 2.995770 2.273583 
1.469448 2.265000 13.168219 2.982602 2.264796 
1.458154 2.255000 13.168219 2.969433 2.251560 
1.450544 2.245000 13.168219 2.956265 2.242698 
1.442867 2.235000 13.168219 2.943097 2.233803 
1.435125 2.225000 13.168219 2.929929 2.224874 
1.423387 2.215000 13.168219 2.916761 2.211414 
1.415478 2.205000 13.168219 2.903592 2.202394 
1.407501 2.195000 13.168219 2.890424 2.193335 
1.399456 2.185000 13.168219 2.877256 2.184235 
1.387260 2.175000 13.168219 2.864088 2.170506 
1.379042 2.165000 13.168219 2.850919 2.161299 
1.370755 2.155000 13.168219 2.837751 2.152045 
1.362397 2.145000 13.168219 2.824583 2.142744 
1.353969 2.135000 13.168219 2.811415 2.133393 
1.345469 2.125000 13.168219 2.798247 2.123991 
1.336897 2.115000 13.168219 2.785078 2.114536 
1.323902 2.105000 13.168219 2.771910 2.100250 
1.315147 2.095000 13.168219 2.758742 2.090655 
1.306318 2.085000 13.168219 2.745574 2.081001 
1.297415 2.075000 13.168219 2.732405 2.071285 
1.288436 2.065000 13.168219 2.719237 2.061505 
1.279381 2.055000 13.168219 2.706069 2.051660 
1.270249 2.045000 13.168219 2.692901 2.041747 
1.261040 2.035000 13.168219 2.679733 2.031765 
1.251753 2.025000 13.168219 2.666564 2.021710 
1.242387 2.015000 13.168219 2.653396 2.011581 
1.232942 2.005000 13.168219 2.640228 2.001375 
1.223416 1.995000 13.168219 2.627060 1.991089 
1.213810 1.985000 13.168219 2.613891 1.980721 
1.204122 1.975000 13.168219 2.600723 1.970269 
1.194351 1.965000 13.168219 2.587555 1.959730 
1.189435 1.955000 13.168219 2.574387 1.954426 
1.179539 1.945000 13.168219 2.561219 1.943750 
1.169558 1.935000 13.168219 2.548050 1.932980 
1.159492 1.925000 13.168219 2.534882 1.922111 
1.149339 1.915000 13.168219 2.521714 1.911142 
1.139099 1.905000 13.168219 2.508546 1.900069 
1.133946 1.895000 13.168219 2.495378 1.894492 
1.123574 1.885000 13.168219 2.482209 1.883256 
1.113111 1.875000 13.168219 2.469041 1.871906 
1.102559 1.865000 13.168219 2.455873 1.860440 
1.097248 1.855000 13.168219 2.442705 1.854662 
1.086557 1.845000 13.168219 2.429536 1.843013 
1.075772 1.835000 13.168219 2.416368 1.831237 
1.064894 1.825000 13.168219 2.403200 1.819330 
1.059419 1.815000 13.168219 2.390032 1.813326 
1.048396 1.805000 13.168219 2.376864 1.801213 
1.037276 1.795000 13.168219 2.363695 1.788957 
1.031679 1.785000 13.168219 2.350527 1.782774 
1.020411 1.775000 13.168219 2.337359 1.770294 
1.014739 1.765000 13.168219 2.324191 1.763996 
1.003320 1.755000 13.168219 2.311022 1.751280 
0.997572 1.745000 13.168219 2.297854 1.744861 
0.985998 1.735000 13.168219 2.284686 1.731895 
0.974320 1.725000 13.168219 2.271518 1.718756 
0.968441 1.715000 13.168219 2.258350 1.712119 
0.956604 1.705000 13.168219 2.245181 1.698707 
0.950644 1.695000 13.168219 2.232013 1.691930 
0.938644 1.685000 13.168219 2.218845 1.678228 
0.932602 1.675000 13.168219 2.205677 1.671302 
0.926532 1.665000 13.168219 2.192508 1.664325 
0.914309 1.655000 13.168219 2.179340 1.650212 
0.908154 1.645000 13.168219 2.166172 1.643073 
0.895759 1.635000 13.168219 2.153004 1.628629 
0.889518 1.625000 13.168219 2.139836 1.621321 
0.883248 1.615000 13.168219 2.126667 1.613953 
0.870617 1.605000 13.168219 2.113499 1.599035 
0.864257 1.595000 13.168219 2.100331 1.591482 
0.857867 1.585000 13.168219 2.087163 1.583865 
0.844994 1.575000 13.168219 2.073995 1.568433 
0.838511 1.565000 13.168219 2.060826 1.560615 
0.831996 1.555000 13.168219 2.047658 1.552727 
0.825450 1.545000 13.168219 2.034490 1.544767 
0.812262 1.535000 13.168219 2.021322 1.528626 
0.805619 1.525000 13.168219 2.008153 1.520441 
0.798944 1.515000 13.168219 1.994985 1.512179 
0.792235 1.505000 13.168219 1.981817 1.503836 
0.778717 1.495000 13.168219 1.968649 1.486902 
0.771907 1.485000 13.168219 1.955481 1.478308 
0.765063 1.475000 13.168219 1.942312 1.469625 
0.758185 1.465000 13.168219 1.929144 1.460852 
0.751271 1.455000 13.168219 1.915976 1.451987 
0.744322 1.445000 13.168219 1.902808 1.443027 
0.737337 1.435000 13.168219 1.889639 1.433970 
0.730316 1.425000 13.168219 1.876471 1.424813 
0.716164 1.415000 13.168219 1.863303 1.406191 
0.709033 1.405000 13.168219 1.850135 1.396720 
0.701864 1.395000 13.168219 1.836967 1.387139 
0.694657 1.385000 13.168219 1.823798 1.377444 
0.687412 1.375000 13.168219 1.810630 1.367632 
0.680128 1.365000 13.168219 1.797462 1.357701 
0.672804 1.355000 13.168219 1.784294 1.347647 
0.665441 1.345000 13.168219 1.771125 1.337466 
0.658038 1.335000 13.168219 1.757957 1.327155 
0.650594 1.325000 13.168219 1.744789 1.316710 
0.643109 1.315000 13.168219 1.731621 1.306127 
0.635582 1.305000 13.168219 1.718453 1.295401 
0.628014 1.295000 13.168219 1.705284 1.284529 
0.628014 1.285000 13.168219 1.692116 1.284529 
0.620402 1.275000 13.168219 1.678948 1.273506 
0.612748 1.265000 13.168219 1.665780 1.262328 
0.605050 1.255000 13.168219 1.652612 1.250989 
0.597308 1.245000 13.168219 1.639443 1.239483 
0.589521 1.235000 13.168219 1.626275 1.227807 
0.581688 1.225000 13.168219 1.613107 1.215954 
0.573810 1.215000 13.168219 1.599939 1.203917 
0.573810 1.205000 13.168219 1.586770 1.203917 
0.565885 1.195000 13.168219 1.573602 1.191692 
0.557913 1.185000 13.168219 1.560434 1.179270 
0.549893 1.175000 13.168219 1.547266 1.166646 
0.541824 1.165000 13.168219 1.534098 1.153812 
0.541824 1.155000 13.168219 1.520929 1.153812 
0.533707 1.145000 13.168219 1.507761 1.140760 
0.525539 1.135000 13.168219 1.494593 1.127482 
0.517321 1.125000 13.168219 1.481425 1.113970 
0.517321 1.115000 13.168219 1.468256 1.113970 
0.509051 1.105000 13.168219 1.455088 1.100214 
0.500729 1.095000 13.168219 1.441920 1.086204 
0.492354 1.085000 13.168219 1.428752 1.071932 
0.492354 1.075000 13.168219 1.415584 1.071932 
0.483925 1.065000 13.168219 1.402415 1.057385 
0.475441 1.055000 13.168219 1.389247 1.042553 
0.475441 1.045000 13.168219 1.376079 1.042553 
0.466902 1.035000 13.168219 1.362911 1.027422 
0.458306 1.025000 13.168219 1.349742 1.011981 
0.458306 1.015000 13.168219 1.336574 1.011981 
0.449653 1.005000 13.168219 1.323406 0.996216 
0.440941 0.995000 13.168219 1.310238 0.980110 
0.440941 0.985000 13.168219 1.297070 0.980110 
0.432170 0.975000 13.168219 1.283901 0.963650 
0.432170 0.965000 13.168219 1.270733 0.963650 
0.423338 0.955000 13.168219 1.257565 0.946818 
0.414445 0.945000 13.168219 1.244397 0.929595 
0.414445 0.935000 13.168219 1.231228 0.929595 
0.405489 0.925000 13.168219 1.218060 0.911963 
0.405489 0.915000 13.168219 1.204892 0.911963 
0.396469 0.905000 13.168219 1.191724 0.893901 
0.396469 0.895000 13.168219 1.178556 0.893901 
0.387384 0.885000 13.168219 1.165387 0.875385 
0.378232 0.875000 13.168219 1.152219 0.856392 
0.378232 0.865000 13.168219 1.139051 0.856392 
0.369012 0.855000 13.168219 1.125883 0.836895 
0.369012 0.845000 13.168219 1.112715 0.836895 
0.359724 0.835000 13.168219 1.099546 0.816867 
0.359724 0.825000 13.168219 1.086378 0.816867 
0.350365 0.815000 13.168219 1.073210 0.796275 
0.350365 0.805000 13.168219 1.060042 0.796275 
0.340933 0.795000 13.168219 1.046873 0.775086 
0.340933 0.785000 13.168219 1.033705 0.775086 
0.331428 0.775000 13.168219 1.020537 0.753263 
0.331428 0.765000 13.168219 1.007369 0.753263 
0.331428 0.755000 13.168219 0.994201 0.753263 
0.321848 0.745000 13.168219 0.981032 0.730767 
0.321848 0.735000 13.168219 0.967864 0.730767 
0.312191 0.725000 13.168219 0.954696 0.707553 
0.312191 0.715000 13.168219 0.941528 0.707553 
0.302454 0.705000 13.168219 0.928359 0.683572 
0.302454 0.695000 13.168219 0.915191 0.683572 
0.302454 0.685000 13.168219 0.902023 0.683572 
0.292638 0.675000 13.168219 0.888855 0.658772 
0.292638 0.665000 13.168219 0.875687 0.658772 
0.282738 0.655000 13.168219 0.862518 0.633092 
0.282738 0.645000 13.168219 0.849350 0.633092 
0.282738 0.635000 13.168219 0.836182 0.633092 
0.272754 0.625000 13.168219 0.823014 0.606468 
0.272754 0.615000 13.168219 0.809845 0.606468 
0.262683 0.605000 13.168219 0.796677 0.578826 
0.262683 0.595000 13.168219 0.783509 0.578826 
0.262683 0.585000 13.168219 0.770341 0.578826 
0.252522 0.575000 13.168219 0.757173 0.550085 
0.252522 0.565000 13.168219 0.744004 0.550085 
0.252522 0.555000 13.168219 0.730836 0.550085 
0.242270 0.545000 13.168219 0.717668 0.520153 
0.242270 0.535000 13.168219 0.704500 0.520153 
0.242270 0.525000 13.168219 0.691332 0.520153 
0.231924 0.515000 13.168219 0.678163 0.488928 
0.231924 0.505000 13.168219 0.664995 0.488928 
0.231924 0.495000 13.168219 0.651827 0.488928 
0.221481 0.485000 13.168219 0.638659 0.456292 
0.221481 0.475000 13.168219 0.625490 0.456292 
0.221481 0.465000 13.168219 0.612322 0.456292 
0.210938 0.455000 13.168219 0.599154 0.422115 
0.210938 0.445000 13.168219 0.585986 0.422115 
0.210938 0.435000 13.168219 0.572818 0.422115 
0.210938 0.425000 13.168219 0.559649 0.422115 
0.200292 0.415000 13.168219 0.546481 0.386245 
0.200292 0.405000 13.168219 0.533313 0.386245 
0.200292 0.395000 13.168219 0.520145 0.386245 
0.189541 0.385000 13.168219 0.506976 0.348511 
0.189541 0.375000 13.168219 0.493808 0.348511 
0.189541 0.365000 13.168219 0.480640 0.348511 
0.189541 0.355000 13.168219 0.467472 0.348511 
0.178680 0.345000 13.168219 0.454304 0.308715 
0.178680 0.335000 13.168219 0.441135 0.308715 
0.178680 0.325000 13.168219 0.427967 0.308715 
0.178680 0.315000 13.168219 0.414799 0.308715 
0.167706 0.305000 13.168219 0.401631 0.266632 
0.167706 0.295000 13.168219 0.388462 0.266632 
0.167706 0.285000 13.168219 0.375294 0.266632 
0.167706 0.275000 13.168219 0.362126 0.266632 
0.156615 0.265000 13.168219 0.348958 0.221998 
0.156615 0.255000 13.168219 0.335790 0.221998 
0.156615 0.245000 13.168219 0.322621 0.221998 
0.156615 0.235000 13.168219 0.309453 0.221998 
0.156615 0.225000 13.168219 0.296285 0.221998 
0.145403 0.215000 13.168219 0.283117 0.174511 
0.145403 0.205000 13.168219 0.269948 0.174511 
0.145403 0.195000 13.168219 0.256780 0.174511 
0.145403 0.185000 13.168219 0.243612 0.174511 
0.145403 0.175000 13.168219 0.230444 0.174511 
0.134066 0.165000 13.168219 0.217276 0.123823 
0.134066 0.155000 13.168219 0.204107 0.123823 
0.134066 0.145000 13.168219 0.190939 0.123823 
0.134066 0.135000 13.168219 0.177771 0.123823 
0.134066 0.125000 13.168219 0.164603 0.123823 
0.122598 0.115000 13.168219 0.151435 0.069537 
0.122598 0.105000 13.168219 0.138266 0.069537 
0.122598 0.095000 13.168219 0.125098 0.069537 
0.122598 0.085000 13.168219 0.111930 0.069537 
0.122598 0.075000 13.168219 0.098762 0.069537 
0.110995 0.065000 13.168219 0.085593 0.011209 
0.110995 0.055000 13.168219 0.072425 0.011209 
0.110995 0.045000 13.168219 0.059257 0.011209 
0.110995 0.035000 13.168219 0.046089 0.011209 
0.110995 0.025000 13.168219 0.032921 0.011209 
0.110995 0.015000 13.168219 0.019752 0.011209 
