1.999998 9.985000 28.370068 28.327513 7.150015 
1.999998 9.975000 28.370068 28.299143 7.150015 
1.999998 9.965000 28.370068 28.270773 7.150015 
1.999998 9.955000 28.370068 28.242403 7.150015 
1.999998 9.945000 28.370068 28.214033 7.150015 
1.999998 9.935000 28.370068 28.185663 7.150015 
1.999998 9.925000 28.370068 28.157293 7.150015 
1.999998 9.915000 28.370068 28.128923 7.150015 
1.999998 9.905000 28.370068 28.100552 7.150015 
1.999998 9.895000 28.370068 28.072182 7.150015 
1.999998 9.885000 28.370068 28.043812 7.150015 
1.999998 9.875000 28.370068 28.015442 7.150015 
1.999998 9.865000 28.370068 27.987072 7.150015 
1.999998 9.855000 28.370068 27.958702 7.150015 
1.999998 9.845000 28.370068 27.930332 7.150015 
1.999998 9.835000 28.370068 27.901962 7.150015 
1.999998 9.825000 28.370068 27.873592 7.150015 
1.999998 9.815000 28.370068 27.845222 7.150015 
1.999998 9.805000 28.370068 27.816852 7.150015 
1.999998 9.795000 28.370068 27.788482 7.150015 
1.999998 9.785000 28.370068 27.760112 7.150015 
1.999998 9.775000 28.370068 27.731742 7.150015 
1.999998 9.765000 28.370068 27.703372 7.150015 
1.999998 9.755000 28.370068 27.675001 7.150015 
1.999998 9.745000 28.370068 27.646631 7.150015 
1.999998 9.735000 28.370068 27.618261 7.150015 
1.999998 9.725000 28.370068 27.589891 7.150015 
1.999998 9.715000 28.370068 27.561521 7.150015 
1.999998 9.705000 28.370068 27.533151 7.150015 
1.999998 9.695000 28.370068 27.504781 7.150015 
1.999998 9.685000 28.370068 27.476411 7.150015 
1.999998 9.675000 28.370068 27.448041 7.150015 
1.999998 9.665000 28.370068 27.419671 7.150015 
1.999998 9.655000 28.370068 27.391301 7.150015 
1.999998 9.645000 28.370068 27.362931 7.150015 
1.999998 9.635000 28.370068 27.334561 7.150015 
1.999998 9.625000 28.370068 27.306191 7.150015 
1.999998 9.615000 28.370068 27.277821 7.150015 
1.999998 9.605000 28.370068 27.249450 7.150015 
1.999998 9.595000 28.370068 27.221080 7.150015 
1.999998 9.585000 28.370068 27.192710 7.150015 
1.999998 9.575000 28.370068 27.164340 7.150015 
1.999998 9.565000 28.370068 27.135970 7.150015 
1.999998 9.555000 28.370068 27.107600 7.150015 
1.999998 9.545000 28.370068 27.079230 7.150015 
1.999998 9.535000 28.370068 27.050860 7.150015 
1.999998 9.525000 28.370068 27.022490 7.150015 
1.999998 9.515000 28.370068 26.994120 7.150015 
1.999998 9.505000 28.370068 26.965750 7.150015 
1.999998 9.495000 28.370068 26.937380 7.150015 
1.999998 9.485000 28.370068 26.909010 7.150015 
1.999998 9.475000 28.370068 26.880640 7.150015 
1.999998 9.465000 28.370068 26.852269 7.150015 
1.999998 9.455000 28.370068 26.823899 7.150015 
1.999998 9.445000 28.370068 26.795529 7.150015 
1.999998 9.435000 28.370068 26.767159 7.150015 
1.999998 9.425000 28.370068 26.738789 7.150015 
1.999998 9.415000 28.370068 26.710419 7.150015 
1.999998 9.405000 28.370068 26.682049 7.150015 
1.999998 9.395000 28.370068 26.653679 7.150015 
1.999998 9.385000 28.370068 26.625309 7.150015 
1.999998 9.375000 28.370068 26.596939 7.150015 
1.999998 9.365000 28.370068 26.568569 7.150015 
1.999998 9.355000 28.370068 26.540199 7.150015 
1.999998 9.345000 28.370068 26.511829 7.150015 
1.999998 9.335000 28.370068 26.483459 7.150015 
1.999998 9.325000 28.370068 26.455089 7.150015 
1.999998 9.315000 28.370068 26.426718 7.150015 
1.999998 9.305000 28.370068 26.398348 7.150015 
1.999998 9.295000 28.370068 26.369978 7.150015 
1.999998 9.285000 28.370068 26.341608 7.150015 
1.999998 9.275000 28.370068 26.313238 7.150015 
1.999998 9.265000 28.370068 26.284868 7.150015 
1.999998 9.255000 28.370068 26.256498 7.150015 
1.999998 9.245000 28.370068 26.228128 7.150015 
1.999998 9.235000 28.370068 26.199758 7.150015 
1.999998 9.225000 28.370068 26.171388 7.150015 
1.999998 9.215000 28.370068 26.143018 7.150015 
1.999998 9.205000 28.370068 26.114648 7.150015 
1.999998 9.195000 28.370068 26.086278 7.150015 
1.999998 9.185000 28.370068 26.057908 7.150015 
1.999998 9.175000 28.370068 26.029538 7.150015 
1.999998 9.165000 28.370068 26.001167 7.150015 
1.999998 9.155000 28.370068 25.972797 7.150015 
1.999998 9.145000 28.370068 25.944427 7.150015 
1.999998 9.135000 28.370068 25.916057 7.150015 
1.999998 9.125000 28.370068 25.887687 7.150015 
1.999998 9.115000 28.370068 25.859317 7.150015 
1.999998 9.105000 28.370068 25.830947 7.150015 
1.999998 9.095000 28.370068 25.802577 7.150015 
1.999998 9.085000 28.370068 25.774207 7.150015 
1.999998 9.075000 28.370068 25.745837 7.150015 
1.999998 9.065000 28.370068 25.717467 7.150015 
1.999998 9.055000 28.370068 25.689097 7.150015 
1.999998 9.045000 28.370068 25.660727 7.150015 
1.999998 9.035000 28.370068 25.632357 7.150015 
1.999998 9.025000 28.370068 25.603986 7.150015 
1.999998 9.015000 28.370068 25.575616 7.150015 
1.999998 9.005000 28.370068 25.547246 7.150015 
1.999998 8.995000 28.370068 25.518876 7.150015 
1.999998 8.985000 28.370068 25.490506 7.150015 
1.999998 8.975000 28.370068 25.462136 7.150015 
1.999998 8.965000 28.370068 25.433766 7.150015 
1.999998 8.955000 28.370068 25.405396 7.150015 
1.999998 8.945000 28.370068 25.377026 7.150015 
1.999998 8.935000 28.370068 25.348656 7.150015 
1.999998 8.925000 28.370068 25.320286 7.150015 
1.999998 8.915000 28.370068 25.291916 7.150015 
1.999998 8.905000 28.370068 25.263546 7.150015 
1.999998 8.895000 28.370068 25.235176 7.150015 
1.999998 8.885000 28.370068 25.206806 7.150015 
1.999998 8.875000 28.370068 25.178435 7.150015 
1.999998 8.865000 28.370068 25.150065 7.150015 
1.999998 8.855000 28.370068 25.121695 7.150015 
1.999998 8.845000 28.370068 25.093325 7.150015 
1.999998 8.835000 28.370068 25.064955 7.150015 
1.999998 8.825000 28.370068 25.036585 7.150015 
1.999998 8.815000 28.370068 25.008215 7.150015 
1.999998 8.805000 28.370068 24.979845 7.150015 
1.999998 8.795000 28.370068 24.951475 7.150015 
1.999998 8.785000 28.370068 24.923105 7.150015 
1.999998 8.775000 28.370068 24.894735 7.150015 
1.999998 8.765000 28.370068 24.866365 7.150015 
1.999998 8.755000 28.370068 24.837995 7.150015 
1.999998 8.745000 28.370068 24.809625 7.150015 
1.999998 8.735000 28.370068 24.781255 7.150015 
1.999998 8.725000 28.370068 24.752884 7.150015 
1.999998 8.715000 28.370068 24.724514 7.150015 
1.999998 8.705000 28.370068 24.696144 7.150015 
1.999998 8.695000 28.370068 24.667774 7.150015 
1.999998 8.685000 28.370068 24.639404 7.150015 
1.999998 8.675000 28.370068 24.611034 7.150015 
1.999998 8.665000 28.370068 24.582664 7.150015 
1.999998 8.655000 28.370068 24.554294 7.150015 
1.999998 8.645000 28.370068 24.525924 7.150015 
1.999998 8.635000 28.370068 24.497554 7.150015 
1.999998 8.625000 28.370068 24.469184 7.150015 
1.999998 8.615000 28.370068 24.440814 7.150015 
1.999998 8.605000 28.370068 24.412444 7.150015 
1.999998 8.595000 28.370068 24.384074 7.150015 
1.999998 8.585000 28.370068 24.355703 7.150015 
1.999998 8.575000 28.370068 24.327333 7.150015 
1.999998 8.565000 28.370068 24.298963 7.150015 
1.999998 8.555000 28.370068 24.270593 7.150015 
1.999998 8.545000 28.370068 24.242223 7.150015 
1.999998 8.535000 28.370068 24.213853 7.150015 
1.999998 8.525000 28.370068 24.185483 7.150015 
1.999998 8.515000 28.370068 24.157113 7.150015 
1.999998 8.505000 28.370068 24.128743 7.150015 
1.999998 8.495000 28.370068 24.100373 7.150015 
1.999998 8.485000 28.370068 24.072003 7.150015 
1.999998 8.475000 28.370068 24.043633 7.150015 
1.999998 8.465000 28.370068 24.015263 7.150015 
1.999998 8.455000 28.370068 23.986893 7.150015 
1.999998 8.445000 28.370068 23.958523 7.150015 
1.999998 8.435000 28.370068 23.930152 7.150015 
1.999998 8.425000 28.370068 23.901782 7.150015 
1.999998 8.415000 28.370068 23.873412 7.150015 
1.999998 8.405000 28.370068 23.845042 7.150015 
1.999998 8.395000 28.370068 23.816672 7.150015 
1.999998 8.385000 28.370068 23.788302 7.150015 
1.999998 8.375000 28.370068 23.759932 7.150015 
1.999998 8.365000 28.370068 23.731562 7.150015 
1.999998 8.355000 28.370068 23.703192 7.150015 
1.999998 8.345000 28.370068 23.674822 7.150015 
1.999998 8.335000 28.370068 23.646452 7.150015 
1.999998 8.325000 28.370068 23.618082 7.150015 
1.999998 8.315000 28.370068 23.589712 7.150015 
1.999998 8.305000 28.370068 23.561342 7.150015 
1.999998 8.295000 28.370068 23.532972 7.150015 
1.999998 8.285000 28.370068 23.504601 7.150015 
1.999998 8.275000 28.370068 23.476231 7.150015 
1.999998 8.265000 28.370068 23.447861 7.150015 
1.999998 8.255000 28.370068 23.419491 7.150015 
1.999998 8.245000 28.370068 23.391121 7.150015 
1.999998 8.235000 28.370068 23.362751 7.150015 
1.999998 8.225000 28.370068 23.334381 7.150015 
1.999998 8.215000 28.370068 23.306011 7.150015 
1.999998 8.205000 28.370068 23.277641 7.150015 
1.999998 8.195000 28.370068 23.249271 7.150015 
1.999998 8.185000 28.370068 23.220901 7.150015 
1.999998 8.175000 28.370068 23.192531 7.150015 
1.999998 8.165000 28.370068 23.164161 7.150015 
1.999998 8.155000 28.370068 23.135791 7.150015 
1.999998 8.145000 28.370068 23.107420 7.150015 
1.999998 8.135000 28.370068 23.079050 7.150015 
1.999998 8.125000 28.370068 23.050680 7.150015 
1.999998 8.115000 28.370068 23.022310 7.150015 
1.999998 8.105000 28.370068 22.993940 7.150015 
1.999998 8.095000 28.370068 22.965570 7.150015 
1.999998 8.085000 28.370068 22.937200 7.150015 
1.999998 8.075000 28.370068 22.908830 7.150015 
1.999998 8.065000 28.370068 22.880460 7.150015 
1.999998 8.055000 28.370068 22.852090 7.150015 
1.999998 8.045000 28.370068 22.823720 7.150015 
1.999998 8.035000 28.370068 22.795350 7.150015 
1.999998 8.025000 28.370068 22.766980 7.150015 
1.999998 8.015000 28.370068 22.738610 7.150015 
1.999998 8.005000 28.370068 22.710240 7.150015 
1.999998 7.995000 28.370068 22.681869 7.150015 
1.999998 7.985000 28.370068 22.653499 7.150015 
1.999998 7.975000 28.370068 22.625129 7.150015 
1.999998 7.965000 28.370068 22.596759 7.150015 
1.999998 7.955000 28.370068 22.568389 7.150015 
1.999998 7.945000 28.370068 22.540019 7.150015 
1.999998 7.935000 28.370068 22.511649 7.150015 
1.999998 7.925000 28.370068 22.483279 7.150015 
1.999998 7.915000 28.370068 22.454909 7.150015 
1.999998 7.905000 28.370068 22.426539 7.150015 
1.999998 7.895000 28.370068 22.398169 7.150015 
1.999998 7.885000 28.370068 22.369799 7.150015 
1.999998 7.875000 28.370068 22.341429 7.150015 
1.999998 7.865000 28.370068 22.313059 7.150015 
1.999998 7.855000 28.370068 22.284689 7.150015 
1.999998 7.845000 28.370068 22.256318 7.150015 
1.999998 7.835000 28.370068 22.227948 7.150015 
1.999998 7.825000 28.370068 22.199578 7.150015 
1.999998 7.815000 28.370068 22.171208 7.150015 
1.999998 7.805000 28.370068 22.142838 7.150015 
1.999998 7.795000 28.370068 22.114468 7.150015 
1.999998 7.785000 28.370068 22.086098 7.150015 
1.999998 7.775000 28.370068 22.057728 7.150015 
1.999998 7.765000 28.370068 22.029358 7.150015 
1.999998 7.755000 28.370068 22.000988 7.150015 
1.999998 7.745000 28.370068 21.972618 7.150015 
1.999998 7.735000 28.370068 21.944248 7.150015 
1.999998 7.725000 28.370068 21.915878 7.150015 
1.999998 7.715000 28.370068 21.887508 7.150015 
1.999998 7.705000 28.370068 21.859137 7.150015 
1.999998 7.695000 28.370068 21.830767 7.150015 
1.999998 7.685000 28.370068 21.802397 7.150015 
1.999998 7.675000 28.370068 21.774027 7.150015 
1.999998 7.665000 28.370068 21.745657 7.150015 
1.999998 7.655000 28.370068 21.717287 7.150015 
1.999998 7.645000 28.370068 21.688917 7.150015 
1.999998 7.635000 28.370068 21.660547 7.150015 
1.999998 7.625000 28.370068 21.632177 7.150015 
1.999998 7.615000 28.370068 21.603807 7.150015 
1.999998 7.605000 28.370068 21.575437 7.150015 
1.999998 7.595000 28.370068 21.547067 7.150015 
1.999998 7.585000 28.370068 21.518697 7.150015 
1.999998 7.575000 28.370068 21.490327 7.150015 
1.999998 7.565000 28.370068 21.461957 7.150015 
1.999998 7.555000 28.370068 21.433586 7.150015 
1.999998 7.545000 28.370068 21.405216 7.150015 
1.999998 7.535000 28.370068 21.376846 7.150015 
1.999998 7.525000 28.370068 21.348476 7.150015 
1.999998 7.515000 28.370068 21.320106 7.150015 
1.999998 7.505000 28.370068 21.291736 7.150015 
1.999998 7.495000 28.370068 21.263366 7.150015 
1.999998 7.485000 28.370068 21.234996 7.150015 
1.999998 7.475000 28.370068 21.206626 7.150015 
1.999998 7.465000 28.370068 21.178256 7.150015 
1.999998 7.455000 28.370068 21.149886 7.150015 
1.999998 7.445000 28.370068 21.121516 7.150015 
1.999998 7.435000 28.370068 21.093146 7.150015 
1.999998 7.425000 28.370068 21.064776 7.150015 
1.999998 7.415000 28.370068 21.036406 7.150015 
1.999998 7.405000 28.370068 21.008035 7.150015 
1.999998 7.395000 28.370068 20.979665 7.150015 
1.999998 7.385000 28.370068 20.951295 7.150015 
1.999998 7.375000 28.370068 20.922925 7.150015 
1.999998 7.365000 28.370068 20.894555 7.150015 
1.999998 7.355000 28.370068 20.866185 7.150015 
1.999998 7.345000 28.370068 20.837815 7.150015 
1.999998 7.335000 28.370068 20.809445 7.150015 
1.999998 7.325000 28.370068 20.781075 7.150015 
1.999998 7.315000 28.370068 20.752705 7.150015 
1.999998 7.305000 28.370068 20.724335 7.150015 
1.999998 7.295000 28.370068 20.695965 7.150015 
1.999998 7.285000 28.370068 20.667595 7.150015 
1.999998 7.275000 28.370068 20.639225 7.150015 
1.999998 7.265000 28.370068 20.610854 7.150015 
1.999998 7.255000 28.370068 20.582484 7.150015 
1.999998 7.245000 28.370068 20.554114 7.150015 
1.999998 7.235000 28.370068 20.525744 7.150015 
1.999998 7.225000 28.370068 20.497374 7.150015 
1.999998 7.215000 28.370068 20.469004 7.150015 
1.999998 7.205000 28.370068 20.440634 7.150015 
1.999998 7.195000 28.370068 20.412264 7.150015 
1.999998 7.185000 28.370068 20.383894 7.150015 
1.999998 7.175000 28.370068 20.355524 7.150015 
1.999998 7.165000 28.370068 20.327154 7.150015 
1.999998 7.155000 28.370068 20.298784 7.150015 
1.999986 7.145000 28.370068 20.270414 6.526470 
1.999986 7.135000 28.370068 20.242044 6.526470 
1.999986 7.125000 28.370068 20.213674 6.526470 
1.999986 7.115000 28.370068 20.185303 6.526470 
1.999986 7.105000 28.370068 20.156933 6.526470 
1.999986 7.095000 28.370068 20.128563 6.526470 
1.999986 7.085000 28.370068 20.100193 6.526470 
1.999986 7.075000 28.370068 20.071823 6.526470 
1.999986 7.065000 28.370068 20.043453 6.526470 
1.999986 7.055000 28.370068 20.015083 6.526470 
1.999986 7.045000 28.370068 19.986713 6.526470 
1.999986 7.035000 28.370068 19.958343 6.526470 
1.999986 7.025000 28.370068 19.929973 6.526470 
1.999986 7.015000 28.370068 19.901603 6.526470 
1.999986 7.005000 28.370068 19.873233 6.526470 
1.999986 6.995000 28.370068 19.844863 6.526470 
1.999986 6.985000 28.370068 19.816493 6.526470 
1.999986 6.975000 28.370068 19.788123 6.526470 
1.999986 6.965000 28.370068 19.759752 6.526470 
1.999986 6.955000 28.370068 19.731382 6.526470 
1.999986 6.945000 28.370068 19.703012 6.526470 
1.999986 6.935000 28.370068 19.674642 6.526470 
1.999986 6.925000 28.370068 19.646272 6.526470 
1.999986 6.915000 28.370068 19.617902 6.526470 
1.999986 6.905000 28.370068 19.589532 6.526470 
1.999986 6.895000 28.370068 19.561162 6.526470 
1.999986 6.885000 28.370068 19.532792 6.526470 
1.999986 6.875000 28.370068 19.504422 6.526470 
1.999986 6.865000 28.370068 19.476052 6.526470 
1.999986 6.855000 28.370068 19.447682 6.526470 
1.999986 6.845000 28.370068 19.419312 6.526470 
1.999986 6.835000 28.370068 19.390942 6.526470 
1.999986 6.825000 28.370068 19.362571 6.526470 
1.999986 6.815000 28.370068 19.334201 6.526470 
1.999986 6.805000 28.370068 19.305831 6.526470 
1.999986 6.795000 28.370068 19.277461 6.526470 
1.999986 6.785000 28.370068 19.249091 6.526470 
1.999986 6.775000 28.370068 19.220721 6.526470 
1.999986 6.765000 28.370068 19.192351 6.526470 
1.999986 6.755000 28.370068 19.163981 6.526470 
1.999986 6.745000 28.370068 19.135611 6.526470 
1.999986 6.735000 28.370068 19.107241 6.526470 
1.999986 6.725000 28.370068 19.078871 6.526470 
1.999986 6.715000 28.370068 19.050501 6.526470 
1.999986 6.705000 28.370068 19.022131 6.526470 
1.999986 6.695000 28.370068 18.993761 6.526470 
1.999986 6.685000 28.370068 18.965391 6.526470 
1.999986 6.675000 28.370068 18.937020 6.526470 
1.999986 6.665000 28.370068 18.908650 6.526470 
1.999986 6.655000 28.370068 18.880280 6.526470 
1.999986 6.645000 28.370068 18.851910 6.526470 
1.999986 6.635000 28.370068 18.823540 6.526470 
1.999986 6.625000 28.370068 18.795170 6.526470 
1.999986 6.615000 28.370068 18.766800 6.526470 
1.999986 6.605000 28.370068 18.738430 6.526470 
1.999986 6.595000 28.370068 18.710060 6.526470 
1.999986 6.585000 28.370068 18.681690 6.526470 
1.999986 6.575000 28.370068 18.653320 6.526470 
1.999986 6.565000 28.370068 18.624950 6.526470 
1.999986 6.555000 28.370068 18.596580 6.526470 
1.999986 6.545000 28.370068 18.568210 6.526470 
1.999986 6.535000 28.370068 18.539840 6.526470 
1.999963 6.525000 28.370068 18.511469 6.209992 
1.999963 6.515000 28.370068 18.483099 6.209992 
1.999963 6.505000 28.370068 18.454729 6.209992 
1.999963 6.495000 28.370068 18.426359 6.209992 
1.999963 6.485000 28.370068 18.397989 6.209992 
1.999963 6.475000 28.370068 18.369619 6.209992 
1.999963 6.465000 28.370068 18.341249 6.209992 
1.999963 6.455000 28.370068 18.312879 6.209992 
1.999963 6.445000 28.370068 18.284509 6.209992 
1.999963 6.435000 28.370068 18.256139 6.209992 
1.999963 6.425000 28.370068 18.227769 6.209992 
1.999963 6.415000 28.370068 18.199399 6.209992 
1.999963 6.405000 28.370068 18.171029 6.209992 
1.999963 6.395000 28.370068 18.142659 6.209992 
1.999963 6.385000 28.370068 18.114288 6.209992 
1.999963 6.375000 28.370068 18.085918 6.209992 
1.999963 6.365000 28.370068 18.057548 6.209992 
1.999963 6.355000 28.370068 18.029178 6.209992 
1.999963 6.345000 28.370068 18.000808 6.209992 
1.999963 6.335000 28.370068 17.972438 6.209992 
1.999963 6.325000 28.370068 17.944068 6.209992 
1.999963 6.315000 28.370068 17.915698 6.209992 
1.999963 6.305000 28.370068 17.887328 6.209992 
1.999963 6.295000 28.370068 17.858958 6.209992 
1.999963 6.285000 28.370068 17.830588 6.209992 
1.999963 6.275000 28.370068 17.802218 6.209992 
1.999963 6.265000 28.370068 17.773848 6.209992 
1.999963 6.255000 28.370068 17.745478 6.209992 
1.999963 6.245000 28.370068 17.717108 6.209992 
1.999963 6.235000 28.370068 17.688737 6.209992 
1.999963 6.225000 28.370068 17.660367 6.209992 
1.999963 6.215000 28.370068 17.631997 6.209992 
1.999929 6.205000 28.370068 17.603627 5.996255 
1.999929 6.195000 28.370068 17.575257 5.996255 
1.999929 6.185000 28.370068 17.546887 5.996255 
1.999929 6.175000 28.370068 17.518517 5.996255 
1.999929 6.165000 28.370068 17.490147 5.996255 
1.999929 6.155000 28.370068 17.461777 5.996255 
1.999929 6.145000 28.370068 17.433407 5.996255 
1.999929 6.135000 28.370068 17.405037 5.996255 
1.999929 6.125000 28.370068 17.376667 5.996255 
1.999929 6.115000 28.370068 17.348297 5.996255 
1.999929 6.105000 28.370068 17.319927 5.996255 
1.999929 6.095000 28.370068 17.291557 5.996255 
1.999929 6.085000 28.370068 17.263186 5.996255 
1.999929 6.075000 28.370068 17.234816 5.996255 
1.999929 6.065000 28.370068 17.206446 5.996255 
1.999929 6.055000 28.370068 17.178076 5.996255 
1.999929 6.045000 28.370068 17.149706 5.996255 
1.999929 6.035000 28.370068 17.121336 5.996255 
1.999929 6.025000 28.370068 17.092966 5.996255 
1.999929 6.015000 28.370068 17.064596 5.996255 
1.999929 6.005000 28.370068 17.036226 5.996255 
1.999884 5.995000 28.370068 17.007856 5.834651 
1.999884 5.985000 28.370068 16.979486 5.834651 
1.999884 5.975000 28.370068 16.951116 5.834651 
1.999884 5.965000 28.370068 16.922746 5.834651 
1.999884 5.955000 28.370068 16.894376 5.834651 
1.999884 5.945000 28.370068 16.866006 5.834651 
1.999884 5.935000 28.370068 16.837635 5.834651 
1.999884 5.925000 28.370068 16.809265 5.834651 
1.999884 5.915000 28.370068 16.780895 5.834651 
1.999884 5.905000 28.370068 16.752525 5.834651 
1.999884 5.895000 28.370068 16.724155 5.834651 
1.999884 5.885000 28.370068 16.695785 5.834651 
1.999884 5.875000 28.370068 16.667415 5.834651 
1.999884 5.865000 28.370068 16.639045 5.834651 
1.999884 5.855000 28.370068 16.610675 5.834651 
1.999884 5.845000 28.370068 16.582305 5.834651 
1.999884 5.835000 28.370068 16.553935 5.834651 
1.999828 5.825000 28.370068 16.525565 5.704666 
1.999828 5.815000 28.370068 16.497195 5.704666 
1.999828 5.805000 28.370068 16.468825 5.704666 
1.999828 5.795000 28.370068 16.440454 5.704666 
1.999828 5.785000 28.370068 16.412084 5.704666 
1.999828 5.775000 28.370068 16.383714 5.704666 
1.999828 5.765000 28.370068 16.355344 5.704666 
1.999828 5.755000 28.370068 16.326974 5.704666 
1.999828 5.745000 28.370068 16.298604 5.704666 
1.999828 5.735000 28.370068 16.270234 5.704666 
1.999828 5.725000 28.370068 16.241864 5.704666 
1.999828 5.715000 28.370068 16.213494 5.704666 
1.999828 5.705000 28.370068 16.185124 5.704666 
1.999762 5.695000 28.370068 16.156754 5.595924 
1.999762 5.685000 28.370068 16.128384 5.595924 
1.999762 5.675000 28.370068 16.100014 5.595924 
1.999762 5.665000 28.370068 16.071644 5.595924 
1.999762 5.655000 28.370068 16.043274 5.595924 
1.999762 5.645000 28.370068 16.014903 5.595924 
1.999762 5.635000 28.370068 15.986533 5.595924 
1.999762 5.625000 28.370068 15.958163 5.595924 
1.999762 5.615000 28.370068 15.929793 5.595924 
1.999762 5.605000 28.370068 15.901423 5.595924 
1.999685 5.595000 28.370068 15.873053 5.502444 
1.999685 5.585000 28.370068 15.844683 5.502444 
1.999685 5.575000 28.370068 15.816313 5.502444 
1.999685 5.565000 28.370068 15.787943 5.502444 
1.999685 5.555000 28.370068 15.759573 5.502444 
1.999685 5.545000 28.370068 15.731203 5.502444 
1.999685 5.535000 28.370068 15.702833 5.502444 
1.999685 5.525000 28.370068 15.674463 5.502444 
1.999685 5.515000 28.370068 15.646093 5.502444 
1.999685 5.505000 28.370068 15.617723 5.502444 
1.999597 5.495000 28.370068 15.589352 5.420462 
1.999597 5.485000 28.370068 15.560982 5.420462 
1.999597 5.475000 28.370068 15.532612 5.420462 
1.999597 5.465000 28.370068 15.504242 5.420462 
1.999597 5.455000 28.370068 15.475872 5.420462 
1.999597 5.445000 28.370068 15.447502 5.420462 
1.999597 5.435000 28.370068 15.419132 5.420462 
1.999597 5.425000 28.370068 15.390762 5.420462 
1.999498 5.415000 28.370068 15.362392 5.347453 
1.999498 5.405000 28.370068 15.334022 5.347453 
1.999498 5.395000 28.370068 15.305652 5.347453 
1.999498 5.385000 28.370068 15.277282 5.347453 
1.999498 5.375000 28.370068 15.248912 5.347453 
1.999498 5.365000 28.370068 15.220542 5.347453 
1.999498 5.355000 28.370068 15.192171 5.347453 
1.999388 5.345000 28.370068 15.163801 5.281644 
1.999388 5.335000 28.370068 15.135431 5.281644 
1.999388 5.325000 28.370068 15.107061 5.281644 
1.999388 5.315000 28.370068 15.078691 5.281644 
1.999388 5.305000 28.370068 15.050321 5.281644 
1.999388 5.295000 28.370068 15.021951 5.281644 
1.999388 5.285000 28.370068 14.993581 5.281644 
1.999267 5.275000 28.370068 14.965211 5.221737 
1.999267 5.265000 28.370068 14.936841 5.221737 
1.999267 5.255000 28.370068 14.908471 5.221737 
1.999267 5.245000 28.370068 14.880101 5.221737 
1.999267 5.235000 28.370068 14.851731 5.221737 
1.999267 5.225000 28.370068 14.823361 5.221737 
1.999136 5.215000 28.370068 14.794991 5.166760 
1.999136 5.205000 28.370068 14.766620 5.166760 
1.999136 5.195000 28.370068 14.738250 5.166760 
1.999136 5.185000 28.370068 14.709880 5.166760 
1.999136 5.175000 28.370068 14.681510 5.166760 
1.998994 5.165000 28.370068 14.653140 5.115959 
1.998994 5.155000 28.370068 14.624770 5.115959 
1.998994 5.145000 28.370068 14.596400 5.115959 
1.998994 5.135000 28.370068 14.568030 5.115959 
1.998994 5.125000 28.370068 14.539660 5.115959 
1.998841 5.115000 28.370068 14.511290 5.068743 
1.998841 5.105000 28.370068 14.482920 5.068743 
1.998841 5.095000 28.370068 14.454550 5.068743 
1.998841 5.085000 28.370068 14.426180 5.068743 
1.998841 5.075000 28.370068 14.397810 5.068743 
1.998677 5.065000 28.370068 14.369440 5.024638 
1.998677 5.055000 28.370068 14.341069 5.024638 
1.998677 5.045000 28.370068 14.312699 5.024638 
1.998677 5.035000 28.370068 14.284329 5.024638 
1.998677 5.025000 28.370068 14.255959 5.024638 
1.998503 5.015000 28.370068 14.227589 4.983257 
1.998503 5.005000 28.370068 14.199219 4.983257 
1.998503 4.995000 28.370068 14.170849 4.983257 
1.998503 4.985000 28.370068 14.142479 4.983257 
1.998317 4.975000 28.370068 14.114109 4.944281 
1.998317 4.965000 28.370068 14.085739 4.944281 
1.998317 4.955000 28.370068 14.057369 4.944281 
1.998317 4.945000 28.370068 14.028999 4.944281 
1.998121 4.935000 28.370068 14.000629 4.907444 
1.998121 4.925000 28.370068 13.972259 4.907444 
1.998121 4.915000 28.370068 13.943888 4.907444 
1.997914 4.905000 28.370068 13.915518 4.872524 
1.997914 4.895000 28.370068 13.887148 4.872524 
1.997914 4.885000 28.370068 13.858778 4.872524 
1.997914 4.875000 28.370068 13.830408 4.872524 
1.997696 4.865000 28.370068 13.802038 4.839327 
1.997696 4.855000 28.370068 13.773668 4.839327 
1.997696 4.845000 28.370068 13.745298 4.839327 
1.997467 4.835000 28.370068 13.716928 4.807692 
1.997467 4.825000 28.370068 13.688558 4.807692 
1.997467 4.815000 28.370068 13.660188 4.807692 
1.997228 4.805000 28.370068 13.631818 4.777477 
1.997228 4.795000 28.370068 13.603448 4.777477 
1.997228 4.785000 28.370068 13.575078 4.777477 
1.996977 4.775000 28.370068 13.546708 4.748557 
1.996977 4.765000 28.370068 13.518337 4.748557 
1.996977 4.755000 28.370068 13.489967 4.748557 
1.996716 4.745000 28.370068 13.461597 4.720826 
1.996716 4.735000 28.370068 13.433227 4.720826 
1.996716 4.725000 28.370068 13.404857 4.720826 
1.996444 4.715000 28.370068 13.376487 4.694189 
1.996444 4.705000 28.370068 13.348117 4.694189 
1.996444 4.695000 28.370068 13.319747 4.694189 
1.996161 4.685000 28.370068 13.291377 4.668561 
1.996161 4.675000 28.370068 13.263007 4.668561 
1.995867 4.665000 28.370068 13.234637 4.643868 
1.995867 4.655000 28.370068 13.206267 4.643868 
1.995867 4.645000 28.370068 13.177897 4.643868 
1.995563 4.635000 28.370068 13.149527 4.620043 
1.995563 4.625000 28.370068 13.121157 4.620043 
1.995247 4.615000 28.370068 13.092786 4.597026 
1.995247 4.605000 28.370068 13.064416 4.597026 
1.994921 4.595000 28.370068 13.036046 4.574763 
1.994921 4.585000 28.370068 13.007676 4.574763 
1.994921 4.575000 28.370068 12.979306 4.574763 
1.994584 4.565000 28.370068 12.950936 4.553205 
1.994584 4.555000 28.370068 12.922566 4.553205 
1.994236 4.545000 28.370068 12.894196 4.532309 
1.994236 4.535000 28.370068 12.865826 4.532309 
1.993877 4.525000 28.370068 12.837456 4.512033 
1.993877 4.515000 28.370068 12.809086 4.512033 
1.993508 4.505000 28.370068 12.780716 4.492342 
1.993508 4.495000 28.370068 12.752346 4.492342 
1.993127 4.485000 28.370068 12.723976 4.473201 
1.993127 4.475000 28.370068 12.695605 4.473201 
1.992736 4.465000 28.370068 12.667235 4.454581 
1.992736 4.455000 28.370068 12.638865 4.454581 
1.992333 4.445000 28.370068 12.610495 4.436452 
1.991920 4.435000 28.370068 12.582125 4.418789 
1.991920 4.425000 28.370068 12.553755 4.418789 
1.991496 4.415000 28.370068 12.525385 4.401567 
1.991496 4.405000 28.370068 12.497015 4.401567 
1.991061 4.395000 28.370068 12.468645 4.384765 
1.991061 4.385000 28.370068 12.440275 4.384765 
1.990616 4.375000 28.370068 12.411905 4.368361 
1.990159 4.365000 28.370068 12.383535 4.352337 
1.990159 4.355000 28.370068 12.355165 4.352337 
1.989692 4.345000 28.370068 12.326795 4.336675 
1.989213 4.335000 28.370068 12.298425 4.321358 
1.989213 4.325000 28.370068 12.270054 4.321358 
1.988724 4.315000 28.370068 12.241684 4.306370 
1.988224 4.305000 28.370068 12.213314 4.291697 
1.988224 4.295000 28.370068 12.184944 4.291697 
1.987713 4.285000 28.370068 12.156574 4.277326 
1.987191 4.275000 28.370068 12.128204 4.263244 
1.987191 4.265000 28.370068 12.099834 4.263244 
1.986658 4.255000 28.370068 12.071464 4.249439 
1.986114 4.245000 28.370068 12.043094 4.235899 
1.985559 4.235000 28.370068 12.014724 4.222614 
1.985559 4.225000 28.370068 11.986354 4.222614 
1.984994 4.215000 28.370068 11.957984 4.209574 
1.984417 4.205000 28.370068 11.929614 4.196770 
1.983830 4.195000 28.370068 11.901244 4.184193 
1.983830 4.185000 28.370068 11.872874 4.184193 
1.983232 4.175000 28.370068 11.844503 4.171833 
1.982622 4.165000 28.370068 11.816133 4.159684 
1.982002 4.155000 28.370068 11.787763 4.147738 
1.981371 4.145000 28.370068 11.759393 4.135988 
1.980729 4.135000 28.370068 11.731023 4.124426 
1.980729 4.125000 28.370068 11.702653 4.124426 
1.980076 4.115000 28.370068 11.674283 4.113047 
1.979412 4.105000 28.370068 11.645913 4.101844 
1.978737 4.095000 28.370068 11.617543 4.090811 
1.978051 4.085000 28.370068 11.589173 4.079943 
1.977354 4.075000 28.370068 11.560803 4.069235 
1.976646 4.065000 28.370068 11.532433 4.058681 
1.975927 4.055000 28.370068 11.504063 4.048277 
1.975197 4.045000 28.370068 11.475693 4.038018 
1.974456 4.035000 28.370068 11.447322 4.027900 
1.973704 4.025000 28.370068 11.418952 4.017918 
1.972941 4.015000 28.370068 11.390582 4.008068 
1.972168 4.005000 28.370068 11.362212 3.998347 
1.971383 3.995000 28.370068 11.333842 3.988750 
1.970587 3.985000 28.370068 11.305472 3.979275 
1.969780 3.975000 28.370068 11.277102 3.969918 
1.968962 3.965000 28.370068 11.248732 3.960675 
1.968133 3.955000 28.370068 11.220362 3.951543 
1.967293 3.945000 28.370068 11.191992 3.942520 
1.966442 3.935000 28.370068 11.163622 3.933602 
1.965580 3.925000 28.370068 11.135252 3.924787 
1.963822 3.915000 28.370068 11.106882 3.907453 
1.962927 3.905000 28.370068 11.078512 3.898930 
1.962020 3.895000 28.370068 11.050142 3.890500 
1.961103 3.885000 28.370068 11.021771 3.882159 
1.960174 3.875000 28.370068 10.993401 3.873906 
1.958284 3.865000 28.370068 10.965031 3.857655 
1.957322 3.855000 28.370068 10.936661 3.849653 
1.956348 3.845000 28.370068 10.908291 3.841730 
1.955364 3.835000 28.370068 10.879921 3.833885 
1.953362 3.825000 28.370068 10.851551 3.818421 
1.952345 3.815000 28.370068 10.823181 3.810799 
1.951316 3.805000 28.370068 10.794811 3.803247 
1.949225 3.795000 28.370068 10.766441 3.788349 
1.948162 3.785000 28.370068 10.738071 3.781000 
1.947089 3.775000 28.370068 10.709701 3.773715 
1.944908 3.765000 28.370068 10.681331 3.759334 
1.943801 3.755000 28.370068 10.652961 3.752234 
1.941553 3.745000 28.370068 10.624591 3.738211 
1.940412 3.735000 28.370068 10.596220 3.731285 
1.939260 3.725000 28.370068 10.567850 3.724415 
1.936922 3.715000 28.370068 10.539480 3.710836 
1.935736 3.705000 28.370068 10.511110 3.704125 
1.933330 3.695000 28.370068 10.482740 3.690855 
1.932110 3.685000 28.370068 10.454370 3.684294 
1.929636 3.675000 28.370068 10.426000 3.671314 
1.928383 3.665000 28.370068 10.397630 3.664894 
1.925841 3.655000 28.370068 10.369260 3.652189 
1.923254 3.645000 28.370068 10.340890 3.639656 
1.921943 3.635000 28.370068 10.312520 3.633453 
1.919287 3.625000 28.370068 10.284150 3.621169 
1.916586 3.615000 28.370068 10.255780 3.609042 
1.915218 3.605000 28.370068 10.227410 3.603036 
1.912448 3.595000 28.370068 10.199039 3.591134 
1.909633 3.585000 28.370068 10.170669 3.579376 
1.908208 3.575000 28.370068 10.142299 3.573548 
1.905323 3.565000 28.370068 10.113929 3.561995 
1.902392 3.555000 28.370068 10.085559 3.550572 
1.900909 3.545000 28.370068 10.057189 3.544908 
1.897909 3.535000 28.370068 10.028819 3.533672 
1.894862 3.525000 28.370068 10.000449 3.522555 
1.891769 3.515000 28.370068 9.972079 3.511553 
1.888630 3.505000 28.370068 9.943709 3.500662 
1.885443 3.495000 28.370068 9.915339 3.489877 
1.883833 3.485000 28.370068 9.886969 3.484524 
1.880576 3.475000 28.370068 9.858599 3.473892 
1.877273 3.465000 28.370068 9.830229 3.463359 
1.873923 3.455000 28.370068 9.801859 3.452920 
1.870525 3.445000 28.370068 9.773488 3.442572 
1.867080 3.435000 28.370068 9.745118 3.432311 
1.863588 3.425000 28.370068 9.716748 3.422136 
1.860049 3.415000 28.370068 9.688378 3.412042 
1.856462 3.405000 28.370068 9.660008 3.402028 
1.852827 3.395000 28.370068 9.631638 3.392089 
1.849144 3.385000 28.370068 9.603268 3.382224 
1.845413 3.375000 28.370068 9.574898 3.372430 
1.841634 3.365000 28.370068 9.546528 3.362705 
1.837807 3.355000 28.370068 9.518158 3.353045 
1.833932 3.345000 28.370068 9.489788 3.343450 
1.830008 3.335000 28.370068 9.461418 3.333915 
1.826036 3.325000 28.370068 9.433048 3.324440 
1.819985 3.315000 28.370068 9.404678 3.310334 
1.815891 3.305000 28.370068 9.376308 3.300997 
1.811747 3.295000 28.370068 9.347937 3.291713 
1.807554 3.285000 28.370068 9.319567 3.282478 
1.803311 3.275000 28.370068 9.291197 3.273291 
1.799019 3.265000 28.370068 9.262827 3.264151 
1.792488 3.255000 28.370068 9.234457 3.250523 
1.788071 3.245000 28.370068 9.206087 3.241490 
1.783604 3.235000 28.370068 9.177717 3.232497 
1.779087 3.225000 28.370068 9.149347 3.223542 
1.774520 3.215000 28.370068 9.120977 3.214624 
1.767573 3.205000 28.370068 9.092607 3.201312 
1.762879 3.195000 28.370068 9.064237 3.192479 
1.758134 3.185000 28.370068 9.035867 3.183677 
1.753337 3.175000 28.370068 9.007497 3.174905 
1.746045 3.165000 28.370068 8.979127 3.161799 
1.741120 3.155000 28.370068 8.950756 3.153094 
1.736142 3.145000 28.370068 8.922386 3.144414 
1.728578 3.135000 28.370068 8.894016 3.131438 
1.723470 3.125000 28.370068 8.865646 3.122814 
1.718309 3.115000 28.370068 8.837276 3.114210 
1.710469 3.105000 28.370068 8.808906 3.101338 
1.705176 3.095000 28.370068 8.780536 3.092778 
1.699829 3.085000 28.370068 8.752166 3.084233 
1.691709 3.075000 28.370068 8.723796 3.071442 
1.686229 3.065000 28.370068 8.695426 3.062930 
1.680694 3.055000 28.370068 8.667056 3.054430 
1.672290 3.045000 28.370068 8.638686 3.041696 
1.666619 3.035000 28.370068 8.610316 3.033218 
1.660893 3.025000 28.370068 8.581946 3.024746 
1.652200 3.015000 28.370068 8.553576 3.012049 
1.646336 3.005000 28.370068 8.525205 3.003589 
1.637435 2.995000 28.370068 8.496835 2.990904 
1.631431 2.985000 28.370068 8.468465 2.982449 
1.625370 2.975000 28.370068 8.440095 2.973994 
1.616172 2.965000 28.370068 8.411725 2.961307 
1.609969 2.955000 28.370068 8.383355 2.952846 
1.603709 2.945000 28.370068 8.354985 2.944381 
1.594210 2.935000 28.370068 8.326615 2.931673 
1.587804 2.925000 28.370068 8.298245 2.923192 
1.581340 2.915000 28.370068 8.269875 2.914702 
1.571534 2.905000 28.370068 8.241505 2.901950 
1.564923 2.895000 28.370068 8.213135 2.893435 
1.558252 2.885000 28.370068 8.184765 2.884908 
1.548134 2.875000 28.370068 8.156395 2.872091 
1.541313 2.865000 28.370068 8.128025 2.863527 
1.534431 2.855000 28.370068 8.099654 2.854947 
1.523994 2.845000 28.370068 8.071284 2.842044 
1.516959 2.835000 28.370068 8.042914 2.833417 
1.509861 2.825000 28.370068 8.014544 2.824770 
1.499099 2.815000 28.370068 7.986174 2.811757 
1.491845 2.805000 28.370068 7.957804 2.803052 
1.484528 2.795000 28.370068 7.929434 2.794323 
1.473434 2.785000 28.370068 7.901064 2.781178 
1.465957 2.775000 28.370068 7.872694 2.772379 
1.458415 2.765000 28.370068 7.844324 2.763551 
1.450809 2.755000 28.370068 7.815954 2.754692 
1.439276 2.745000 28.370068 7.787584 2.741341 
1.431505 2.735000 28.370068 7.759214 2.732398 
1.423667 2.725000 28.370068 7.730844 2.723419 
1.415762 2.715000 28.370068 7.702473 2.714402 
1.403777 2.705000 28.370068 7.674103 2.700804 
1.395702 2.695000 28.370068 7.645733 2.691687 
1.387559 2.685000 28.370068 7.617363 2.682527 
1.379346 2.675000 28.370068 7.588993 2.673323 
1.371063 2.665000 28.370068 7.560623 2.664073 
1.362710 2.655000 28.370068 7.532253 2.654776 
1.350047 2.645000 28.370068 7.503883 2.640737 
1.341515 2.635000 28.370068 7.475513 2.631312 
1.332911 2.625000 28.370068 7.447143 2.621835 
1.324235 2.615000 28.370068 7.418773 2.612301 
1.315485 2.605000 28.370068 7.390403 2.602711 
1.306661 2.595000 28.370068 7.362033 2.593060 
1.297762 2.585000 28.370068 7.333663 2.583349 
1.288788 2.575000 28.370068 7.305293 2.573574 
1.279738 2.565000 28.370068 7.276922 2.563734 
1.270612 2.555000 28.370068 7.248552 2.553826 
1.261408 2.545000 28.370068 7.220182 2.543849 
1.252126 2.535000 28.370068 7.191812 2.533799 
1.242765 2.525000 28.370068 7.163442 2.523675 
1.233325 2.515000 28.370068 7.135072 2.513475 
1.223805 2.505000 28.370068 7.106702 2.503194 
1.214204 2.495000 28.370068 7.078332 2.492833 
1.204522 2.485000 28.370068 7.049962 2.482386 
1.194757 2.475000 28.370068 7.021592 2.471853 
1.184908 2.465000 28.370068 6.993222 2.461229 
1.174976 2.455000 28.370068 6.964852 2.450513 
1.164958 2.445000 28.370068 6.936482 2.439700 
1.159918 2.435000 28.370068 6.908112 2.434257 
1.149771 2.425000 28.370068 6.879742 2.423294 
1.139537 2.415000 28.370068 6.851371 2.412228 
1.129215 2.405000 28.370068 6.823001 2.401054 
1.118804 2.395000 28.370068 6.794631 2.389769 
1.113565 2.385000 28.370068 6.766261 2.384084 
1.103018 2.375000 28.370068 6.737891 2.372625 
1.092380 2.365000 28.370068 6.709521 2.361046 
1.081649 2.355000 28.370068 6.681151 2.349343 
1.076248 2.345000 28.370068 6.652781 2.343443 
1.065376 2.335000 28.370068 6.624411 2.331544 
1.054408 2.325000 28.370068 6.596041 2.319510 
1.048888 2.315000 28.370068 6.567671 2.313441 
1.037775 2.305000 28.370068 6.539301 2.301194 
1.026564 2.295000 28.370068 6.510931 2.288800 
1.020921 2.285000 28.370068 6.482561 2.282546 
1.009559 2.275000 28.370068 6.454190 2.269920 
1.003840 2.265000 28.370068 6.425820 2.263547 
0.992326 2.255000 28.370068 6.397450 2.250676 
0.986530 2.245000 28.370068 6.369080 2.244178 
0.974859 2.235000 28.370068 6.340710 2.231049 
0.968984 2.225000 28.370068 6.312340 2.224418 
0.957154 2.215000 28.370068 6.283970 2.211018 
0.951199 2.205000 28.370068 6.255600 2.204246 
0.939206 2.195000 28.370068 6.227230 2.190557 
0.933168 2.185000 28.370068 6.198860 2.183638 
0.921009 2.175000 28.370068 6.170490 2.169643 
0.914887 2.165000 28.370068 6.142120 2.162566 
0.902558 2.155000 28.370068 6.113750 2.148248 
0.896350 2.145000 28.370068 6.085380 2.141005 
0.890113 2.135000 28.370068 6.057010 2.133703 
0.877550 2.125000 28.370068 6.028639 2.118922 
0.871225 2.115000 28.370068 6.000269 2.111440 
0.864869 2.105000 28.370068 5.971899 2.103895 
0.852066 2.095000 28.370068 5.943529 2.088612 
0.845618 2.085000 28.370068 5.915159 2.080870 
0.839140 2.075000 28.370068 5.886789 2.073061 
0.826088 2.065000 28.370068 5.858419 2.057230 
0.819515 2.055000 28.370068 5.830049 2.049206 
0.812909 2.045000 28.370068 5.801679 2.041107 
0.806271 2.035000 28.370068 5.773309 2.032932 
0.799601 2.025000 28.370068 5.744939 2.024679 
0.786160 2.015000 28.370068 5.716569 2.007932 
0.779389 2.005000 28.370068 5.688199 1.999433 
0.772584 1.995000 28.370068 5.659829 1.990849 
0.765745 1.985000 28.370068 5.631459 1.982177 
0.758871 1.975000 28.370068 5.603088 1.973415 
0.751962 1.965000 28.370068 5.574718 1.964561 
0.738039 1.955000 28.370068 5.546348 1.946568 
0.731023 1.945000 28.370068 5.517978 1.937423 
0.723971 1.935000 28.370068 5.489608 1.928177 
0.716882 1.925000 28.370068 5.461238 1.918826 
0.709756 1.915000 28.370068 5.432868 1.909369 
0.702592 1.905000 28.370068 5.404498 1.899800 
0.695391 1.895000 28.370068 5.376128 1.890119 
0.688151 1.885000 28.370068 5.347758 1.880322 
0.680873 1.875000 28.370068 5.319388 1.870406 
0.673555 1.865000 28.370068 5.291018 1.860366 
0.666197 1.855000 28.370068 5.262648 1.850201 
0.658800 1.845000 28.370068 5.234278 1.839906 
0.651362 1.835000 28.370068 5.205908 1.829477 
0.643883 1.825000 28.370068 5.177537 1.818910 
0.636362 1.815000 28.370068 5.149167 1.808202 
0.628800 1.805000 28.370068 5.120797 1.797348 
0.621195 1.795000 28.370068 5.092427 1.786344 
0.613546 1.785000 28.370068 5.064057 1.775184 
0.605855 1.775000 28.370068 5.035687 1.763864 
0.605855 1.765000 28.370068 5.007317 1.763864 
0.598119 1.755000 28.370068 4.978947 1.752379 
0.590338 1.745000 28.370068 4.950577 1.740724 
0.582513 1.735000 28.370068 4.922207 1.728892 
0.574641 1.725000 28.370068 4.893837 1.716878 
0.566723 1.715000 28.370068 4.865467 1.704675 
0.566723 1.705000 28.370068 4.837097 1.704675 
0.558757 1.695000 28.370068 4.808727 1.692278 
0.550744 1.685000 28.370068 4.780356 1.679678 
0.542683 1.675000 28.370068 4.751986 1.666869 
0.534572 1.665000 28.370068 4.723616 1.653844 
0.534572 1.655000 28.370068 4.695246 1.653844 
0.526412 1.645000 28.370068 4.666876 1.640593 
0.518200 1.635000 28.370068 4.638506 1.627109 
0.509938 1.625000 28.370068 4.610136 1.613383 
0.509938 1.615000 28.370068 4.581766 1.613383 
0.501623 1.605000 28.370068 4.553396 1.599404 
0.493256 1.595000 28.370068 4.525026 1.585164 
0.484835 1.585000 28.370068 4.496656 1.570650 
0.484835 1.575000 28.370068 4.468286 1.570650 
0.476359 1.565000 28.370068 4.439916 1.555852 
0.467828 1.555000 28.370068 4.411546 1.540758 
0.467828 1.545000 28.370068 4.383176 1.540758 
0.459240 1.535000 28.370068 4.354805 1.525355 
0.450595 1.525000 28.370068 4.326435 1.509629 
0.450595 1.515000 28.370068 4.298065 1.509629 
0.441892 1.505000 28.370068 4.269695 1.493565 
0.441892 1.495000 28.370068 4.241325 1.493565 
0.433129 1.485000 28.370068 4.212955 1.477148 
0.424306 1.475000 28.370068 4.184585 1.460361 
0.424306 1.465000 28.370068 4.156215 1.460361 
0.415421 1.455000 28.370068 4.127845 1.443186 
0.415421 1.445000 28.370068 4.099475 1.443186 
0.406474 1.435000 28.370068 4.071105 1.425603 
0.397463 1.425000 28.370068 4.042735 1.407593 
0.397463 1.415000 28.370068 4.014365 1.407593 
0.388387 1.405000 28.370068 3.985995 1.389133 
0.388387 1.395000 28.370068 3.957625 1.389133 
0.379245 1.385000 28.370068 3.929254 1.370198 
0.379245 1.375000 28.370068 3.900884 1.370198 
0.370035 1.365000 28.370068 3.872514 1.350762 
0.370035 1.355000 28.370068 3.844144 1.350762 
0.360756 1.345000 28.370068 3.815774 1.330798 
0.360756 1.335000 28.370068 3.787404 1.330798 
0.351407 1.325000 28.370068 3.759034 1.310275 
0.351407 1.315000 28.370068 3.730664 1.310275 
0.341986 1.305000 28.370068 3.702294 1.289159 
0.341986 1.295000 28.370068 3.673924 1.289159 
0.332491 1.285000 28.370068 3.645554 1.267414 
0.332491 1.275000 28.370068 3.617184 1.267414 
0.322922 1.265000 28.370068 3.588814 1.245000 
0.322922 1.255000 28.370068 3.560444 1.245000 
0.313275 1.245000 28.370068 3.532073 1.221874 
0.313275 1.235000 28.370068 3.503703 1.221874 
0.313275 1.225000 28.370068 3.475333 1.221874 
0.303550 1.215000 28.370068 3.446963 1.197987 
0.303550 1.205000 28.370068 3.418593 1.197987 
0.293745 1.195000 28.370068 3.390223 1.173287 
0.293745 1.185000 28.370068 3.361853 1.173287 
0.293745 1.175000 28.370068 3.333483 1.173287 
0.283857 1.165000 28.370068 3.305113 1.147715 
0.283857 1.155000 28.370068 3.276743 1.147715 
0.273885 1.145000 28.370068 3.248373 1.121207 
0.273885 1.135000 28.370068 3.220003 1.121207 
0.273885 1.125000 28.370068 3.191633 1.121207 
0.263826 1.115000 28.370068 3.163263 1.093690 
0.263826 1.105000 28.370068 3.134893 1.093690 
0.263826 1.095000 28.370068 3.106522 1.093690 
0.253678 1.085000 28.370068 3.078152 1.065085 
0.253678 1.075000 28.370068 3.049782 1.065085 
0.243438 1.065000 28.370068 3.021412 1.035299 
0.243438 1.055000 28.370068 2.993042 1.035299 
0.243438 1.045000 28.370068 2.964672 1.035299 
0.233105 1.035000 28.370068 2.936302 1.004233 
0.233105 1.025000 28.370068 2.907932 1.004233 
0.233105 1.015000 28.370068 2.879562 1.004233 
0.233105 1.005000 28.370068 2.851192 1.004233 
0.222676 0.995000 28.370068 2.822822 0.971772 
0.222676 0.985000 28.370068 2.794452 0.971772 
0.222676 0.975000 28.370068 2.766082 0.971772 
0.212147 0.965000 28.370068 2.737712 0.937785 
0.212147 0.955000 28.370068 2.709342 0.937785 
0.212147 0.945000 28.370068 2.680971 0.937785 
0.201516 0.935000 28.370068 2.652601 0.902125 
0.201516 0.925000 28.370068 2.624231 0.902125 
0.201516 0.915000 28.370068 2.595861 0.902125 
0.201516 0.905000 28.370068 2.567491 0.902125 
0.190779 0.895000 28.370068 2.539121 0.864622 
0.190779 0.885000 28.370068 2.510751 0.864622 
0.190779 0.875000 28.370068 2.482381 0.864622 
0.190779 0.865000 28.370068 2.454011 0.864622 
0.179933 0.855000 28.370068 2.425641 0.825083 
0.179933 0.845000 28.370068 2.397271 0.825083 
0.179933 0.835000 28.370068 2.368901 0.825083 
0.168975 0.825000 28.370068 2.340531 0.783285 
0.168975 0.815000 28.370068 2.312161 0.783285 
0.168975 0.805000 28.370068 2.283790 0.783285 
0.168975 0.795000 28.370068 2.255420 0.783285 
0.168975 0.785000 28.370068 2.227050 0.783285 
0.157900 0.775000 28.370068 2.198680 0.738969 
0.157900 0.765000 28.370068 2.170310 0.738969 
0.157900 0.755000 28.370068 2.141940 0.738969 
0.157900 0.745000 28.370068 2.113570 0.738969 
0.146705 0.735000 28.370068 2.085200 0.691839 
0.146705 0.725000 28.370068 2.056830 0.691839 
0.146705 0.715000 28.370068 2.028460 0.691839 
0.146705 0.705000 28.370068 2.000090 0.691839 
0.146705 0.695000 28.370068 1.971720 0.691839 
0.135385 0.685000 28.370068 1.943350 0.641552 
0.135385 0.675000 28.370068 1.914980 0.641552 
0.135385 0.665000 28.370068 1.886610 0.641552 
0.135385 0.655000 28.370068 1.858239 0.641552 
0.135385 0.645000 28.370068 1.829869 0.641552 
0.123935 0.635000 28.370068 1.801499 0.587717 
0.123935 0.625000 28.370068 1.773129 0.587717 
0.123935 0.615000 28.370068 1.744759 0.587717 
0.123935 0.605000 28.370068 1.716389 0.587717 
0.123935 0.595000 28.370068 1.688019 0.587717 
0.112350 0.585000 28.370068 1.659649 0.529895 
0.112350 0.575000 28.370068 1.631279 0.529895 
0.112350 0.565000 28.370068 1.602909 0.529895 
0.112350 0.555000 28.370068 1.574539 0.529895 
0.112350 0.545000 28.370068 1.546169 0.529895 
0.112350 0.535000 28.370068 1.517799 0.529895 
0.100626 0.525000 28.370068 1.489429 0.467611 
0.100626 0.515000 28.370068 1.461059 0.467611 
0.100626 0.505000 28.370068 1.432688 0.467611 
0.100626 0.495000 28.370068 1.404318 0.467611 
0.100626 0.485000 28.370068 1.375948 0.467611 
0.100626 0.475000 28.370068 1.347578 0.467611 
0.088755 0.465000 28.370068 1.319208 0.400395 
0.088755 0.455000 28.370068 1.290838 0.400395 
0.088755 0.445000 28.370068 1.262468 0.400395 
0.088755 0.435000 28.370068 1.234098 0.400395 
0.088755 0.425000 28.370068 1.205728 0.400395 
0.088755 0.415000 28.370068 1.177358 0.400395 
0.088755 0.405000 28.370068 1.148988 0.400395 
0.076731 0.395000 28.370068 1.120618 0.327882 
0.076731 0.385000 28.370068 1.092248 0.327882 
0.076731 0.375000 28.370068 1.063878 0.327882 
0.076731 0.365000 28.370068 1.035507 0.327882 
0.076731 0.355000 28.370068 1.007137 0.327882 
0.076731 0.345000 28.370068 0.978767 0.327882 
0.076731 0.335000 28.370068 0.950397 0.327882 
0.064548 0.325000 28.370068 0.922027 0.250044 
0.064548 0.315000 28.370068 0.893657 0.250044 
0.064548 0.305000 28.370068 0.865287 0.250044 
0.064548 0.295000 28.370068 0.836917 0.250044 
0.064548 0.285000 28.370068 0.808547 0.250044 
0.064548 0.275000 28.370068 0.780177 0.250044 
0.064548 0.265000 28.370068 0.751807 0.250044 
0.064548 0.255000 28.370068 0.723437 0.250044 
0.052198 0.245000 28.370068 0.695067 0.167696 
0.052198 0.235000 28.370068 0.666697 0.167696 
0.052198 0.225000 28.370068 0.638327 0.167696 
0.052198 0.215000 28.370068 0.609956 0.167696 
0.052198 0.205000 28.370068 0.581586 0.167696 
0.052198 0.195000 28.370068 0.553216 0.167696 
0.052198 0.185000 28.370068 0.524846 0.167696 
0.052198 0.175000 28.370068 0.496476 0.167696 
0.039672 0.165000 28.370068 0.468106 0.083505 
0.039672 0.155000 28.370068 0.439736 0.083505 
0.039672 0.145000 28.370068 0.411366 0.083505 
0.039672 0.135000 28.370068 0.382996 0.083505 
0.039672 0.125000 28.370068 0.354626 0.083505 
0.039672 0.115000 28.370068 0.326256 0.083505 
0.039672 0.105000 28.370068 0.297886 0.083505 
0.039672 0.095000 28.370068 0.269516 0.083505 
0.039672 0.085000 28.370068 0.241146 0.083505 
0.026963 0.075000 28.370068 0.212776 0.003693 
0.026963 0.065000 28.370068 0.184405 0.003693 
0.026963 0.055000 28.370068 0.156035 0.003693 
0.026963 0.045000 28.370068 0.127665 0.003693 
0.026963 0.035000 28.370068 0.099295 0.003693 
0.026963 0.025000 28.370068 0.070925 0.003693 
0.026963 0.015000 28.370068 0.042555 0.003693 
